 HO2*        
 gmol/L
#TANK TIME(SEC) TIME(MIN) CONC
  1      0.      .0     .000E+00
  1     10.      .2     .132E-05
  1     20.      .3     .131E-05
  1     30.      .5     .131E-05
  1     40.      .7     .130E-05
  1     50.      .8     .129E-05
  1     60.     1.0     .128E-05
  1     70.     1.2     .127E-05
  1     80.     1.3     .127E-05
  1     90.     1.5     .126E-05
  1    100.     1.7     .125E-05
  1    110.     1.8     .124E-05
  1    120.     2.0     .123E-05
  1    130.     2.2     .123E-05
  1    140.     2.3     .122E-05
  1    150.     2.5     .121E-05
  1    160.     2.7     .120E-05
  1    170.     2.8     .119E-05
  1    180.     3.0     .119E-05
  1    190.     3.2     .118E-05
  1    200.     3.3     .117E-05
  1    210.     3.5     .116E-05
  1    220.     3.7     .116E-05
  1    230.     3.8     .115E-05
  1    240.     4.0     .114E-05
  1    250.     4.2     .113E-05
  1    260.     4.3     .113E-05
  1    270.     4.5     .112E-05
  1    280.     4.7     .111E-05
  1    290.     4.8     .110E-05
  1    300.     5.0     .109E-05
  1    310.     5.2     .109E-05
  1    320.     5.3     .108E-05
  1    330.     5.5     .107E-05
  1    340.     5.7     .107E-05
  1    350.     5.8     .106E-05
  1    360.     6.0     .105E-05
  1    370.     6.2     .104E-05
  1    380.     6.3     .104E-05
  1    390.     6.5     .103E-05
  1    400.     6.7     .102E-05
  1    410.     6.8     .102E-05
  1    420.     7.0     .101E-05
  1    430.     7.2     .100E-05
  1    440.     7.3     .995E-06
  1    450.     7.5     .987E-06
  1    460.     7.7     .981E-06
  1    470.     7.8     .974E-06
  1    480.     8.0     .967E-06
  1    490.     8.2     .960E-06
  1    500.     8.3     .953E-06
  1    510.     8.5     .946E-06
  1    520.     8.7     .939E-06
  1    530.     8.8     .933E-06
  1    540.     9.0     .926E-06
  1    550.     9.2     .920E-06
  1    560.     9.3     .913E-06
  1    570.     9.5     .906E-06
  1    580.     9.7     .900E-06
  1    590.     9.8     .893E-06
  1    600.    10.0     .887E-06
  1    610.    10.2     .880E-06
  1    620.    10.3     .874E-06
  1    630.    10.5     .868E-06
  1    640.    10.7     .861E-06
  1    650.    10.8     .855E-06
  1    660.    11.0     .849E-06
  1    670.    11.2     .842E-06
  1    680.    11.3     .836E-06
  1    690.    11.5     .830E-06
  1    700.    11.7     .824E-06
  1    710.    11.8     .818E-06
  1    720.    12.0     .812E-06
  1    730.    12.2     .806E-06
  1    740.    12.3     .800E-06
  1    750.    12.5     .794E-06
  1    760.    12.7     .788E-06
  1    770.    12.8     .782E-06
  1    780.    13.0     .776E-06
  1    790.    13.2     .770E-06
  1    800.    13.3     .764E-06
  1    810.    13.5     .759E-06
  1    820.    13.7     .753E-06
  1    830.    13.8     .747E-06
  1    840.    14.0     .741E-06
  1    850.    14.2     .736E-06
  1    860.    14.3     .730E-06
  1    870.    14.5     .725E-06
  1    880.    14.7     .719E-06
  1    890.    14.8     .714E-06
  1    900.    15.0     .708E-06
  1    910.    15.2     .703E-06
  1    920.    15.3     .697E-06
  1    930.    15.5     .692E-06
  1    940.    15.7     .687E-06
  1    950.    15.8     .681E-06
  1    960.    16.0     .676E-06
  1    970.    16.2     .671E-06
  1    980.    16.3     .666E-06
  1    990.    16.5     .660E-06
  1   1000.    16.7     .655E-06
  1   1010.    16.8     .650E-06
  1   1020.    17.0     .645E-06
  1   1030.    17.2     .640E-06
  1   1040.    17.3     .635E-06
  1   1050.    17.5     .630E-06
  1   1060.    17.7     .625E-06
  1   1070.    17.8     .620E-06
  1   1080.    18.0     .615E-06
  1   1090.    18.2     .611E-06
  1   1100.    18.3     .606E-06
  1   1110.    18.5     .601E-06
  1   1120.    18.7     .596E-06
  1   1130.    18.8     .592E-06
  1   1140.    19.0     .587E-06
  1   1150.    19.2     .582E-06
  1   1160.    19.3     .578E-06
  1   1170.    19.5     .573E-06
  1   1180.    19.7     .569E-06
  1   1190.    19.8     .564E-06
  1   1200.    20.0     .559E-06
  1   1210.    20.2     .555E-06
  1   1220.    20.3     .551E-06
  1   1230.    20.5     .546E-06
  1   1240.    20.7     .542E-06
  1   1250.    20.8     .537E-06
  1   1260.    21.0     .533E-06
  1   1270.    21.2     .529E-06
  1   1280.    21.3     .525E-06
  1   1290.    21.5     .520E-06
  1   1300.    21.7     .516E-06
  1   1310.    21.8     .512E-06
  1   1320.    22.0     .508E-06
  1   1330.    22.2     .504E-06
  1   1340.    22.3     .500E-06
  1   1350.    22.5     .496E-06
  1   1360.    22.7     .492E-06
  1   1370.    22.8     .488E-06
  1   1380.    23.0     .484E-06
  1   1390.    23.2     .480E-06
  1   1400.    23.3     .476E-06
  1   1410.    23.5     .472E-06
  1   1420.    23.7     .469E-06
  1   1430.    23.8     .465E-06
  1   1440.    24.0     .461E-06
  1   1450.    24.2     .457E-06
  1   1460.    24.3     .454E-06
  1   1470.    24.5     .450E-06
  1   1480.    24.7     .446E-06
  1   1490.    24.8     .443E-06
  1   1500.    25.0     .439E-06
  1   1510.    25.2     .436E-06
 END_OF_TANK
 END_OF_FILE
