
 Mean Residence Time (Tbar) :           .217733E+02


 Experimental E(theta) results : 

        THETA               E(theta)
     .000000E+00         .000000E+00
     .114819E+00         .000000E+00
     .183711E+00         .146869E+00
     .229639E+00         .183586E+00
     .344458E+00         .783301E+00
     .459278E+00         .844497E+00
     .505205E+00         .856736E+00
     .551133E+00         .844497E+00
     .688916E+00         .807779E+00
     .918555E+00         .709867E+00
     .114819E+01         .550759E+00
     .137783E+01         .379412E+00
     .160747E+01         .257021E+00
     .183711E+01         .183586E+00
     .206675E+01         .122391E+00
     .229639E+01         .734345E-01
     .275567E+01         .367172E-01
     .321494E+01         .122391E-01
     .367422E+01         .000000E+00


 Predictions of E(theta) for nTIS model:

        THETA               E(theta)
     .000000E+00         .000000E+00
     .114819E+00         .126115E+00
     .183711E+00         .262573E+00
     .229639E+00         .357463E+00
     .344458E+00         .569925E+00
     .459278E+00         .717958E+00
     .505205E+00         .756913E+00
     .551133E+00         .784846E+00
     .688916E+00         .811127E+00
     .918555E+00         .724059E+00
     .114819E+01         .568069E+00
     .137783E+01         .410744E+00
     .160747E+01         .280719E+00
     .183711E+01         .184104E+00
     .206675E+01         .116997E+00
     .229639E+01         .725268E-01
     .275567E+01         .263315E-01
     .321494E+01         .903617E-02
     .367422E+01         .297566E-02
  
  
           3 tanks should be used to simulate this system.
