
 Variance :                                       .334164E+00
 Initial Concentration   :                        .817055E+02
 Mean Residence Time (Tbar) :                     .217733E+02
 Optimum Peclet number for closed system :        .408099E+01
 Optimum Peclet number for open system :          .951556E+01


 Optimum E(theta) results : 

    THETA             E(theta)            E(theta)            E(theta)
                   (experimental)      (closed model)      (open model)
 .100000E-09        .000000E+00        -.372634E-13         .000000E+00
 .114819E+00        .000000E+00         .517048E-02         .228722E-06
 .183711E+00        .146869E+00         .955539E-01         .363333E-03
 .229639E+00        .183586E+00         .231165E+00         .388279E-02
 .344458E+00        .783301E+00         .629345E+00         .762311E-01
 .459278E+00        .844497E+00         .878979E+00         .282402E+00
 .505205E+00        .856736E+00         .926315E+00         .386563E+00
 .551133E+00        .844497E+00         .949308E+00         .491238E+00
 .688916E+00        .807779E+00         .917643E+00         .750590E+00
 .918555E+00        .709867E+00         .722317E+00         .892481E+00
 .114819E+01        .550759E+00         .516946E+00         .775968E+00
 .137783E+01        .379412E+00         .356088E+00         .579389E+00
 .160747E+01        .257021E+00         .241238E+00         .397527E+00
 .183711E+01        .183586E+00         .162208E+00         .259096E+00
 .206675E+01        .122391E+00         .108693E+00         .163351E+00
 .229639E+01        .734345E-01         .727172E-01         .100689E+00
 .275567E+01        .367172E-01         .324874E-01         .366334E-01
 .321494E+01        .122391E-01         .145035E-01         .128666E-01
 .367422E+01        .000000E+00         .647377E-02         .442732E-02

 Closed System Peclet Number Optimization

    Pe #              OBJ.FCN
 .402490E+02        .920175E+00
 .203740E+02        .744391E+00
 .104365E+02        .541961E+00
 .546775E+01        .265794E+00
 .298337E+01        .349327E+00
 .422556E+01        .144059E+00
 .360447E+01        .182837E+00
 .391502E+01        .145264E+00
 .407029E+01        .140505E+00
 .414793E+01        .141364E+00
 .410911E+01        .140687E+00
 .408970E+01        .140532E+00
 .407999E+01        .140502E+00
 .408099E+01        .140504E+00


 Open System Peclet Number Optimization Results

    Pe #              OBJ.FCN
 .402490E+02        .921077E+00
 .203740E+02        .737240E+00
 .104365E+02        .531091E+00
 .546775E+01        .899130E+00
 .795212E+01        .562213E+00
 .919431E+01        .524264E+00
 .981541E+01        .524021E+00
 .950486E+01        .523016E+00
 .966013E+01        .523266E+00
 .958250E+01        .523074E+00
 .954368E+01        .523028E+00
 .952427E+01        .523018E+00
 .951456E+01        .523016E+00
 .951556E+01        .523016E+00
