    0.000,   74.540, -114.800, -115.700,  644.600,
  329.600,  310.700, 1300.000, 2255.000,  472.600,
  158.100,  383.000,  139.400,  972.400,  662.100,
   42.140, -243.900,    7.500,   -5.550,  924.800,
  696.800,  902.200,  556.700,  575.700,  527.500,
  269.200, -300.000,  -63.600,  928.300,  331.000,
  561.400,  956.500,
  292.300,    0.000,  340.700, 4102.000,  724.400,
 1731.000, 1731.000,  896.000, 99999.000,  343.700,
 -214.700, 99999.000, 1647.000, -577.500,  289.300,
   99.610,  337.100, 4583.000, 5831.000, 99999.000,
  405.900, 99999.000,  425.700, 99999.000, 99999.000,
 99999.000, 99999.000, 99999.000,  500.700,  115.400,
  784.400,  265.400,
  156.500,  -94.780,    0.000,  167.000,  703.900,
  511.500,  577.300,  859.400, 1649.000,  593.700,
  362.300,   31.140,  461.800,    6.000,   32.140,
  -18.810, 99999.000, -231.900, 3000.000, -878.100,
   29.130,    1.640,   -1.770,  -11.190,  358.900,
  363.500, -578.200, 99999.000,  364.200,  -58.100,
   21.970,   84.160, 
  104.400, -269.700, -146.800,    0.000, 4000.000,
  136.600,  906.800, 5695.000,  292.600,  916.700,
 1218.000,  715.600,  339.100, 5688.000,  213.100,
 -114.100, 99999.000,  -12.140, -141.300, -107.300,
 1208.000,  689.600, 3629.000, -175.600,  337.700,
 1023.000, -390.700, 99999.000, 99999.000, 99999.000,
  238.000,  132.200, 
  328.200,  470.700,   -9.210,    1.270,    0.000,
  937.300,  991.300,   28.730, -195.500,   67.070,
 1409.000, -140.300, -104.000,  195.600,  262.500,
   62.050,  272.200,  -61.570,  -41.750, -597.100,
 -189.300, -348.200,  -30.700, -159.000,  536.600,
   53.370,  183.300,  -44.440, 99999.000, 99999.000,
 99999.000, 99999.000, 
 -136.700, -135.700, -223.000, -162.600, -281.100,
    0.000,    0.000,  -61.290, -153.200,  -47.410,
 -344.100,  299.300,  244.400,   19.570, 1970.000,
 -166.400,  128.600, 1544.000,  224.600, 99999.000,
 99999.000, 99999.000,  150.800, 99999.000, 99999.000,
 99999.000, 99999.000, 99999.000, 99999.000, 99999.000,
 99999.000, 99999.000, 
 -131.900, -135.700, -252.000, -273.600, -268.800,
    0.000,    0.000,    5.890, -153.200,  353.800,
 -338.600, -241.800,  -57.980,  487.100, 1970.000,
 -166.400,  507.800, 1544.000, -207.000, 99999.000,
 99999.000, 99999.000,  150.800, 99999.000, 99999.000,
 99999.000, 99999.000, 99999.000, 99999.000, 99999.000,
 99999.000, 99999.000, 
  342.400,  220.600,  372.800,  203.700, -122.400,
  247.000,  104.900,    0.000,  344.500, -171.800,
 -349.900,   66.950, -465.700,   -6.320,   64.420,
  315.900,  370.700,  356.800,  502.900,  -97.270,
  198.300, -109.800, 1539.000,   32.920, -269.200,
 99999.000, -873.600, 1429.000, -364.200, -117.400,
   18.410, 99999.000, 
 -159.800, 99999.000, -473.200, -470.400,  -63.150,
 -547.200, -547.200, -595.900,    0.000, -825.700,
 99999.000, 99999.000, 99999.000, -898.300, 99999.000,
 99999.000, 99999.000, 99999.000, 4894.000, 99999.000,
 99999.000, -851.600, 99999.000,  -16.130, -538.600,
 99999.000, -637.300, 99999.000, 99999.000, 99999.000,
 99999.000, 99999.000, 
   66.560,  306.100,  -78.310,  -73.870,  216.000,
  401.700, -127.600,  634.800, -568.000,    0.000,
  -37.360,  120.300, 1247.000,  258.700,    5.202,
 1000.000, -301.000,   12.010,  -10.880,  902.600,
  430.600, 1010.000,  400.000, -328.600,  211.600,
 99999.000, 99999.000,  148.000, 99999.000, 99999.000,
 99999.000, 99999.000, 
  146.100,  517.000,  -75.300,  223.200, -431.300,
  643.400,  231.400,  623.700, 99999.000,  128.000,
    0.000, 1724.000,    0.750, -245.800, 99999.000,
  751.800, 99999.000, 99999.000, 99999.000, 99999.000,
 99999.000, 99999.000, 99999.000, 99999.000, 99999.000,
 99999.000, 99999.000, 99999.000, 99999.000, 99999.000,
 99999.000, 99999.000, 
   14.780, 99999.000,  -10.440, -184.900,  444.700,
  -94.640,  732.300,  211.600, 99999.000,   48.930,
 -311.600,    0.000, 1919.000,   57.700, 99999.000,
 99999.000, -347.900, -249.300,   61.590, 99999.000,
 99999.000, 99999.000, 99999.000, 99999.000, -278.200,
 99999.000, -208.400,  -13.910, 99999.000,  173.800,
 99999.000, 99999.000, 
 1744.000,  -48.520,   75.490,  147.300,  118.400,
  728.700,  349.100,  652.300, 99999.000, -101.300,
 1051.000, -115.700,    0.000, -117.600,  -96.620,
   19.770, 1670.000,   48.150,   43.830,  874.300,
 99999.000,  942.200,  446.300, 99999.000,  572.700,
 99999.000, 99999.000,   -2.160, 99999.000, 99999.000,
 99999.000, 99999.000, 
 -320.100,  485.600,  114.800, -170.000,  180.600,
  -76.640, -152.800,  385.900, -337.300,   58.840,
 1090.000,  -46.130, 1417.000,    0.000, -235.700,
 99999.000,  108.900, -209.700,   54.570,  629.000,
 -149.200, 99999.000, 99999.000, 99999.000,  343.100,
 99999.000, 99999.000, 99999.000, 99999.000, 99999.000,
 99999.000, 99999.000, 
 1571.000,   76.440,   52.130,   65.690,  137.100,
 -218.100, -218.100,  212.800, 99999.000,   52.380,
 99999.000, 99999.000, 1402.000,  461.300,    0.000,
  301.100,  137.800, -154.300,   47.670, 99999.000,
 99999.000, 99999.000,   95.180, 99999.000, 99999.000,
 99999.000, 99999.000, 99999.000, 99999.000, 99999.000,
 99999.000, 99999.000, 
   73.800,  -24.360,    4.680,  122.900,  455.100,
  351.500,  351.500,  770.000, 99999.000,  483.900,
  -47.510, 99999.000,  337.100, 99999.000,  225.400,
    0.000,  110.500,  249.200,   62.420, 99999.000,
 99999.000, 99999.000, 99999.000, 99999.000, 99999.000,
 99999.000, 99999.000, 99999.000, 99999.000, 99999.000,
 99999.000, 99999.000, 
   27.900,  -52.710, 99999.000, 99999.000,  669.200,
 -186.100, -401.600,  740.400, 99999.000,  550.600,
 99999.000,  808.800,  437.700, -132.900, -197.700,
  -21.350,    0.000, 99999.000,   56.330, 99999.000,
 99999.000, 99999.000, 99999.000, 99999.000, 99999.000,
 99999.000, 99999.000, 99999.000, 99999.000, 99999.000,
 99999.000, 99999.000, 
   21.230, -185.100,  288.500,   33.610,  418.400,
 -465.700, -465.700,  793.200, 99999.000,  342.200,
 99999.000,  203.100,  370.400,  176.500,  -20.930,
 -157.100, 99999.000,    0.000,  -30.100, 99999.000,
   70.040,  -75.500, 99999.000, 99999.000, 99999.000,
 99999.000,   18.980, 99999.000, 99999.000, 99999.000,
 99999.000, 99999.000, 
   89.970, -293.700,   -4.700,  134.700,  713.500,
 -260.300,  512.200, 1205.000, 1616.000,  550.000,
 99999.000,   70.140,  438.100,  129.500,  113.900,
   11.800,   17.970,   51.900,    0.000,  475.800,
  492.000, 1302.000,  490.900,  534.700, 99999.000,
 99999.000, 99999.000, 99999.000, 99999.000, 99999.000,
 99999.000, 99999.000, 
  -59.060, 99999.000,  777.800,  -47.130, 1989.000,
 99999.000, 99999.000,  390.700, 99999.000,  190.500,
 99999.000, 99999.000, 1349.000, -246.300, 99999.000,
 99999.000, 99999.000, 99999.000, -255.400,    0.000,
  346.200, 99999.000, -154.500, 99999.000,  124.800,
 99999.000, -387.700, 99999.000, 99999.000, 99999.000,
 99999.000, 99999.000, 
   29.080,   34.780,   56.410,  -53.290, 2011.000,
 99999.000, 99999.000,   63.480, 99999.000, -349.200,
 99999.000, 99999.000, 99999.000,    2.410, 99999.000,
 99999.000, 99999.000,  -15.620,  -54.860, -465.200,
    0.000, 99999.000, 99999.000, 99999.000, 99999.000,
 99999.000,  134.300, 99999.000, 99999.000, 99999.000,
 99999.000, 99999.000, 
  175.800, 99999.000, -218.900,  -15.410,  529.000,
 99999.000, 99999.000, -239.800, -860.300,  857.700,
 99999.000, 99999.000,  681.400, 99999.000, 99999.000,
 99999.000, 99999.000, -216.300, 8455.000, 99999.000,
 99999.000,    0.000, 99999.000,  179.900,  125.300,
 99999.000,  924.500, 99999.000, 99999.000, 99999.000,
 99999.000, 99999.000, 
   94.340,  375.400,  113.600,  -97.050,  483.800,
  264.700,  264.700,   13.320, 99999.000,  377.000,
 99999.000, 99999.000,  152.400, 99999.000,  -94.490,
 99999.000, 99999.000, 99999.000,  -34.680,  794.400,
 99999.000, 99999.000,    0.000, 99999.000,  139.800,
 99999.000, 99999.000, 99999.000, 99999.000, 99999.000,
 99999.000, 99999.000, 
  193.600, 99999.000,    7.180, -127.100,  332.600,
 99999.000, 99999.000,  439.900, -230.400,  211.600,
 99999.000, 99999.000, 99999.000, 99999.000, 99999.000,
 99999.000, 99999.000, 99999.000,  514.600, 99999.000,
 99999.000,  175.800, 99999.000,    0.000,  963.000,
 99999.000, 99999.000, 99999.000, 99999.000, 99999.000,
 99999.000, 99999.000, 
  108.500, 99999.000,  247.300,  453.400, -289.300,
 99999.000, 99999.000, -424.300,  523.000,   82.770,
 99999.000,  -75.230,-1707.000,   29.860, 99999.000,
 99999.000, 99999.000, 99999.000, 99999.000, -241.700,
 99999.000,  164.400,  481.300, -246.000,    0.000,
 99999.000, 99999.000, 99999.000, 99999.000, 99999.000,
 99999.000, 99999.000, 
   81.490, 99999.000,  -50.710,  -30.280,  -99.560,
 99999.000, 99999.000, 99999.000, 99999.000, 99999.000,
 99999.000, 99999.000, 99999.000, 99999.000, 99999.000,
 99999.000, 99999.000, 99999.000, 99999.000, 99999.000,
 99999.000, 99999.000, 99999.000, 99999.000, 99999.000,
    0.000, 99999.000, 99999.000, 99999.000, 99999.000,
 99999.000, 99999.000, 
 -128.800, 99999.000, -225.300, -124.600, -319.200,
 99999.000, 99999.000,  203.000, -222.700, 99999.000,
 99999.000, -201.900, 99999.000, 99999.000, 99999.000,
 99999.000, 99999.000, -114.700, 99999.000, -906.500,
 -169.700, -944.900, 99999.000, 99999.000, 99999.000,
 99999.000,    0.000, 99999.000, 99999.000, 99999.000,
 99999.000, 99999.000, 
  147.300, 99999.000, 99999.000, 99999.000,  837.900,
 99999.000, 99999.000, 1153.000, 99999.000,  417.400,
 99999.000,  123.200,  639.700, 99999.000, 99999.000,
 99999.000, 99999.000, 99999.000, 99999.000,    9.000,
 99999.000, 99999.000, 99999.000, 99999.000, 99999.000,
 99999.000, 99999.000,    0.000, 99999.000, 99999.000,
 99999.000, 99999.000, 
  -11.910,  176.700,  -80.480, 99999.000, 99999.000,
 99999.000, 99999.000, -311.000, 99999.000, 99999.000,
 99999.000, 99999.000, 99999.000, 99999.000, 99999.000,
 99999.000, 99999.000, 99999.000, 99999.000, 99999.000,
 99999.000, 99999.000, 99999.000, 99999.000, 99999.000,
 99999.000, 99999.000, 99999.000,    0.000, 99999.000,
 99999.000, 99999.000, 
   14.910,  132.100,  -17.780, 99999.000, 99999.000,
 99999.000, 99999.000, -262.600, 99999.000, 99999.000,
 99999.000, -281.900, 99999.000, 99999.000, 99999.000,
 99999.000, 99999.000, 99999.000, 99999.000, 99999.000,
 99999.000, 99999.000, 99999.000, 99999.000, 99999.000,
 99999.000, 99999.000, 99999.000, 99999.000,    0.000,
 99999.000, 99999.000,
   67.840,   42.730,   59.160,   26.590, 99999.000,
 99999.000, 99999.000,    1.110, 99999.000, 99999.000,
 99999.000, 99999.000, 99999.000, 99999.000, 99999.000,
 99999.000, 99999.000, 99999.000, 99999.000, 99999.000,
 99999.000, 99999.000, 99999.000, 99999.000, 99999.000,
 99999.000, 99999.000, 99999.000, 99999.000, 99999.000,
    0.000, 99999.000,
   36.420,   60.820,   29.770,   55.970, 99999.000,
 99999.000, 99999.000, 99999.000, 99999.000, 99999.000,
 99999.000, 99999.000, 99999.000, 99999.000, 99999.000,
 99999.000, 99999.000, 99999.000, 99999.000, 99999.000,
 99999.000, 99999.000, 99999.000, 99999.000, 99999.000,
 99999.000, 99999.000, 99999.000, 99999.000, 99999.000,
 99999.000,    0.000
