 H2O2        
 gmol/L
#TANK TIME(SEC) TIME(MIN) CONC
  1      0.      .0     .100E-02
  1     10.      .2     .999E-03
  1     20.      .3     .998E-03
  1     30.      .5     .998E-03
  1     40.      .7     .997E-03
  1     50.      .8     .996E-03
  1     60.     1.0     .995E-03
  1     70.     1.2     .994E-03
  1     80.     1.3     .994E-03
  1     90.     1.5     .993E-03
  1    100.     1.7     .992E-03
  1    110.     1.8     .991E-03
  1    120.     2.0     .990E-03
  1    130.     2.2     .989E-03
  1    140.     2.3     .989E-03
  1    150.     2.5     .988E-03
  1    160.     2.7     .987E-03
  1    170.     2.8     .986E-03
  1    180.     3.0     .985E-03
  1    190.     3.2     .985E-03
  1    200.     3.3     .984E-03
  1    210.     3.5     .983E-03
  1    220.     3.7     .982E-03
  1    230.     3.8     .981E-03
  1    240.     4.0     .981E-03
  1    250.     4.2     .980E-03
  1    260.     4.3     .979E-03
  1    270.     4.5     .978E-03
  1    280.     4.7     .978E-03
  1    290.     4.8     .977E-03
  1    300.     5.0     .976E-03
  1    310.     5.2     .975E-03
  1    320.     5.3     .974E-03
  1    330.     5.5     .974E-03
  1    340.     5.7     .973E-03
  1    350.     5.8     .972E-03
  1    360.     6.0     .971E-03
  1    370.     6.2     .970E-03
  1    380.     6.3     .970E-03
  1    390.     6.5     .969E-03
  1    400.     6.7     .968E-03
  1    410.     6.8     .967E-03
  1    420.     7.0     .966E-03
  1    430.     7.2     .966E-03
  1    440.     7.3     .965E-03
  1    450.     7.5     .964E-03
  1    460.     7.7     .963E-03
  1    470.     7.8     .963E-03
  1    480.     8.0     .962E-03
  1    490.     8.2     .961E-03
  1    500.     8.3     .960E-03
  1    510.     8.5     .959E-03
  1    520.     8.7     .959E-03
  1    530.     8.8     .958E-03
  1    540.     9.0     .957E-03
  1    550.     9.2     .956E-03
  1    560.     9.3     .955E-03
  1    570.     9.5     .955E-03
  1    580.     9.7     .954E-03
  1    590.     9.8     .953E-03
  1    600.    10.0     .952E-03
  1    610.    10.2     .952E-03
  1    620.    10.3     .951E-03
  1    630.    10.5     .950E-03
  1    640.    10.7     .949E-03
  1    650.    10.8     .948E-03
  1    660.    11.0     .948E-03
  1    670.    11.2     .947E-03
  1    680.    11.3     .946E-03
  1    690.    11.5     .945E-03
  1    700.    11.7     .945E-03
  1    710.    11.8     .944E-03
  1    720.    12.0     .943E-03
  1    730.    12.2     .942E-03
  1    740.    12.3     .942E-03
  1    750.    12.5     .941E-03
  1    760.    12.7     .940E-03
  1    770.    12.8     .939E-03
  1    780.    13.0     .938E-03
  1    790.    13.2     .938E-03
  1    800.    13.3     .937E-03
  1    810.    13.5     .936E-03
  1    820.    13.7     .935E-03
  1    830.    13.8     .935E-03
  1    840.    14.0     .934E-03
  1    850.    14.2     .933E-03
  1    860.    14.3     .932E-03
  1    870.    14.5     .932E-03
  1    880.    14.7     .931E-03
  1    890.    14.8     .930E-03
  1    900.    15.0     .929E-03
  1    910.    15.2     .929E-03
  1    920.    15.3     .928E-03
  1    930.    15.5     .927E-03
  1    940.    15.7     .926E-03
  1    950.    15.8     .925E-03
  1    960.    16.0     .925E-03
  1    970.    16.2     .924E-03
  1    980.    16.3     .923E-03
  1    990.    16.5     .922E-03
  1   1000.    16.7     .922E-03
  1   1010.    16.8     .921E-03
  1   1020.    17.0     .920E-03
  1   1030.    17.2     .919E-03
  1   1040.    17.3     .919E-03
  1   1050.    17.5     .918E-03
  1   1060.    17.7     .917E-03
  1   1070.    17.8     .916E-03
  1   1080.    18.0     .916E-03
  1   1090.    18.2     .915E-03
  1   1100.    18.3     .914E-03
  1   1110.    18.5     .913E-03
  1   1120.    18.7     .913E-03
  1   1130.    18.8     .912E-03
  1   1140.    19.0     .911E-03
  1   1150.    19.2     .910E-03
  1   1160.    19.3     .910E-03
  1   1170.    19.5     .909E-03
  1   1180.    19.7     .908E-03
  1   1190.    19.8     .907E-03
  1   1200.    20.0     .907E-03
  1   1210.    20.2     .906E-03
  1   1220.    20.3     .905E-03
  1   1230.    20.5     .904E-03
  1   1240.    20.7     .904E-03
  1   1250.    20.8     .903E-03
  1   1260.    21.0     .902E-03
  1   1270.    21.2     .902E-03
  1   1280.    21.3     .901E-03
  1   1290.    21.5     .900E-03
  1   1300.    21.7     .899E-03
  1   1310.    21.8     .899E-03
  1   1320.    22.0     .898E-03
  1   1330.    22.2     .897E-03
  1   1340.    22.3     .896E-03
  1   1350.    22.5     .896E-03
  1   1360.    22.7     .895E-03
  1   1370.    22.8     .894E-03
  1   1380.    23.0     .893E-03
  1   1390.    23.2     .893E-03
  1   1400.    23.3     .892E-03
  1   1410.    23.5     .891E-03
  1   1420.    23.7     .890E-03
  1   1430.    23.8     .890E-03
  1   1440.    24.0     .889E-03
  1   1450.    24.2     .888E-03
  1   1460.    24.3     .888E-03
  1   1470.    24.5     .887E-03
  1   1480.    24.7     .886E-03
  1   1490.    24.8     .885E-03
  1   1500.    25.0     .885E-03
  1   1510.    25.2     .884E-03
 END_OF_TANK
 END_OF_FILE
