 HO2*        
 gmol/L
#TANK TIME(SEC) TIME(MIN) CONC
  1      0.      .0     .000E+00
  1     10.      .2     .855E-06
  1     20.      .3     .854E-06
  1     30.      .5     .853E-06
  1     40.      .7     .853E-06
  1     50.      .8     .852E-06
  1     60.     1.0     .851E-06
  1     70.     1.2     .850E-06
  1     80.     1.3     .850E-06
  1     90.     1.5     .849E-06
  1    100.     1.7     .848E-06
  1    110.     1.8     .848E-06
  1    120.     2.0     .847E-06
  1    130.     2.2     .846E-06
  1    140.     2.3     .846E-06
  1    150.     2.5     .845E-06
  1    160.     2.7     .844E-06
  1    170.     2.8     .844E-06
  1    180.     3.0     .843E-06
  1    190.     3.2     .842E-06
  1    200.     3.3     .841E-06
  1    210.     3.5     .841E-06
  1    220.     3.7     .840E-06
  1    230.     3.8     .839E-06
  1    240.     4.0     .839E-06
  1    250.     4.2     .838E-06
  1    260.     4.3     .837E-06
  1    270.     4.5     .837E-06
  1    280.     4.7     .836E-06
  1    290.     4.8     .835E-06
  1    300.     5.0     .835E-06
  1    310.     5.2     .834E-06
  1    320.     5.3     .834E-06
  1    330.     5.5     .833E-06
  1    340.     5.7     .832E-06
  1    350.     5.8     .831E-06
  1    360.     6.0     .831E-06
  1    370.     6.2     .830E-06
  1    380.     6.3     .829E-06
  1    390.     6.5     .829E-06
  1    400.     6.7     .828E-06
  1    410.     6.8     .827E-06
  1    420.     7.0     .827E-06
  1    430.     7.2     .826E-06
  1    440.     7.3     .826E-06
  1    450.     7.5     .825E-06
  1    460.     7.7     .824E-06
  1    470.     7.8     .823E-06
  1    480.     8.0     .823E-06
  1    490.     8.2     .822E-06
  1    500.     8.3     .821E-06
  1    510.     8.5     .821E-06
  1    520.     8.7     .820E-06
  1    530.     8.8     .819E-06
  1    540.     9.0     .819E-06
  1    550.     9.2     .818E-06
  1    560.     9.3     .817E-06
  1    570.     9.5     .817E-06
  1    580.     9.7     .816E-06
  1    590.     9.8     .816E-06
  1    600.    10.0     .815E-06
  1    610.    10.2     .814E-06
  1    620.    10.3     .814E-06
  1    630.    10.5     .813E-06
  1    640.    10.7     .812E-06
  1    650.    10.8     .812E-06
  1    660.    11.0     .811E-06
  1    670.    11.2     .810E-06
  1    680.    11.3     .810E-06
  1    690.    11.5     .809E-06
  1    700.    11.7     .808E-06
  1    710.    11.8     .808E-06
  1    720.    12.0     .807E-06
  1    730.    12.2     .806E-06
  1    740.    12.3     .806E-06
  1    750.    12.5     .805E-06
  1    760.    12.7     .804E-06
  1    770.    12.8     .804E-06
  1    780.    13.0     .803E-06
  1    790.    13.2     .803E-06
  1    800.    13.3     .802E-06
  1    810.    13.5     .801E-06
  1    820.    13.7     .800E-06
  1    830.    13.8     .800E-06
  1    840.    14.0     .799E-06
  1    850.    14.2     .798E-06
  1    860.    14.3     .798E-06
  1    870.    14.5     .797E-06
  1    880.    14.7     .796E-06
  1    890.    14.8     .796E-06
  1    900.    15.0     .795E-06
  1    910.    15.2     .795E-06
  1    920.    15.3     .794E-06
  1    930.    15.5     .793E-06
  1    940.    15.7     .792E-06
  1    950.    15.8     .792E-06
  1    960.    16.0     .791E-06
  1    970.    16.2     .791E-06
  1    980.    16.3     .790E-06
  1    990.    16.5     .790E-06
  1   1000.    16.7     .789E-06
  1   1010.    16.8     .788E-06
  1   1020.    17.0     .788E-06
  1   1030.    17.2     .787E-06
  1   1040.    17.3     .786E-06
  1   1050.    17.5     .786E-06
  1   1060.    17.7     .785E-06
  1   1070.    17.8     .784E-06
  1   1080.    18.0     .784E-06
  1   1090.    18.2     .783E-06
  1   1100.    18.3     .783E-06
  1   1110.    18.5     .782E-06
  1   1120.    18.7     .781E-06
  1   1130.    18.8     .781E-06
  1   1140.    19.0     .780E-06
  1   1150.    19.2     .779E-06
  1   1160.    19.3     .779E-06
  1   1170.    19.5     .778E-06
  1   1180.    19.7     .777E-06
  1   1190.    19.8     .777E-06
  1   1200.    20.0     .776E-06
  1   1210.    20.2     .775E-06
  1   1220.    20.3     .775E-06
  1   1230.    20.5     .774E-06
  1   1240.    20.7     .774E-06
  1   1250.    20.8     .773E-06
  1   1260.    21.0     .772E-06
  1   1270.    21.2     .772E-06
  1   1280.    21.3     .771E-06
  1   1290.    21.5     .770E-06
  1   1300.    21.7     .770E-06
  1   1310.    21.8     .769E-06
  1   1320.    22.0     .769E-06
  1   1330.    22.2     .768E-06
  1   1340.    22.3     .767E-06
  1   1350.    22.5     .767E-06
  1   1360.    22.7     .766E-06
  1   1370.    22.8     .765E-06
  1   1380.    23.0     .765E-06
  1   1390.    23.2     .764E-06
  1   1400.    23.3     .764E-06
  1   1410.    23.5     .763E-06
  1   1420.    23.7     .762E-06
  1   1430.    23.8     .762E-06
  1   1440.    24.0     .761E-06
  1   1450.    24.2     .760E-06
  1   1460.    24.3     .760E-06
  1   1470.    24.5     .759E-06
  1   1480.    24.7     .758E-06
  1   1490.    24.8     .758E-06
  1   1500.    25.0     .757E-06
  1   1510.    25.2     .757E-06
 END_OF_TANK
 END_OF_FILE
