 DBCP        
 gmol/L
#TANK TIME(SEC) TIME(MIN) CONC
  1      0.      .0     .183E-05
  1     10.      .2     .181E-05
  1     20.      .3     .179E-05
  1     30.      .5     .177E-05
  1     40.      .7     .175E-05
  1     50.      .8     .174E-05
  1     60.     1.0     .172E-05
  1     70.     1.2     .170E-05
  1     80.     1.3     .168E-05
  1     90.     1.5     .166E-05
  1    100.     1.7     .165E-05
  1    110.     1.8     .163E-05
  1    120.     2.0     .161E-05
  1    130.     2.2     .160E-05
  1    140.     2.3     .158E-05
  1    150.     2.5     .156E-05
  1    160.     2.7     .155E-05
  1    170.     2.8     .153E-05
  1    180.     3.0     .151E-05
  1    190.     3.2     .150E-05
  1    200.     3.3     .148E-05
  1    210.     3.5     .147E-05
  1    220.     3.7     .145E-05
  1    230.     3.8     .144E-05
  1    240.     4.0     .142E-05
  1    250.     4.2     .141E-05
  1    260.     4.3     .139E-05
  1    270.     4.5     .138E-05
  1    280.     4.7     .136E-05
  1    290.     4.8     .135E-05
  1    300.     5.0     .134E-05
  1    310.     5.2     .132E-05
  1    320.     5.3     .131E-05
  1    330.     5.5     .130E-05
  1    340.     5.7     .128E-05
  1    350.     5.8     .127E-05
  1    360.     6.0     .126E-05
  1    370.     6.2     .124E-05
  1    380.     6.3     .123E-05
  1    390.     6.5     .122E-05
  1    400.     6.7     .121E-05
  1    410.     6.8     .119E-05
  1    420.     7.0     .118E-05
  1    430.     7.2     .117E-05
  1    440.     7.3     .116E-05
  1    450.     7.5     .115E-05
  1    460.     7.7     .113E-05
  1    470.     7.8     .112E-05
  1    480.     8.0     .111E-05
  1    490.     8.2     .110E-05
  1    500.     8.3     .109E-05
  1    510.     8.5     .108E-05
  1    520.     8.7     .107E-05
  1    530.     8.8     .106E-05
  1    540.     9.0     .105E-05
  1    550.     9.2     .103E-05
  1    560.     9.3     .102E-05
  1    570.     9.5     .101E-05
  1    580.     9.7     .100E-05
  1    590.     9.8     .994E-06
  1    600.    10.0     .984E-06
  1    610.    10.2     .974E-06
  1    620.    10.3     .965E-06
  1    630.    10.5     .955E-06
  1    640.    10.7     .946E-06
  1    650.    10.8     .936E-06
  1    660.    11.0     .927E-06
  1    670.    11.2     .918E-06
  1    680.    11.3     .909E-06
  1    690.    11.5     .900E-06
  1    700.    11.7     .891E-06
  1    710.    11.8     .882E-06
  1    720.    12.0     .874E-06
  1    730.    12.2     .865E-06
  1    740.    12.3     .857E-06
  1    750.    12.5     .848E-06
  1    760.    12.7     .840E-06
  1    770.    12.8     .832E-06
  1    780.    13.0     .824E-06
  1    790.    13.2     .816E-06
  1    800.    13.3     .808E-06
  1    810.    13.5     .800E-06
  1    820.    13.7     .792E-06
  1    830.    13.8     .785E-06
  1    840.    14.0     .777E-06
  1    850.    14.2     .770E-06
  1    860.    14.3     .762E-06
  1    870.    14.5     .755E-06
  1    880.    14.7     .748E-06
  1    890.    14.8     .741E-06
  1    900.    15.0     .734E-06
  1    910.    15.2     .727E-06
  1    920.    15.3     .720E-06
  1    930.    15.5     .713E-06
  1    940.    15.7     .706E-06
  1    950.    15.8     .700E-06
  1    960.    16.0     .693E-06
  1    970.    16.2     .686E-06
  1    980.    16.3     .680E-06
  1    990.    16.5     .674E-06
  1   1000.    16.7     .667E-06
  1   1010.    16.8     .661E-06
  1   1020.    17.0     .655E-06
  1   1030.    17.2     .649E-06
  1   1040.    17.3     .643E-06
  1   1050.    17.5     .637E-06
  1   1060.    17.7     .631E-06
  1   1070.    17.8     .625E-06
  1   1080.    18.0     .620E-06
  1   1090.    18.2     .614E-06
  1   1100.    18.3     .608E-06
  1   1110.    18.5     .603E-06
  1   1120.    18.7     .597E-06
  1   1130.    18.8     .592E-06
  1   1140.    19.0     .586E-06
  1   1150.    19.2     .581E-06
  1   1160.    19.3     .576E-06
  1   1170.    19.5     .571E-06
  1   1180.    19.7     .565E-06
  1   1190.    19.8     .560E-06
  1   1200.    20.0     .555E-06
  1   1210.    20.2     .550E-06
  1   1220.    20.3     .545E-06
  1   1230.    20.5     .541E-06
  1   1240.    20.7     .536E-06
  1   1250.    20.8     .531E-06
  1   1260.    21.0     .526E-06
  1   1270.    21.2     .522E-06
  1   1280.    21.3     .517E-06
  1   1290.    21.5     .513E-06
  1   1300.    21.7     .508E-06
  1   1310.    21.8     .504E-06
  1   1320.    22.0     .499E-06
  1   1330.    22.2     .495E-06
  1   1340.    22.3     .491E-06
  1   1350.    22.5     .486E-06
  1   1360.    22.7     .482E-06
  1   1370.    22.8     .478E-06
  1   1380.    23.0     .474E-06
  1   1390.    23.2     .470E-06
  1   1400.    23.3     .466E-06
  1   1410.    23.5     .462E-06
  1   1420.    23.7     .458E-06
  1   1430.    23.8     .454E-06
  1   1440.    24.0     .450E-06
  1   1450.    24.2     .446E-06
  1   1460.    24.3     .443E-06
  1   1470.    24.5     .439E-06
  1   1480.    24.7     .435E-06
  1   1490.    24.8     .431E-06
  1   1500.    25.0     .428E-06
  1   1510.    25.2     .424E-06
 END_OF_TANK
 END_OF_FILE
