 pH
 dimensionless
#TANK TIME(SEC) TIME(MIN) pH
  1      0.      .0     8.40
  1     30.      .5     8.39
  1     60.     1.0     8.39
  1     90.     1.5     8.39
  1    120.     2.0     8.39
  1    150.     2.5     8.39
  1    180.     3.0     8.39
  1    210.     3.5     8.39
  1    240.     4.0     8.39
  1    270.     4.5     8.38
  1    300.     5.0     8.38
  1    330.     5.5     8.38
  1    360.     6.0     8.38
  1    390.     6.5     8.38
  1    420.     7.0     8.38
  1    450.     7.5     8.38
  1    480.     8.0     8.38
  1    510.     8.5     8.38
  1    540.     9.0     8.38
  1    570.     9.5     8.38
  1    600.    10.0     8.38
  1    630.    10.5     8.37
  1    660.    11.0     8.37
  1    690.    11.5     8.37
  1    720.    12.0     8.37
  1    750.    12.5     8.37
  1    780.    13.0     8.37
  1    810.    13.5     8.37
  1    840.    14.0     8.37
  1    870.    14.5     8.37
  1    900.    15.0     8.37
  1    930.    15.5     8.37
  1    960.    16.0     8.37
  1    990.    16.5     8.37
  1   1020.    17.0     8.37
  1   1050.    17.5     8.37
  1   1080.    18.0     8.37
  1   1110.    18.5     8.37
  1   1140.    19.0     8.37
  1   1170.    19.5     8.37
  1   1200.    20.0     8.37
  1   1230.    20.5     8.37
  1   1260.    21.0     8.36
  1   1290.    21.5     8.36
  1   1320.    22.0     8.36
  1   1350.    22.5     8.36
  1   1380.    23.0     8.36
  1   1410.    23.5     8.36
  1   1440.    24.0     8.36
  1   1470.    24.5     8.36
  1   1500.    25.0     8.36
 END_OF_FILE
