 CO3*-       
 gmol/L
#TANK TIME(SEC) TIME(MIN) CONC
  1      0.      .0     .000E+00
  1     30.      .5     .236E-09
  1     60.     1.0     .239E-09
  1     90.     1.5     .242E-09
  1    120.     2.0     .245E-09
  1    150.     2.5     .248E-09
  1    180.     3.0     .252E-09
  1    210.     3.5     .255E-09
  1    240.     4.0     .258E-09
  1    270.     4.5     .262E-09
  1    300.     5.0     .265E-09
  1    330.     5.5     .269E-09
  1    360.     6.0     .272E-09
  1    390.     6.5     .276E-09
  1    420.     7.0     .279E-09
  1    450.     7.5     .283E-09
  1    480.     8.0     .287E-09
  1    510.     8.5     .290E-09
  1    540.     9.0     .294E-09
  1    570.     9.5     .298E-09
  1    600.    10.0     .302E-09
  1    630.    10.5     .306E-09
  1    660.    11.0     .309E-09
  1    690.    11.5     .313E-09
  1    720.    12.0     .317E-09
  1    750.    12.5     .321E-09
  1    780.    13.0     .325E-09
  1    810.    13.5     .329E-09
  1    840.    14.0     .334E-09
  1    870.    14.5     .338E-09
  1    900.    15.0     .342E-09
  1    930.    15.5     .346E-09
  1    960.    16.0     .350E-09
  1    990.    16.5     .354E-09
  1   1020.    17.0     .359E-09
  1   1050.    17.5     .363E-09
  1   1080.    18.0     .367E-09
  1   1110.    18.5     .372E-09
  1   1140.    19.0     .376E-09
  1   1170.    19.5     .380E-09
  1   1200.    20.0     .385E-09
  1   1230.    20.5     .389E-09
  1   1260.    21.0     .393E-09
  1   1290.    21.5     .398E-09
  1   1320.    22.0     .402E-09
  1   1350.    22.5     .407E-09
  1   1380.    23.0     .411E-09
  1   1410.    23.5     .416E-09
  1   1440.    24.0     .420E-09
  1   1470.    24.5     .424E-09
  1   1500.    25.0     .429E-09
 END_OF_TANK
 END_OF_FILE
