Output Data from Bed Number 1 is given below:
Time   CP(1,T)/CT  CP(2,T)/CT  CP(3,T)/CT  CP(4,T)/CT  CP(5,T)/CT  CP(6,T)/CT
(min)  (-)         (-)         (-)         (-)         (-)         (-)
0.0    -1.818E-03  1.002E+00
0.7    6.448E-02   9.355E-01
1.3    1.719E-01   8.281E-01
2.0    2.722E-01   7.278E-01
2.6    3.094E-01   6.906E-01
3.3    3.248E-01   6.752E-01
3.9    3.413E-01   6.587E-01
4.6    3.618E-01   6.382E-01
5.2    3.868E-01   6.132E-01
5.9    4.156E-01   5.844E-01
6.5    4.468E-01   5.532E-01
7.2    4.788E-01   5.212E-01
7.8    5.104E-01   4.896E-01
8.5    5.409E-01   4.591E-01
9.1    5.695E-01   4.305E-01
9.8    5.960E-01   4.040E-01
10.4   6.199E-01   3.801E-01
11.1   6.403E-01   3.597E-01
11.7   6.571E-01   3.429E-01
12.4   6.696E-01   3.304E-01
13.0   6.797E-01   3.203E-01
13.7   6.867E-01   3.133E-01
14.3   6.922E-01   3.078E-01
15.0   6.965E-01   3.035E-01
15.6   7.002E-01   2.998E-01
16.3   7.035E-01   2.965E-01
16.9   7.066E-01   2.934E-01
17.6   7.098E-01   2.902E-01
18.2   7.131E-01   2.869E-01
18.9   7.167E-01   2.833E-01
19.5   7.204E-01   2.796E-01
20.2   7.244E-01   2.756E-01
20.8   7.287E-01   2.713E-01
21.5   7.333E-01   2.667E-01
22.1   7.380E-01   2.620E-01
22.8   7.430E-01   2.570E-01
23.4   7.483E-01   2.517E-01
24.1   7.537E-01   2.463E-01
24.7   7.594E-01   2.406E-01
25.4   7.652E-01   2.348E-01
26.0   7.711E-01   2.289E-01
26.7   7.771E-01   2.229E-01
27.3   7.831E-01   2.169E-01
28.0   7.891E-01   2.109E-01
28.6   7.951E-01   2.049E-01
29.3   8.009E-01   1.991E-01
29.9   8.067E-01   1.933E-01
30.6   8.122E-01   1.878E-01
31.2   8.175E-01   1.825E-01
31.9   8.226E-01   1.774E-01
32.5   8.274E-01   1.726E-01
33.2   8.320E-01   1.680E-01
33.8   8.363E-01   1.637E-01
34.5   8.404E-01   1.596E-01
35.1   8.441E-01   1.559E-01
35.8   8.476E-01   1.524E-01
36.4   8.508E-01   1.492E-01
37.1   8.537E-01   1.463E-01
37.7   8.563E-01   1.437E-01
38.4   8.588E-01   1.412E-01
39.0   8.610E-01   1.390E-01
39.7   8.630E-01   1.370E-01
40.3   8.648E-01   1.352E-01
41.0   8.664E-01   1.336E-01
41.6   8.679E-01   1.321E-01
42.3   8.693E-01   1.307E-01
42.9   8.705E-01   1.295E-01
43.6   8.717E-01   1.283E-01
44.2   8.728E-01   1.272E-01
44.9   8.739E-01   1.261E-01
45.5   8.750E-01   1.250E-01
46.2   8.760E-01   1.240E-01
46.8   8.770E-01   1.230E-01
47.5   8.780E-01   1.220E-01
48.1   8.790E-01   1.210E-01
48.8   8.800E-01   1.200E-01
49.4   8.810E-01   1.190E-01
50.1   8.820E-01   1.180E-01
50.7   8.831E-01   1.169E-01
51.4   8.842E-01   1.158E-01
52.0   8.853E-01   1.147E-01
52.7   8.864E-01   1.136E-01
53.3   8.876E-01   1.124E-01
54.0   8.889E-01   1.111E-01
54.6   8.902E-01   1.098E-01
55.3   8.915E-01   1.085E-01
55.9   8.929E-01   1.071E-01
56.6   8.943E-01   1.057E-01
57.2   8.957E-01   1.043E-01
57.9   8.972E-01   1.028E-01
58.5   8.987E-01   1.013E-01
59.2   9.003E-01   9.971E-02
59.8   9.019E-01   9.812E-02
60.5   9.035E-01   9.649E-02
61.1   9.051E-01   9.485E-02
61.8   9.068E-01   9.319E-02
62.4   9.085E-01   9.150E-02
63.1   9.102E-01   8.980E-02
63.7   9.119E-01   8.807E-02
64.4   9.137E-01   8.634E-02
65.0   9.154E-01   8.462E-02
65.7   9.171E-01   8.290E-02
66.3   9.188E-01   8.119E-02
67.0   9.205E-01   7.949E-02
67.6   9.222E-01   7.781E-02
68.3   9.239E-01   7.614E-02
68.9   9.255E-01   7.450E-02
69.6   9.271E-01   7.289E-02
70.2   9.287E-01   7.131E-02
70.9   9.302E-01   6.977E-02
71.5   9.317E-01   6.827E-02
72.2   9.332E-01   6.681E-02
72.8   9.346E-01   6.538E-02
73.5   9.360E-01   6.401E-02
74.1   9.373E-01   6.268E-02
74.8   9.386E-01   6.141E-02
75.4   9.398E-01   6.020E-02
76.1   9.410E-01   5.902E-02
76.7   9.421E-01   5.789E-02
77.4   9.432E-01   5.681E-02
78.0   9.442E-01   5.578E-02
78.7   9.452E-01   5.481E-02
79.3   9.461E-01   5.389E-02
80.0   9.470E-01   5.300E-02
80.6   9.479E-01   5.214E-02
81.3   9.487E-01   5.133E-02
81.9   9.494E-01   5.056E-02
82.6   9.502E-01   4.982E-02
83.2   9.509E-01   4.912E-02
83.9   9.516E-01   4.844E-02
84.5   9.522E-01   4.777E-02
85.2   9.529E-01   4.713E-02
85.8   9.535E-01   4.651E-02
86.5   9.541E-01   4.591E-02
87.1   9.547E-01   4.530E-02
87.8   9.553E-01   4.469E-02
88.4   9.559E-01   4.406E-02
89.1   9.566E-01   4.342E-02
89.7   9.572E-01   4.277E-02
90.4   9.579E-01   4.209E-02
91.0   9.586E-01   4.142E-02
91.7   9.592E-01   4.078E-02
92.3   9.599E-01   4.014E-02
93.0   9.605E-01   3.951E-02
93.6   9.611E-01   3.887E-02
94.3   9.618E-01   3.824E-02
94.9   9.624E-01   3.757E-02
95.6   9.632E-01   3.685E-02
96.2   9.639E-01   3.609E-02
96.9   9.647E-01   3.530E-02
97.5   9.655E-01   3.447E-02
98.2   9.664E-01   3.359E-02
98.8   9.673E-01   3.271E-02
99.5   9.682E-01   3.180E-02
100.1  9.691E-01   3.087E-02
100.8  9.701E-01   2.991E-02
101.4  9.711E-01   2.892E-02
102.1  9.721E-01   2.789E-02
102.7  9.731E-01   2.689E-02
103.4  9.741E-01   2.587E-02
104.0  9.751E-01   2.485E-02
104.7  9.762E-01   2.383E-02
105.3  9.772E-01   2.280E-02
106.0  9.782E-01   2.178E-02
106.6  9.792E-01   2.076E-02
107.3  9.802E-01   1.975E-02
107.9  9.812E-01   1.876E-02
108.6  9.822E-01   1.777E-02
109.2  9.832E-01   1.681E-02
109.9  9.841E-01   1.586E-02
110.5  9.851E-01   1.494E-02
111.2  9.860E-01   1.404E-02
111.8  9.868E-01   1.317E-02
112.5  9.877E-01   1.233E-02
113.1  9.885E-01   1.152E-02
113.8  9.893E-01   1.075E-02
114.4  9.900E-01   1.000E-02
115.1  9.907E-01   9.292E-03
115.7  9.914E-01   8.619E-03
116.4  9.920E-01   7.986E-03
117.0  9.926E-01   7.394E-03
117.7  9.932E-01   6.831E-03
118.3  9.937E-01   6.300E-03
119.0  9.942E-01   5.805E-03
119.6  9.947E-01   5.346E-03
120.3  9.951E-01   4.925E-03
120.9  9.955E-01   4.541E-03
121.6  9.958E-01   4.177E-03
122.2  9.962E-01   3.841E-03
122.9  9.965E-01   3.533E-03
123.5  9.967E-01   3.253E-03
124.2  9.970E-01   2.999E-03
124.8  9.972E-01   2.769E-03
125.5  9.974E-01   2.554E-03
126.1  9.976E-01   2.357E-03
126.8  9.978E-01   2.177E-03
127.4  9.980E-01   2.012E-03
128.1  9.981E-01   1.861E-03
128.7  9.983E-01   1.723E-03
129.4  9.984E-01   1.596E-03
130.0  9.985E-01   1.479E-03
130.7  9.986E-01   1.370E-03
131.3  9.987E-01   1.268E-03
132.0  9.988E-01   1.171E-03
132.6  9.989E-01   1.082E-03
133.3  9.990E-01   1.002E-03
133.9  9.991E-01   9.284E-04
134.6  9.991E-01   8.594E-04
135.2  9.992E-01   7.943E-04
135.9  9.993E-01   7.324E-04
136.5  9.993E-01   6.776E-04
137.2  9.994E-01   6.302E-04
137.8  9.994E-01   5.878E-04
138.5  9.994E-01   5.501E-04
139.1  9.995E-01   5.168E-04
139.8  9.995E-01   4.878E-04
140.4  9.995E-01   4.598E-04
141.1  9.996E-01   4.333E-04
141.7  9.996E-01   4.082E-04
142.4  9.996E-01   3.841E-04
143.0  9.996E-01   3.604E-04
143.7  9.997E-01   3.367E-04
144.3  9.997E-01   3.175E-04
145.0  9.997E-01   2.997E-04
145.6  9.997E-01   2.832E-04
146.3  9.997E-01   2.677E-04
146.9  9.997E-01   2.532E-04
147.6  9.998E-01   2.397E-04
148.2  9.998E-01   2.283E-04
148.9  9.998E-01   2.181E-04
149.5  9.998E-01   2.091E-04
150.2  9.998E-01   2.012E-04
150.8  9.998E-01   1.945E-04
151.5  9.998E-01   1.844E-04
152.1  9.998E-01   1.799E-04
152.8  9.998E-01   1.750E-04
153.4  9.998E-01   1.697E-04
154.1  9.998E-01   1.639E-04
154.7  9.998E-01   1.578E-04
155.4  9.998E-01   1.527E-04
156.0  9.999E-01   1.491E-04
156.7  9.999E-01   1.457E-04
157.3  9.999E-01   1.424E-04
158.0  9.999E-01   1.393E-04
158.6  9.999E-01   1.363E-04
159.3  9.999E-01   1.335E-04
159.9  9.999E-01   1.309E-04
160.6  9.999E-01   1.283E-04
161.2  9.999E-01   1.260E-04
161.9  9.999E-01   1.238E-04
162.5  9.999E-01   1.218E-04
163.2  9.999E-01   1.200E-04
163.8  9.999E-01   1.184E-04
164.5  9.999E-01   1.169E-04
165.1  9.999E-01   1.156E-04
165.8  9.999E-01   1.144E-04
166.4  9.999E-01   1.134E-04
167.1  9.999E-01   1.126E-04
167.7  9.999E-01   1.120E-04
168.4  9.999E-01   1.112E-04
169.0  9.999E-01   1.104E-04
169.7  9.999E-01   1.097E-04
170.3  9.999E-01   1.091E-04
171.0  9.999E-01   1.085E-04
171.6  9.999E-01   1.081E-04
172.3  9.999E-01   1.077E-04
172.9  9.999E-01   1.074E-04



Output Data from Bed Number 2 is given below:
Time   CP(1,T)/CT  CP(2,T)/CT  CP(3,T)/CT  CP(4,T)/CT  CP(5,T)/CT  CP(6,T)/CT
(min)  (-)         (-)         (-)         (-)         (-)         (-)
0.0    -6.383E-07  1.000E+00
0.7    1.008E-03   9.990E-01
1.3    3.177E-03   9.968E-01
2.0    6.892E-03   9.931E-01
2.6    1.285E-02   9.871E-01
3.3    2.148E-02   9.785E-01
3.9    3.344E-02   9.666E-01
4.6    4.947E-02   9.505E-01
5.2    6.984E-02   9.302E-01
5.9    9.362E-02   9.064E-01
6.5    1.181E-01   8.819E-01
7.2    1.395E-01   8.605E-01
7.8    1.564E-01   8.436E-01
8.5    1.705E-01   8.295E-01
9.1    1.837E-01   8.163E-01
9.8    1.977E-01   8.023E-01
10.4   2.123E-01   7.877E-01
11.1   2.278E-01   7.722E-01
11.7   2.435E-01   7.565E-01
12.4   2.599E-01   7.401E-01
13.0   2.768E-01   7.232E-01
13.7   2.940E-01   7.060E-01
14.3   3.114E-01   6.886E-01
15.0   3.288E-01   6.712E-01
15.6   3.461E-01   6.539E-01
16.3   3.632E-01   6.368E-01
16.9   3.801E-01   6.199E-01
17.6   3.966E-01   6.034E-01
18.2   4.126E-01   5.874E-01
18.9   4.281E-01   5.719E-01
19.5   4.428E-01   5.572E-01
20.2   4.564E-01   5.436E-01
20.8   4.693E-01   5.307E-01
21.5   4.811E-01   5.189E-01
22.1   4.917E-01   5.083E-01
22.8   5.013E-01   4.987E-01
23.4   5.099E-01   4.901E-01
24.1   5.177E-01   4.823E-01
24.7   5.248E-01   4.752E-01
25.4   5.313E-01   4.687E-01
26.0   5.375E-01   4.625E-01
26.7   5.435E-01   4.565E-01
27.3   5.497E-01   4.503E-01
28.0   5.561E-01   4.439E-01
28.6   5.623E-01   4.377E-01
29.3   5.686E-01   4.314E-01
29.9   5.749E-01   4.251E-01
30.6   5.812E-01   4.188E-01
31.2   5.874E-01   4.126E-01
31.9   5.937E-01   4.063E-01
32.5   6.000E-01   4.000E-01
33.2   6.063E-01   3.937E-01
33.8   6.125E-01   3.875E-01
34.5   6.188E-01   3.812E-01
35.1   6.251E-01   3.749E-01
35.8   6.313E-01   3.687E-01
36.4   6.375E-01   3.625E-01
37.1   6.436E-01   3.564E-01
37.7   6.497E-01   3.503E-01
38.4   6.557E-01   3.443E-01
39.0   6.617E-01   3.383E-01
39.7   6.676E-01   3.324E-01
40.3   6.735E-01   3.265E-01
41.0   6.792E-01   3.208E-01
41.6   6.849E-01   3.151E-01
42.3   6.904E-01   3.096E-01
42.9   6.958E-01   3.042E-01
43.6   7.011E-01   2.989E-01
44.2   7.063E-01   2.937E-01
44.9   7.114E-01   2.886E-01
45.5   7.163E-01   2.837E-01
46.2   7.210E-01   2.790E-01
46.8   7.257E-01   2.743E-01
47.5   7.301E-01   2.699E-01
48.1   7.343E-01   2.657E-01
48.8   7.384E-01   2.616E-01
49.4   7.424E-01   2.576E-01
50.1   7.461E-01   2.539E-01
50.7   7.497E-01   2.503E-01
51.4   7.531E-01   2.469E-01
52.0   7.565E-01   2.435E-01
52.7   7.596E-01   2.404E-01
53.3   7.627E-01   2.373E-01
54.0   7.656E-01   2.344E-01
54.6   7.683E-01   2.317E-01
55.3   7.710E-01   2.290E-01
55.9   7.735E-01   2.265E-01
56.6   7.760E-01   2.240E-01
57.2   7.784E-01   2.216E-01
57.9   7.809E-01   2.191E-01
58.5   7.832E-01   2.168E-01
59.2   7.856E-01   2.144E-01
59.8   7.879E-01   2.121E-01
60.5   7.902E-01   2.098E-01
61.1   7.924E-01   2.076E-01
61.8   7.947E-01   2.053E-01
62.4   7.970E-01   2.030E-01
63.1   7.993E-01   2.007E-01
63.7   8.016E-01   1.984E-01
64.4   8.039E-01   1.961E-01
65.0   8.062E-01   1.938E-01
65.7   8.086E-01   1.914E-01
66.3   8.109E-01   1.891E-01
67.0   8.133E-01   1.867E-01
67.6   8.156E-01   1.844E-01
68.3   8.180E-01   1.820E-01
68.9   8.204E-01   1.796E-01
69.6   8.228E-01   1.772E-01
70.2   8.253E-01   1.747E-01
70.9   8.277E-01   1.723E-01
71.5   8.301E-01   1.699E-01
72.2   8.325E-01   1.675E-01
72.8   8.349E-01   1.651E-01
73.5   8.374E-01   1.626E-01
74.1   8.398E-01   1.602E-01
74.8   8.422E-01   1.578E-01
75.4   8.446E-01   1.554E-01
76.1   8.470E-01   1.530E-01
76.7   8.494E-01   1.506E-01
77.4   8.517E-01   1.483E-01
78.0   8.541E-01   1.459E-01
78.7   8.564E-01   1.436E-01
79.3   8.588E-01   1.412E-01
80.0   8.611E-01   1.389E-01
80.6   8.634E-01   1.366E-01
81.3   8.658E-01   1.342E-01
81.9   8.681E-01   1.319E-01
82.6   8.703E-01   1.297E-01
83.2   8.726E-01   1.274E-01
83.9   8.747E-01   1.253E-01
84.5   8.769E-01   1.231E-01
85.2   8.790E-01   1.210E-01
85.8   8.811E-01   1.189E-01
86.5   8.832E-01   1.168E-01
87.1   8.852E-01   1.148E-01
87.8   8.872E-01   1.128E-01
88.4   8.892E-01   1.108E-01
89.1   8.911E-01   1.089E-01
89.7   8.931E-01   1.069E-01
90.4   8.950E-01   1.050E-01
91.0   8.968E-01   1.032E-01
91.7   8.987E-01   1.013E-01
92.3   9.005E-01   9.953E-02
93.0   9.023E-01   9.775E-02
93.6   9.040E-01   9.599E-02
94.3   9.057E-01   9.427E-02
94.9   9.074E-01   9.258E-02
95.6   9.091E-01   9.091E-02
96.2   9.107E-01   8.927E-02
96.9   9.123E-01   8.767E-02
97.5   9.139E-01   8.609E-02
98.2   9.155E-01   8.448E-02
98.8   9.171E-01   8.288E-02
99.5   9.187E-01   8.127E-02
100.1  9.203E-01   7.966E-02
100.8  9.220E-01   7.804E-02
101.4  9.236E-01   7.641E-02
102.1  9.252E-01   7.480E-02
102.7  9.268E-01   7.321E-02
103.4  9.284E-01   7.162E-02
104.0  9.300E-01   7.005E-02
104.7  9.315E-01   6.848E-02
105.3  9.331E-01   6.691E-02
106.0  9.346E-01   6.535E-02
106.6  9.362E-01   6.381E-02
107.3  9.377E-01   6.228E-02
107.9  9.392E-01   6.075E-02
108.6  9.408E-01   5.924E-02
109.2  9.423E-01   5.774E-02
109.9  9.437E-01   5.625E-02
110.5  9.452E-01   5.476E-02
111.2  9.467E-01   5.326E-02
111.8  9.482E-01   5.176E-02
112.5  9.497E-01   5.027E-02
113.1  9.512E-01   4.877E-02
113.8  9.527E-01   4.727E-02
114.4  9.542E-01   4.577E-02
115.1  9.557E-01   4.427E-02
115.7  9.572E-01   4.280E-02
116.4  9.587E-01   4.134E-02
117.0  9.601E-01   3.989E-02
117.7  9.615E-01   3.846E-02
118.3  9.630E-01   3.704E-02
119.0  9.644E-01   3.563E-02
119.6  9.658E-01   3.424E-02
120.3  9.671E-01   3.286E-02
120.9  9.685E-01   3.149E-02
121.6  9.698E-01   3.015E-02
122.2  9.712E-01   2.882E-02
122.9  9.725E-01   2.752E-02
123.5  9.738E-01   2.623E-02
124.2  9.750E-01   2.496E-02
124.8  9.763E-01   2.372E-02
125.5  9.775E-01   2.249E-02
126.1  9.787E-01   2.129E-02
126.8  9.799E-01   2.012E-02
127.4  9.810E-01   1.898E-02
128.1  9.821E-01   1.788E-02
128.7  9.832E-01   1.680E-02
129.4  9.842E-01   1.576E-02
130.0  9.852E-01   1.476E-02
130.7  9.862E-01   1.380E-02
131.3  9.871E-01   1.287E-02
132.0  9.880E-01   1.199E-02
132.6  9.889E-01   1.115E-02
133.3  9.897E-01   1.035E-02
133.9  9.904E-01   9.599E-03
134.6  9.911E-01   8.884E-03
135.2  9.918E-01   8.211E-03
135.9  9.924E-01   7.581E-03
136.5  9.930E-01   6.995E-03
137.2  9.935E-01   6.454E-03
137.8  9.940E-01   5.959E-03
138.5  9.945E-01   5.491E-03
139.1  9.949E-01   5.061E-03
139.8  9.953E-01   4.668E-03
140.4  9.957E-01   4.311E-03
141.1  9.960E-01   3.990E-03
141.7  9.963E-01   3.703E-03
142.4  9.966E-01   3.420E-03
143.0  9.968E-01   3.155E-03
143.7  9.971E-01   2.907E-03
144.3  9.973E-01   2.672E-03
145.0  9.976E-01   2.447E-03
145.6  9.978E-01   2.234E-03
146.3  9.979E-01   2.055E-03
146.9  9.981E-01   1.892E-03
147.6  9.983E-01   1.745E-03
148.2  9.984E-01   1.613E-03
148.9  9.985E-01   1.496E-03
149.5  9.986E-01   1.391E-03
150.2  9.987E-01   1.292E-03
150.8  9.988E-01   1.201E-03
151.5  9.989E-01   1.118E-03
152.1  9.990E-01   1.040E-03
152.8  9.990E-01   9.674E-04
153.4  9.991E-01   8.996E-04
154.1  9.992E-01   8.393E-04
154.7  9.992E-01   7.829E-04
155.4  9.993E-01   7.294E-04
156.0  9.993E-01   6.781E-04
156.7  9.994E-01   6.282E-04
157.3  9.994E-01   5.817E-04
158.0  9.995E-01   5.419E-04
158.6  9.995E-01   5.051E-04
159.3  9.995E-01   4.711E-04
159.9  9.996E-01   4.394E-04
160.6  9.996E-01   4.100E-04
161.2  9.996E-01   3.831E-04
161.9  9.996E-01   3.589E-04
162.5  9.997E-01   3.367E-04
163.2  9.997E-01   3.165E-04
163.8  9.997E-01   2.979E-04
164.5  9.997E-01   2.809E-04
165.1  9.997E-01   2.655E-04
165.8  9.997E-01   2.517E-04
166.4  9.998E-01   2.391E-04
167.1  9.998E-01   2.278E-04
167.7  9.998E-01   2.174E-04
168.4  9.998E-01   2.079E-04
169.0  9.998E-01   1.966E-04
169.7  9.998E-01   1.901E-04
170.3  9.998E-01   1.838E-04
171.0  9.998E-01   1.776E-04
171.6  9.998E-01   1.715E-04
172.3  9.998E-01   1.656E-04
172.9  9.998E-01   1.605E-04
173.6  9.998E-01   1.559E-04
174.2  9.998E-01   1.516E-04
174.9  9.999E-01   1.476E-04
175.5  9.999E-01   1.439E-04
176.2  9.999E-01   1.405E-04
176.8  9.999E-01   1.374E-04
177.5  9.999E-01   1.346E-04
178.1  9.999E-01   1.321E-04
178.8  9.999E-01   1.299E-04
179.4  9.999E-01   1.276E-04
180.1  9.999E-01   1.253E-04
180.7  9.999E-01   1.232E-04
181.4  9.999E-01   1.213E-04
182.0  9.999E-01   1.195E-04
182.7  9.999E-01   1.180E-04
183.3  9.999E-01   1.167E-04
184.0  9.999E-01   1.155E-04
184.6  9.999E-01   1.146E-04
185.3  9.999E-01   1.138E-04
185.9  9.999E-01   1.128E-04
186.6  9.999E-01   1.119E-04
187.2  9.999E-01   1.110E-04
187.9  9.999E-01   1.103E-04
188.5  9.999E-01   1.097E-04
189.2  9.999E-01   1.091E-04
189.8  9.999E-01   1.087E-04
190.5  9.999E-01   1.083E-04
191.1  9.999E-01   1.081E-04
191.8  9.999E-01   1.080E-04
192.4  9.999E-01   1.058E-04



Output Data from Bed Number 3 is given below:
Time   CP(1,T)/CT  CP(2,T)/CT  CP(3,T)/CT  CP(4,T)/CT  CP(5,T)/CT  CP(6,T)/CT
(min)  (-)         (-)         (-)         (-)         (-)         (-)
0.0    -6.358E-07  1.000E+00
0.7    2.095E-05   1.000E+00
1.3    5.026E-05   9.999E-01
2.0    1.117E-04   9.999E-01
2.6    2.119E-04   9.998E-01
3.3    3.516E-04   9.996E-01
3.9    5.754E-04   9.994E-01
4.6    8.937E-04   9.991E-01
5.2    1.357E-03   9.986E-01
5.9    2.029E-03   9.980E-01
6.5    2.988E-03   9.970E-01
7.2    4.350E-03   9.957E-01
7.8    6.271E-03   9.937E-01
8.5    8.815E-03   9.912E-01
9.1    1.216E-02   9.878E-01
9.8    1.653E-02   9.835E-01
10.4   2.217E-02   9.778E-01
11.1   2.928E-02   9.707E-01
11.7   3.795E-02   9.621E-01
12.4   4.816E-02   9.518E-01
13.0   5.965E-02   9.404E-01
13.7   7.184E-02   9.282E-01
14.3   8.379E-02   9.162E-01
15.0   9.465E-02   9.053E-01
15.6   1.040E-01   8.960E-01
16.3   1.123E-01   8.877E-01
16.9   1.198E-01   8.802E-01
17.6   1.271E-01   8.729E-01
18.2   1.346E-01   8.654E-01
18.9   1.425E-01   8.575E-01
19.5   1.508E-01   8.492E-01
20.2   1.594E-01   8.406E-01
20.8   1.685E-01   8.315E-01
21.5   1.781E-01   8.219E-01
22.1   1.882E-01   8.118E-01
22.8   1.988E-01   8.012E-01
23.4   2.098E-01   7.902E-01
24.1   2.213E-01   7.787E-01
24.7   2.330E-01   7.670E-01
25.4   2.448E-01   7.552E-01
26.0   2.569E-01   7.431E-01
26.7   2.691E-01   7.309E-01
27.3   2.815E-01   7.185E-01
28.0   2.942E-01   7.058E-01
28.6   3.069E-01   6.931E-01
29.3   3.197E-01   6.803E-01
29.9   3.323E-01   6.677E-01
30.6   3.448E-01   6.552E-01
31.2   3.570E-01   6.430E-01
31.9   3.688E-01   6.312E-01
32.5   3.801E-01   6.199E-01
33.2   3.909E-01   6.091E-01
33.8   4.010E-01   5.990E-01
34.5   4.105E-01   5.895E-01
35.1   4.193E-01   5.807E-01
35.8   4.275E-01   5.725E-01
36.4   4.350E-01   5.650E-01
37.1   4.420E-01   5.580E-01
37.7   4.485E-01   5.515E-01
38.4   4.546E-01   5.454E-01
39.0   4.605E-01   5.395E-01
39.7   4.662E-01   5.338E-01
40.3   4.718E-01   5.282E-01
41.0   4.773E-01   5.227E-01
41.6   4.829E-01   5.171E-01
42.3   4.884E-01   5.116E-01
42.9   4.937E-01   5.063E-01
43.6   4.991E-01   5.009E-01
44.2   5.045E-01   4.955E-01
44.9   5.100E-01   4.900E-01
45.5   5.155E-01   4.845E-01
46.2   5.210E-01   4.790E-01
46.8   5.264E-01   4.736E-01
47.5   5.319E-01   4.681E-01
48.1   5.375E-01   4.625E-01
48.8   5.430E-01   4.570E-01
49.4   5.486E-01   4.514E-01
50.1   5.542E-01   4.458E-01
50.7   5.597E-01   4.403E-01
51.4   5.654E-01   4.346E-01
52.0   5.710E-01   4.290E-01
52.7   5.766E-01   4.234E-01
53.3   5.822E-01   4.178E-01
54.0   5.878E-01   4.122E-01
54.6   5.935E-01   4.065E-01
55.3   5.990E-01   4.010E-01
55.9   6.046E-01   3.954E-01
56.6   6.101E-01   3.899E-01
57.2   6.156E-01   3.844E-01
57.9   6.211E-01   3.789E-01
58.5   6.266E-01   3.734E-01
59.2   6.320E-01   3.680E-01
59.8   6.373E-01   3.627E-01
60.5   6.426E-01   3.574E-01
61.1   6.478E-01   3.522E-01
61.8   6.529E-01   3.471E-01
62.4   6.579E-01   3.421E-01
63.1   6.628E-01   3.372E-01
63.7   6.676E-01   3.324E-01
64.4   6.723E-01   3.277E-01
65.0   6.770E-01   3.230E-01
65.7   6.815E-01   3.185E-01
66.3   6.859E-01   3.141E-01
67.0   6.901E-01   3.099E-01
67.6   6.943E-01   3.057E-01
68.3   6.983E-01   3.017E-01
68.9   7.022E-01   2.978E-01
69.6   7.060E-01   2.940E-01
70.2   7.097E-01   2.903E-01
70.9   7.133E-01   2.867E-01
71.5   7.167E-01   2.833E-01
72.2   7.201E-01   2.799E-01
72.8   7.233E-01   2.767E-01
73.5   7.266E-01   2.734E-01
74.1   7.298E-01   2.702E-01
74.8   7.330E-01   2.670E-01
75.4   7.360E-01   2.640E-01
76.1   7.390E-01   2.610E-01
76.7   7.419E-01   2.581E-01
77.4   7.448E-01   2.552E-01
78.0   7.476E-01   2.524E-01
78.7   7.504E-01   2.496E-01
79.3   7.532E-01   2.468E-01
80.0   7.559E-01   2.441E-01
80.6   7.586E-01   2.414E-01
81.3   7.614E-01   2.386E-01
81.9   7.641E-01   2.359E-01
82.6   7.668E-01   2.332E-01
83.2   7.696E-01   2.304E-01
83.9   7.723E-01   2.277E-01
84.5   7.750E-01   2.250E-01
85.2   7.776E-01   2.224E-01
85.8   7.803E-01   2.197E-01
86.5   7.830E-01   2.170E-01
87.1   7.857E-01   2.143E-01
87.8   7.884E-01   2.116E-01
88.4   7.911E-01   2.089E-01
89.1   7.939E-01   2.061E-01
89.7   7.966E-01   2.034E-01
90.4   7.994E-01   2.006E-01
91.0   8.021E-01   1.979E-01
91.7   8.049E-01   1.951E-01
92.3   8.077E-01   1.923E-01
93.0   8.104E-01   1.896E-01
93.6   8.133E-01   1.867E-01
94.3   8.161E-01   1.839E-01
94.9   8.189E-01   1.811E-01
95.6   8.217E-01   1.783E-01
96.2   8.246E-01   1.754E-01
96.9   8.274E-01   1.726E-01
97.5   8.302E-01   1.698E-01
98.2   8.331E-01   1.669E-01
98.8   8.360E-01   1.640E-01
99.5   8.389E-01   1.611E-01
100.1  8.418E-01   1.582E-01
100.8  8.448E-01   1.552E-01
101.4  8.477E-01   1.523E-01
102.1  8.507E-01   1.493E-01
102.7  8.537E-01   1.463E-01
103.4  8.566E-01   1.434E-01
104.0  8.595E-01   1.405E-01
104.7  8.623E-01   1.377E-01
105.3  8.652E-01   1.348E-01
106.0  8.680E-01   1.320E-01
106.6  8.708E-01   1.292E-01
107.3  8.736E-01   1.264E-01
107.9  8.763E-01   1.237E-01
108.6  8.790E-01   1.210E-01
109.2  8.816E-01   1.184E-01
109.9  8.842E-01   1.158E-01
110.5  8.867E-01   1.133E-01
111.2  8.893E-01   1.107E-01
111.8  8.918E-01   1.082E-01
112.5  8.942E-01   1.058E-01
113.1  8.966E-01   1.034E-01
113.8  8.990E-01   1.010E-01
114.4  9.013E-01   9.868E-02
115.1  9.036E-01   9.640E-02
115.7  9.058E-01   9.416E-02
116.4  9.080E-01   9.196E-02
117.0  9.102E-01   8.980E-02
117.7  9.123E-01   8.770E-02
118.3  9.144E-01   8.563E-02
119.0  9.164E-01   8.360E-02
119.6  9.184E-01   8.161E-02
120.3  9.204E-01   7.965E-02
120.9  9.223E-01   7.772E-02
121.6  9.242E-01   7.584E-02
122.2  9.260E-01   7.399E-02
122.9  9.278E-01   7.217E-02
123.5  9.296E-01   7.037E-02
124.2  9.314E-01   6.858E-02
124.8  9.332E-01   6.682E-02
125.5  9.349E-01   6.508E-02
126.1  9.367E-01   6.335E-02
126.8  9.384E-01   6.163E-02
127.4  9.401E-01   5.993E-02
128.1  9.417E-01   5.827E-02
128.7  9.434E-01   5.661E-02
129.4  9.450E-01   5.498E-02
130.0  9.466E-01   5.336E-02
130.7  9.483E-01   5.175E-02
131.3  9.498E-01   5.015E-02
132.0  9.514E-01   4.857E-02
132.6  9.530E-01   4.702E-02
133.3  9.545E-01   4.548E-02
133.9  9.561E-01   4.395E-02
134.6  9.576E-01   4.244E-02
135.2  9.591E-01   4.094E-02
135.9  9.605E-01   3.946E-02
136.5  9.620E-01   3.799E-02
137.2  9.635E-01   3.655E-02
137.8  9.649E-01   3.512E-02
138.5  9.663E-01   3.371E-02
139.1  9.677E-01   3.232E-02
139.8  9.691E-01   3.095E-02
140.4  9.704E-01   2.959E-02
141.1  9.717E-01   2.826E-02
141.7  9.731E-01   2.694E-02
142.4  9.744E-01   2.564E-02
143.0  9.756E-01   2.436E-02
143.7  9.769E-01   2.311E-02
144.3  9.781E-01   2.187E-02
145.0  9.793E-01   2.065E-02
145.6  9.805E-01   1.948E-02
146.3  9.817E-01   1.834E-02
146.9  9.828E-01   1.723E-02
147.6  9.838E-01   1.616E-02
148.2  9.849E-01   1.513E-02
148.9  9.859E-01   1.414E-02
149.5  9.868E-01   1.318E-02
150.2  9.877E-01   1.227E-02
150.8  9.886E-01   1.140E-02
151.5  9.894E-01   1.058E-02
152.1  9.902E-01   9.801E-03
152.8  9.909E-01   9.072E-03
153.4  9.916E-01   8.392E-03
154.1  9.922E-01   7.760E-03
154.7  9.929E-01   7.149E-03
155.4  9.934E-01   6.578E-03
156.0  9.940E-01   6.048E-03
156.7  9.944E-01   5.558E-03
157.3  9.949E-01   5.108E-03
158.0  9.953E-01   4.697E-03
158.6  9.957E-01   4.321E-03
159.3  9.960E-01   3.966E-03
159.9  9.964E-01   3.642E-03
160.6  9.967E-01   3.347E-03
161.2  9.969E-01   3.079E-03
161.9  9.972E-01   2.839E-03
162.5  9.974E-01   2.624E-03
163.2  9.976E-01   2.427E-03
163.8  9.978E-01   2.246E-03
164.5  9.979E-01   2.080E-03
165.1  9.981E-01   1.930E-03
165.8  9.982E-01   1.792E-03
166.4  9.983E-01   1.665E-03
167.1  9.985E-01   1.548E-03
167.7  9.986E-01   1.443E-03
168.4  9.987E-01   1.348E-03
169.0  9.987E-01   1.260E-03
169.7  9.988E-01   1.178E-03
170.3  9.989E-01   1.100E-03
171.0  9.990E-01   1.024E-03
171.6  9.991E-01   9.496E-04
172.3  9.991E-01   8.864E-04
172.9  9.992E-01   8.275E-04
173.6  9.992E-01   7.713E-04
174.2  9.993E-01   7.171E-04
174.9  9.993E-01   6.639E-04
175.5  9.994E-01   6.111E-04
176.2  9.994E-01   5.595E-04
176.8  9.995E-01   5.242E-04
177.5  9.995E-01   4.923E-04
178.1  9.995E-01   4.634E-04
178.8  9.996E-01   4.373E-04
179.4  9.996E-01   4.137E-04
180.1  9.996E-01   3.922E-04
180.7  9.996E-01   3.726E-04
181.4  9.996E-01   3.546E-04
182.0  9.997E-01   3.379E-04
182.7  9.997E-01   3.224E-04
183.3  9.997E-01   3.100E-04
184.0  9.997E-01   2.986E-04
184.6  9.997E-01   2.882E-04
185.3  9.997E-01   2.784E-04
185.9  9.997E-01   2.690E-04
186.6  9.997E-01   2.597E-04
187.2  9.997E-01   2.505E-04
187.9  9.998E-01   2.409E-04
188.5  9.998E-01   2.308E-04
189.2  9.998E-01   2.205E-04
189.8  9.998E-01   2.145E-04
190.5  9.998E-01   2.088E-04
191.1  9.998E-01   2.034E-04
191.8  9.998E-01   1.983E-04
192.4  9.998E-01   1.933E-04
193.1  9.998E-01   1.883E-04
193.7  9.998E-01   1.833E-04
194.4  9.998E-01   1.781E-04
195.0  9.998E-01   1.728E-04
195.7  9.998E-01   1.673E-04
196.3  9.998E-01   1.637E-04
197.0  9.998E-01   1.602E-04
197.6  9.998E-01   1.569E-04
198.3  9.998E-01   1.537E-04
198.9  9.998E-01   1.506E-04
199.6  9.999E-01   1.476E-04
200.2  9.999E-01   1.447E-04
200.9  9.999E-01   1.418E-04
201.5  9.999E-01   1.389E-04
202.2  9.999E-01   1.347E-04
202.8  9.999E-01   1.328E-04
203.5  9.999E-01   1.310E-04
204.1  9.999E-01   1.293E-04
204.8  9.999E-01   1.275E-04
205.4  9.999E-01   1.259E-04
206.1  9.999E-01   1.243E-04
206.7  9.999E-01   1.228E-04
207.4  9.999E-01   1.213E-04
208.0  9.999E-01   1.198E-04
208.7  9.999E-01   1.185E-04
209.3  9.999E-01   1.173E-04
210.0  9.999E-01   1.163E-04
210.6  9.999E-01   1.153E-04
211.3  9.999E-01   1.144E-04
211.9  9.999E-01   1.136E-04
212.6  9.999E-01   1.129E-04
213.2  9.999E-01   1.122E-04
213.9  9.999E-01   1.117E-04
214.5  9.999E-01   1.112E-04
215.2  9.999E-01   1.108E-04
215.8  9.999E-01   1.102E-04
216.5  9.999E-01   1.096E-04
217.1  9.999E-01   1.091E-04
217.8  9.999E-01   1.086E-04
218.4  9.999E-01   1.082E-04
219.1  9.999E-01   1.077E-04
219.7  9.999E-01   1.073E-04



Output Data from Bed Number 4 is given below:
Time   CP(1,T)/CT  CP(2,T)/CT  CP(3,T)/CT  CP(4,T)/CT  CP(5,T)/CT  CP(6,T)/CT
(min)  (-)         (-)         (-)         (-)         (-)         (-)
0.0    -6.357E-07  1.000E+00
0.7    7.998E-06   1.000E+00
1.3    8.007E-06   1.000E+00
2.0    8.012E-06   1.000E+00
2.6    8.055E-06   1.000E+00
3.3    8.154E-06   1.000E+00
3.9    1.189E-05   1.000E+00
4.6    1.614E-05   1.000E+00
5.2    2.242E-05   1.000E+00
5.9    3.271E-05   1.000E+00
6.5    4.862E-05   1.000E+00
7.2    6.985E-05   9.999E-01
7.8    1.006E-04   9.999E-01
8.5    1.461E-04   9.999E-01
9.1    2.035E-04   9.998E-01
9.8    2.806E-04   9.997E-01
10.4   3.871E-04   9.996E-01
11.1   5.285E-04   9.995E-01
11.7   7.142E-04   9.993E-01
12.4   9.576E-04   9.990E-01
13.0   1.273E-03   9.987E-01
13.7   1.682E-03   9.983E-01
14.3   2.206E-03   9.978E-01
15.0   2.886E-03   9.971E-01
15.6   3.758E-03   9.962E-01
16.3   4.846E-03   9.952E-01
16.9   6.177E-03   9.938E-01
17.6   7.806E-03   9.922E-01
18.2   9.800E-03   9.902E-01
18.9   1.224E-02   9.878E-01
19.5   1.519E-02   9.848E-01
20.2   1.872E-02   9.813E-01
20.8   2.292E-02   9.771E-01
21.5   2.782E-02   9.722E-01
22.1   3.343E-02   9.666E-01
22.8   3.974E-02   9.603E-01
23.4   4.665E-02   9.534E-01
24.1   5.395E-02   9.460E-01
24.7   6.132E-02   9.387E-01
25.4   6.838E-02   9.316E-01
26.0   7.497E-02   9.250E-01
26.7   8.111E-02   9.189E-01
27.3   8.664E-02   9.134E-01
28.0   9.224E-02   9.078E-01
28.6   9.751E-02   9.025E-01
29.3   1.028E-01   8.972E-01
29.9   1.084E-01   8.916E-01
30.6   1.143E-01   8.857E-01
31.2   1.205E-01   8.795E-01
31.9   1.270E-01   8.730E-01
32.5   1.337E-01   8.663E-01
33.2   1.407E-01   8.593E-01
33.8   1.481E-01   8.519E-01
34.5   1.558E-01   8.442E-01
35.1   1.638E-01   8.362E-01
35.8   1.722E-01   8.278E-01
36.4   1.810E-01   8.190E-01
37.1   1.900E-01   8.100E-01
37.7   1.991E-01   8.009E-01
38.4   2.083E-01   7.917E-01
39.0   2.177E-01   7.823E-01
39.7   2.273E-01   7.727E-01
40.3   2.370E-01   7.630E-01
41.0   2.469E-01   7.531E-01
41.6   2.568E-01   7.432E-01
42.3   2.668E-01   7.332E-01
42.9   2.768E-01   7.232E-01
43.6   2.867E-01   7.133E-01
44.2   2.965E-01   7.035E-01
44.9   3.063E-01   6.937E-01
45.5   3.160E-01   6.840E-01
46.2   3.253E-01   6.747E-01
46.8   3.344E-01   6.656E-01
47.5   3.431E-01   6.569E-01
48.1   3.514E-01   6.486E-01
48.8   3.593E-01   6.407E-01
49.4   3.668E-01   6.332E-01
50.1   3.737E-01   6.263E-01
50.7   3.803E-01   6.197E-01
51.4   3.865E-01   6.135E-01
52.0   3.924E-01   6.076E-01
52.7   3.981E-01   6.019E-01
53.3   4.036E-01   5.964E-01
54.0   4.090E-01   5.910E-01
54.6   4.142E-01   5.858E-01
55.3   4.192E-01   5.808E-01
55.9   4.242E-01   5.758E-01
56.6   4.292E-01   5.708E-01
57.2   4.343E-01   5.657E-01
57.9   4.393E-01   5.607E-01
58.5   4.445E-01   5.555E-01
59.2   4.497E-01   5.503E-01
59.8   4.550E-01   5.450E-01
60.5   4.602E-01   5.398E-01
61.1   4.656E-01   5.344E-01
61.8   4.709E-01   5.291E-01
62.4   4.763E-01   5.237E-01
63.1   4.817E-01   5.183E-01
63.7   4.872E-01   5.128E-01
64.4   4.927E-01   5.073E-01
65.0   4.983E-01   5.017E-01
65.7   5.040E-01   4.960E-01
66.3   5.096E-01   4.904E-01
67.0   5.152E-01   4.848E-01
67.6   5.208E-01   4.792E-01
68.3   5.264E-01   4.736E-01
68.9   5.321E-01   4.679E-01
69.6   5.378E-01   4.622E-01
70.2   5.436E-01   4.564E-01
70.9   5.493E-01   4.507E-01
71.5   5.551E-01   4.449E-01
72.2   5.609E-01   4.391E-01
72.8   5.666E-01   4.334E-01
73.5   5.723E-01   4.277E-01
74.1   5.780E-01   4.220E-01
74.8   5.836E-01   4.164E-01
75.4   5.892E-01   4.108E-01
76.1   5.947E-01   4.053E-01
76.7   6.002E-01   3.998E-01
77.4   6.055E-01   3.945E-01
78.0   6.108E-01   3.892E-01
78.7   6.160E-01   3.840E-01
79.3   6.211E-01   3.789E-01
80.0   6.261E-01   3.739E-01
80.6   6.310E-01   3.690E-01
81.3   6.358E-01   3.642E-01
81.9   6.405E-01   3.595E-01
82.6   6.451E-01   3.549E-01
83.2   6.496E-01   3.504E-01
83.9   6.540E-01   3.460E-01
84.5   6.583E-01   3.417E-01
85.2   6.625E-01   3.375E-01
85.8   6.665E-01   3.335E-01
86.5   6.703E-01   3.297E-01
87.1   6.741E-01   3.259E-01
87.8   6.777E-01   3.223E-01
88.4   6.814E-01   3.186E-01
89.1   6.850E-01   3.150E-01
89.7   6.885E-01   3.115E-01
90.4   6.920E-01   3.080E-01
91.0   6.955E-01   3.045E-01
91.7   6.989E-01   3.011E-01
92.3   7.022E-01   2.978E-01
93.0   7.055E-01   2.945E-01
93.6   7.087E-01   2.913E-01
94.3   7.119E-01   2.881E-01
94.9   7.151E-01   2.849E-01
95.6   7.183E-01   2.817E-01
96.2   7.214E-01   2.786E-01
96.9   7.246E-01   2.754E-01
97.5   7.278E-01   2.722E-01
98.2   7.310E-01   2.690E-01
98.8   7.342E-01   2.658E-01
99.5   7.374E-01   2.626E-01
100.1  7.406E-01   2.594E-01
100.8  7.439E-01   2.561E-01
101.4  7.472E-01   2.528E-01
102.1  7.506E-01   2.494E-01
102.7  7.539E-01   2.461E-01
103.4  7.573E-01   2.427E-01
104.0  7.607E-01   2.393E-01
104.7  7.641E-01   2.359E-01
105.3  7.676E-01   2.324E-01
106.0  7.710E-01   2.290E-01
106.6  7.745E-01   2.255E-01
107.3  7.780E-01   2.220E-01
107.9  7.814E-01   2.186E-01
108.6  7.849E-01   2.151E-01
109.2  7.883E-01   2.117E-01
109.9  7.917E-01   2.083E-01
110.5  7.951E-01   2.049E-01
111.2  7.985E-01   2.015E-01
111.8  8.020E-01   1.980E-01
112.5  8.055E-01   1.945E-01
113.1  8.089E-01   1.911E-01
113.8  8.124E-01   1.876E-01
114.4  8.159E-01   1.841E-01
115.1  8.194E-01   1.806E-01
115.7  8.229E-01   1.771E-01
116.4  8.263E-01   1.737E-01
117.0  8.297E-01   1.703E-01
117.7  8.330E-01   1.670E-01
118.3  8.363E-01   1.637E-01
119.0  8.395E-01   1.605E-01
119.6  8.428E-01   1.572E-01
120.3  8.460E-01   1.540E-01
120.9  8.492E-01   1.508E-01
121.6  8.524E-01   1.476E-01
122.2  8.556E-01   1.444E-01
122.9  8.587E-01   1.413E-01
123.5  8.618E-01   1.382E-01
124.2  8.648E-01   1.352E-01
124.8  8.678E-01   1.322E-01
125.5  8.707E-01   1.293E-01
126.1  8.737E-01   1.263E-01
126.8  8.765E-01   1.235E-01
127.4  8.793E-01   1.207E-01
128.1  8.821E-01   1.179E-01
128.7  8.848E-01   1.152E-01
129.4  8.875E-01   1.125E-01
130.0  8.901E-01   1.099E-01
130.7  8.927E-01   1.073E-01
131.3  8.952E-01   1.048E-01
132.0  8.976E-01   1.024E-01
132.6  9.000E-01   9.999E-02
133.3  9.024E-01   9.764E-02
133.9  9.047E-01   9.534E-02
134.6  9.069E-01   9.309E-02
135.2  9.091E-01   9.090E-02
135.9  9.112E-01   8.876E-02
136.5  9.133E-01   8.667E-02
137.2  9.154E-01   8.460E-02
137.8  9.174E-01   8.258E-02
138.5  9.194E-01   8.059E-02
139.1  9.214E-01   7.864E-02
139.8  9.233E-01   7.673E-02
140.4  9.251E-01   7.485E-02
141.1  9.270E-01   7.300E-02
141.7  9.288E-01   7.117E-02
142.4  9.306E-01   6.936E-02
143.0  9.324E-01   6.757E-02
143.7  9.342E-01   6.580E-02
144.3  9.360E-01   6.405E-02
145.0  9.377E-01   6.231E-02
145.6  9.394E-01   6.059E-02
146.3  9.411E-01   5.889E-02
146.9  9.428E-01   5.721E-02
147.6  9.445E-01   5.553E-02
148.2  9.461E-01   5.386E-02
148.9  9.478E-01   5.220E-02
149.5  9.494E-01   5.057E-02
150.2  9.510E-01   4.897E-02
150.8  9.526E-01   4.739E-02
151.5  9.542E-01   4.583E-02
152.1  9.557E-01   4.429E-02
152.8  9.572E-01   4.276E-02
153.4  9.587E-01   4.126E-02
154.1  9.602E-01   3.977E-02
154.7  9.617E-01   3.830E-02
155.4  9.632E-01   3.684E-02
156.0  9.646E-01   3.540E-02
156.7  9.660E-01   3.398E-02
157.3  9.674E-01   3.257E-02
158.0  9.688E-01   3.118E-02
158.6  9.702E-01   2.982E-02
159.3  9.715E-01   2.847E-02
159.9  9.729E-01   2.714E-02
160.6  9.742E-01   2.583E-02
161.2  9.755E-01   2.455E-02
161.9  9.767E-01   2.328E-02
162.5  9.779E-01   2.205E-02
163.2  9.791E-01   2.086E-02
163.8  9.803E-01   1.969E-02
164.5  9.814E-01   1.856E-02
165.1  9.825E-01   1.746E-02
165.8  9.836E-01   1.640E-02
166.4  9.846E-01   1.537E-02
167.1  9.856E-01   1.438E-02
167.7  9.866E-01   1.343E-02
168.4  9.875E-01   1.252E-02
169.0  9.883E-01   1.165E-02
169.7  9.892E-01   1.083E-02
170.3  9.900E-01   1.005E-02
171.0  9.907E-01   9.302E-03
171.6  9.914E-01   8.598E-03
172.3  9.921E-01   7.936E-03
172.9  9.927E-01   7.317E-03
173.6  9.933E-01   6.742E-03
174.2  9.938E-01   6.212E-03
174.9  9.943E-01   5.723E-03
175.5  9.947E-01   5.258E-03
176.2  9.952E-01   4.830E-03
176.8  9.956E-01   4.437E-03
177.5  9.959E-01   4.080E-03
178.1  9.962E-01   3.757E-03
178.8  9.965E-01   3.468E-03
179.4  9.968E-01   3.200E-03
180.1  9.970E-01   2.953E-03
180.7  9.973E-01   2.729E-03
181.4  9.975E-01   2.527E-03
182.0  9.977E-01   2.344E-03
182.7  9.978E-01   2.181E-03
183.3  9.980E-01   2.033E-03
184.0  9.981E-01   1.895E-03
184.6  9.982E-01   1.768E-03
185.3  9.984E-01   1.649E-03
185.9  9.985E-01   1.538E-03
186.6  9.986E-01   1.432E-03
187.2  9.987E-01   1.328E-03
187.9  9.988E-01   1.234E-03
188.5  9.988E-01   1.152E-03
189.2  9.989E-01   1.074E-03
189.8  9.990E-01   1.000E-03
190.5  9.991E-01   9.297E-04
191.1  9.991E-01   8.607E-04
191.8  9.992E-01   7.926E-04
192.4  9.993E-01   7.370E-04
193.1  9.993E-01   6.861E-04
193.7  9.994E-01   6.393E-04
194.4  9.994E-01   5.963E-04
195.0  9.994E-01   5.569E-04
195.7  9.995E-01   5.208E-04
196.3  9.995E-01   4.878E-04
197.0  9.995E-01   4.578E-04
197.6  9.996E-01   4.304E-04
198.3  9.996E-01   4.054E-04
198.9  9.996E-01   3.825E-04
199.6  9.996E-01   3.614E-04
200.2  9.997E-01   3.419E-04
200.9  9.997E-01   3.170E-04
201.5  9.997E-01   3.037E-04
202.2  9.997E-01   2.904E-04
202.8  9.997E-01   2.771E-04
203.5  9.997E-01   2.638E-04
204.1  9.997E-01   2.505E-04
204.8  9.998E-01   2.378E-04
205.4  9.998E-01   2.275E-04
206.1  9.998E-01   2.177E-04
206.7  9.998E-01   2.084E-04
207.4  9.998E-01   1.996E-04
208.0  9.998E-01   1.913E-04
208.7  9.998E-01   1.836E-04
209.3  9.998E-01   1.763E-04
210.0  9.998E-01   1.696E-04
210.6  9.998E-01   1.634E-04
211.3  9.998E-01   1.576E-04
211.9  9.998E-01   1.520E-04
212.6  9.999E-01   1.468E-04
213.2  9.999E-01   1.420E-04
213.9  9.999E-01   1.377E-04
214.5  9.999E-01   1.339E-04
215.2  9.999E-01   1.304E-04
215.8  9.999E-01   1.274E-04
216.5  9.999E-01   1.249E-04
217.1  9.999E-01   1.228E-04
217.8  9.999E-01   1.209E-04
218.4  9.999E-01   1.185E-04
219.1  9.999E-01   1.164E-04
219.7  9.999E-01   1.146E-04
220.4  9.999E-01   1.130E-04
221.0  9.999E-01   1.116E-04
221.7  9.999E-01   1.105E-04
222.3  9.999E-01   1.097E-04
223.0  9.999E-01   1.091E-04
223.6  9.999E-01   1.087E-04
224.3  9.999E-01   1.036E-04



Output Data from Bed Number 5 is given below:
Time   CP(1,T)/CT  CP(2,T)/CT  CP(3,T)/CT  CP(4,T)/CT  CP(5,T)/CT  CP(6,T)/CT
(min)  (-)         (-)         (-)         (-)         (-)         (-)
0.0    -6.357E-07  1.000E+00
0.7    7.998E-06   1.000E+00
1.3    8.007E-06   1.000E+00
2.0    8.012E-06   1.000E+00
2.6    8.017E-06   1.000E+00
3.3    8.022E-06   1.000E+00
3.9    8.027E-06   1.000E+00
4.6    8.032E-06   1.000E+00
5.2    8.037E-06   1.000E+00
5.9    8.042E-06   1.000E+00
6.5    8.047E-06   1.000E+00
7.2    8.052E-06   1.000E+00
7.8    8.057E-06   1.000E+00
8.5    8.062E-06   1.000E+00
9.1    8.067E-06   1.000E+00
9.8    8.072E-06   1.000E+00
10.4   8.267E-06   1.000E+00
11.1   8.962E-06   1.000E+00
11.7   1.191E-05   1.000E+00
12.4   1.670E-05   1.000E+00
13.0   2.080E-05   1.000E+00
13.7   2.717E-05   1.000E+00
14.3   3.585E-05   1.000E+00
15.0   4.702E-05   1.000E+00
15.6   6.164E-05   9.999E-01
16.3   7.922E-05   9.999E-01
16.9   1.019E-04   9.999E-01
17.6   1.292E-04   9.999E-01
18.2   1.648E-04   9.998E-01
18.9   2.078E-04   9.998E-01
19.5   2.641E-04   9.997E-01
20.2   3.337E-04   9.997E-01
20.8   4.188E-04   9.996E-01
21.5   5.260E-04   9.995E-01
22.1   6.578E-04   9.993E-01
22.8   8.219E-04   9.992E-01
23.4   1.023E-03   9.990E-01
24.1   1.269E-03   9.987E-01
24.7   1.573E-03   9.984E-01
25.4   1.946E-03   9.981E-01
26.0   2.407E-03   9.976E-01
26.7   2.972E-03   9.970E-01
27.3   3.650E-03   9.963E-01
28.0   4.463E-03   9.955E-01
28.6   5.427E-03   9.946E-01
29.3   6.570E-03   9.934E-01
29.9   7.934E-03   9.921E-01
30.6   9.560E-03   9.904E-01
31.2   1.149E-02   9.885E-01
31.9   1.375E-02   9.863E-01
32.5   1.639E-02   9.836E-01
33.2   1.946E-02   9.805E-01
33.8   2.298E-02   9.770E-01
34.5   2.696E-02   9.730E-01
35.1   3.139E-02   9.686E-01
35.8   3.626E-02   9.637E-01
36.4   4.150E-02   9.585E-01
37.1   4.694E-02   9.531E-01
37.7   5.244E-02   9.476E-01
38.4   5.778E-02   9.422E-01
39.0   6.285E-02   9.372E-01
39.7   6.764E-02   9.324E-01
40.3   7.208E-02   9.279E-01
41.0   7.640E-02   9.236E-01
41.6   8.074E-02   9.193E-01
42.3   8.459E-02   9.154E-01
42.9   8.898E-02   9.110E-01
43.6   9.333E-02   9.067E-01
44.2   9.786E-02   9.021E-01
44.9   1.026E-01   8.974E-01
45.5   1.075E-01   8.925E-01
46.2   1.127E-01   8.873E-01
46.8   1.180E-01   8.820E-01
47.5   1.236E-01   8.764E-01
48.1   1.295E-01   8.705E-01
48.8   1.356E-01   8.644E-01
49.4   1.419E-01   8.581E-01
50.1   1.485E-01   8.515E-01
50.7   1.553E-01   8.447E-01
51.4   1.624E-01   8.376E-01
52.0   1.697E-01   8.303E-01
52.7   1.771E-01   8.229E-01
53.3   1.848E-01   8.152E-01
54.0   1.925E-01   8.075E-01
54.6   2.004E-01   7.996E-01
55.3   2.084E-01   7.916E-01
55.9   2.165E-01   7.835E-01
56.6   2.247E-01   7.753E-01
57.2   2.330E-01   7.670E-01
57.9   2.414E-01   7.586E-01
58.5   2.499E-01   7.501E-01
59.2   2.584E-01   7.416E-01
59.8   2.669E-01   7.331E-01
60.5   2.755E-01   7.245E-01
61.1   2.839E-01   7.161E-01
61.8   2.922E-01   7.078E-01
62.4   3.003E-01   6.997E-01
63.1   3.082E-01   6.918E-01
63.7   3.158E-01   6.842E-01
64.4   3.232E-01   6.768E-01
65.0   3.304E-01   6.696E-01
65.7   3.372E-01   6.628E-01
66.3   3.437E-01   6.563E-01
67.0   3.499E-01   6.501E-01
67.6   3.558E-01   6.442E-01
68.3   3.615E-01   6.385E-01
68.9   3.670E-01   6.330E-01
69.6   3.723E-01   6.277E-01
70.2   3.776E-01   6.224E-01
70.9   3.827E-01   6.173E-01
71.5   3.878E-01   6.122E-01
72.2   3.929E-01   6.071E-01
72.8   3.979E-01   6.021E-01
73.5   4.030E-01   5.970E-01
74.1   4.080E-01   5.920E-01
74.8   4.131E-01   5.869E-01
75.4   4.182E-01   5.818E-01
76.1   4.234E-01   5.766E-01
76.7   4.285E-01   5.715E-01
77.4   4.336E-01   5.664E-01
78.0   4.387E-01   5.613E-01
78.7   4.439E-01   5.561E-01
79.3   4.491E-01   5.509E-01
80.0   4.543E-01   5.457E-01
80.6   4.596E-01   5.404E-01
81.3   4.649E-01   5.351E-01
81.9   4.703E-01   5.297E-01
82.6   4.757E-01   5.243E-01
83.2   4.811E-01   5.189E-01
83.9   4.866E-01   5.134E-01
84.5   4.920E-01   5.080E-01
85.2   4.975E-01   5.025E-01
85.8   5.030E-01   4.970E-01
86.5   5.085E-01   4.915E-01
87.1   5.140E-01   4.860E-01
87.8   5.195E-01   4.805E-01
88.4   5.250E-01   4.750E-01
89.1   5.305E-01   4.695E-01
89.7   5.360E-01   4.640E-01
90.4   5.416E-01   4.584E-01
91.0   5.472E-01   4.528E-01
91.7   5.528E-01   4.472E-01
92.3   5.584E-01   4.416E-01
93.0   5.639E-01   4.361E-01
93.6   5.694E-01   4.306E-01
94.3   5.749E-01   4.251E-01
94.9   5.803E-01   4.197E-01
95.6   5.856E-01   4.144E-01
96.2   5.909E-01   4.091E-01
96.9   5.962E-01   4.038E-01
97.5   6.014E-01   3.986E-01
98.2   6.065E-01   3.935E-01
98.8   6.116E-01   3.884E-01
99.5   6.166E-01   3.834E-01
100.1  6.215E-01   3.785E-01
100.8  6.264E-01   3.736E-01
101.4  6.313E-01   3.687E-01
102.1  6.360E-01   3.640E-01
102.7  6.407E-01   3.593E-01
103.4  6.453E-01   3.547E-01
104.0  6.499E-01   3.501E-01
104.7  6.543E-01   3.457E-01
105.3  6.587E-01   3.413E-01
106.0  6.630E-01   3.370E-01
106.6  6.673E-01   3.327E-01
107.3  6.714E-01   3.286E-01
107.9  6.755E-01   3.245E-01
108.6  6.796E-01   3.204E-01
109.2  6.835E-01   3.165E-01
109.9  6.874E-01   3.126E-01
110.5  6.912E-01   3.088E-01
111.2  6.950E-01   3.050E-01
111.8  6.986E-01   3.014E-01
112.5  7.023E-01   2.977E-01
113.1  7.061E-01   2.939E-01
113.8  7.098E-01   2.902E-01
114.4  7.136E-01   2.864E-01
115.1  7.175E-01   2.825E-01
115.7  7.212E-01   2.788E-01
116.4  7.249E-01   2.751E-01
117.0  7.286E-01   2.714E-01
117.7  7.322E-01   2.678E-01
118.3  7.358E-01   2.642E-01
119.0  7.394E-01   2.606E-01
119.6  7.430E-01   2.570E-01
120.3  7.466E-01   2.534E-01
120.9  7.501E-01   2.499E-01
121.6  7.537E-01   2.463E-01
122.2  7.573E-01   2.427E-01
122.9  7.609E-01   2.391E-01
123.5  7.645E-01   2.355E-01
124.2  7.681E-01   2.319E-01
124.8  7.717E-01   2.283E-01
125.5  7.753E-01   2.247E-01
126.1  7.789E-01   2.211E-01
126.8  7.825E-01   2.175E-01
127.4  7.861E-01   2.139E-01
128.1  7.897E-01   2.103E-01
128.7  7.933E-01   2.067E-01
129.4  7.968E-01   2.032E-01
130.0  8.004E-01   1.996E-01
130.7  8.039E-01   1.961E-01
131.3  8.075E-01   1.925E-01
132.0  8.110E-01   1.890E-01
132.6  8.145E-01   1.855E-01
133.3  8.179E-01   1.821E-01
133.9  8.214E-01   1.786E-01
134.6  8.248E-01   1.752E-01
135.2  8.282E-01   1.718E-01
135.9  8.316E-01   1.684E-01
136.5  8.350E-01   1.650E-01
137.2  8.383E-01   1.617E-01
137.8  8.416E-01   1.584E-01
138.5  8.449E-01   1.551E-01
139.1  8.481E-01   1.519E-01
139.8  8.513E-01   1.487E-01
140.4  8.544E-01   1.456E-01
141.1  8.576E-01   1.424E-01
141.7  8.607E-01   1.393E-01
142.4  8.638E-01   1.362E-01
143.0  8.668E-01   1.332E-01
143.7  8.698E-01   1.302E-01
144.3  8.728E-01   1.272E-01
145.0  8.756E-01   1.244E-01
145.6  8.785E-01   1.215E-01
146.3  8.813E-01   1.187E-01
146.9  8.840E-01   1.160E-01
147.6  8.866E-01   1.134E-01
148.2  8.892E-01   1.108E-01
148.9  8.918E-01   1.082E-01
149.5  8.943E-01   1.057E-01
150.2  8.967E-01   1.033E-01
150.8  8.991E-01   1.009E-01
151.5  9.015E-01   9.855E-02
152.1  9.037E-01   9.626E-02
152.8  9.060E-01   9.401E-02
153.4  9.082E-01   9.180E-02
154.1  9.104E-01   8.964E-02
154.7  9.125E-01   8.751E-02
155.4  9.146E-01   8.541E-02
156.0  9.166E-01   8.335E-02
156.7  9.187E-01   8.132E-02
157.3  9.207E-01   7.933E-02
158.0  9.226E-01   7.737E-02
158.6  9.246E-01   7.544E-02
159.3  9.265E-01   7.354E-02
159.9  9.283E-01   7.166E-02
160.6  9.302E-01   6.980E-02
161.2  9.320E-01   6.797E-02
161.9  9.338E-01   6.617E-02
162.5  9.356E-01   6.439E-02
163.2  9.374E-01   6.264E-02
163.8  9.391E-01   6.092E-02
164.5  9.408E-01   5.921E-02
165.1  9.425E-01   5.753E-02
165.8  9.441E-01   5.587E-02
166.4  9.458E-01   5.422E-02
167.1  9.474E-01   5.259E-02
167.7  9.490E-01   5.098E-02
168.4  9.506E-01   4.938E-02
169.0  9.522E-01   4.779E-02
169.7  9.538E-01   4.623E-02
170.3  9.553E-01   4.467E-02
171.0  9.569E-01   4.313E-02
171.6  9.584E-01   4.161E-02
172.3  9.599E-01   4.010E-02
172.9  9.614E-01   3.860E-02
173.6  9.629E-01   3.712E-02
174.2  9.643E-01   3.565E-02
174.9  9.658E-01   3.420E-02
175.5  9.672E-01   3.276E-02
176.2  9.687E-01   3.135E-02
176.8  9.700E-01   2.996E-02
177.5  9.714E-01   2.859E-02
178.1  9.728E-01   2.725E-02
178.8  9.741E-01   2.593E-02
179.4  9.754E-01   2.465E-02
180.1  9.766E-01   2.339E-02
180.7  9.778E-01   2.217E-02
181.4  9.790E-01   2.097E-02
182.0  9.802E-01   1.980E-02
182.7  9.813E-01   1.867E-02
183.3  9.824E-01   1.758E-02
184.0  9.835E-01   1.652E-02
184.6  9.845E-01   1.550E-02
185.3  9.855E-01   1.453E-02
185.9  9.864E-01   1.359E-02
186.6  9.873E-01   1.269E-02
187.2  9.882E-01   1.183E-02
187.9  9.890E-01   1.101E-02
188.5  9.898E-01   1.023E-02
189.2  9.905E-01   9.504E-03
189.8  9.912E-01   8.818E-03
190.5  9.918E-01   8.174E-03
191.1  9.924E-01   7.566E-03
191.8  9.930E-01   7.001E-03
192.4  9.935E-01   6.475E-03
193.1  9.940E-01   5.991E-03
193.7  9.945E-01   5.546E-03
194.4  9.949E-01   5.140E-03
195.0  9.952E-01   4.772E-03
195.7  9.956E-01   4.429E-03
196.3  9.959E-01   4.112E-03
197.0  9.962E-01   3.820E-03
197.6  9.964E-01   3.551E-03
198.3  9.967E-01   3.302E-03
198.9  9.969E-01   3.069E-03
199.6  9.972E-01   2.848E-03
200.2  9.974E-01   2.641E-03
200.9  9.975E-01   2.459E-03
201.5  9.977E-01   2.289E-03
202.2  9.979E-01   2.128E-03
202.8  9.980E-01   1.974E-03
203.5  9.982E-01   1.824E-03
204.1  9.983E-01   1.676E-03
204.8  9.985E-01   1.528E-03
205.4  9.986E-01   1.396E-03
206.1  9.987E-01   1.277E-03
206.7  9.988E-01   1.165E-03
207.4  9.989E-01   1.059E-03
208.0  9.990E-01   9.617E-04
208.7  9.991E-01   8.716E-04
209.3  9.992E-01   7.897E-04
210.0  9.993E-01   7.154E-04
210.6  9.994E-01   6.429E-04
211.3  9.994E-01   5.770E-04
211.9  9.995E-01   5.181E-04
212.6  9.995E-01   4.665E-04
213.2  9.996E-01   4.229E-04
213.9  9.996E-01   3.877E-04
214.5  9.996E-01   3.619E-04
215.2  9.997E-01   3.369E-04
215.8  9.997E-01   3.123E-04
216.5  9.997E-01   2.915E-04
217.1  9.997E-01   2.741E-04
217.8  9.997E-01   2.596E-04
218.4  9.998E-01   2.476E-04
219.1  9.998E-01   2.376E-04
219.7  9.998E-01   2.289E-04
220.4  9.998E-01   2.212E-04
221.0  9.998E-01   2.137E-04
221.7  9.998E-01   2.060E-04
222.3  9.998E-01   1.974E-04
223.0  9.998E-01   1.874E-04
223.6  9.998E-01   1.751E-04
224.3  9.998E-01   1.601E-04
224.9  9.999E-01   1.474E-04
225.6  9.999E-01   1.387E-04
226.2  9.999E-01   1.310E-04
226.9  9.999E-01   1.246E-04
227.5  9.999E-01   1.198E-04
228.2  9.999E-01   1.173E-04
228.8  9.999E-01   1.174E-04
229.5  9.999E-01   1.206E-04
230.1  9.999E-01   1.187E-04
230.8  9.999E-01   1.171E-04
231.4  9.999E-01   1.157E-04
232.1  9.999E-01   1.145E-04
232.7  9.999E-01   1.132E-04
233.4  9.999E-01   1.118E-04
234.0  9.999E-01   1.102E-04
234.7  9.999E-01   1.085E-04
235.3  9.999E-01   1.079E-04
236.0  9.999E-01   1.074E-04



Output Data from Bed Number 6 is given below:
Time   CP(1,T)/CT  CP(2,T)/CT  CP(3,T)/CT  CP(4,T)/CT  CP(5,T)/CT  CP(6,T)/CT
(min)  (-)         (-)         (-)         (-)         (-)         (-)
0.0    -6.357E-07  1.000E+00
0.7    7.998E-06   1.000E+00
1.3    8.007E-06   1.000E+00
2.0    8.012E-06   1.000E+00
2.6    8.017E-06   1.000E+00
3.3    8.022E-06   1.000E+00
3.9    8.027E-06   1.000E+00
4.6    8.032E-06   1.000E+00
5.2    8.037E-06   1.000E+00
5.9    8.042E-06   1.000E+00
6.5    8.047E-06   1.000E+00
7.2    8.052E-06   1.000E+00
7.8    8.057E-06   1.000E+00
8.5    8.062E-06   1.000E+00
9.1    8.067E-06   1.000E+00
9.8    8.072E-06   1.000E+00
10.4   8.077E-06   1.000E+00
11.1   8.082E-06   1.000E+00
11.7   8.087E-06   1.000E+00
12.4   8.092E-06   1.000E+00
13.0   8.097E-06   1.000E+00
13.7   8.102E-06   1.000E+00
14.3   8.107E-06   1.000E+00
15.0   8.112E-06   1.000E+00
15.6   8.117E-06   1.000E+00
16.3   8.122E-06   1.000E+00
16.9   8.397E-06   1.000E+00
17.6   8.763E-06   1.000E+00
18.2   9.185E-06   1.000E+00
18.9   9.664E-06   1.000E+00
19.5   1.020E-05   1.000E+00
20.2   1.079E-05   1.000E+00
20.8   1.144E-05   1.000E+00
21.5   1.215E-05   1.000E+00
22.1   1.291E-05   1.000E+00
22.8   1.373E-05   1.000E+00
23.4   1.700E-05   1.000E+00
24.1   2.077E-05   1.000E+00
24.7   2.617E-05   1.000E+00
25.4   3.386E-05   1.000E+00
26.0   4.038E-05   1.000E+00
26.7   4.901E-05   1.000E+00
27.3   6.041E-05   9.999E-01
28.0   7.427E-05   9.999E-01
28.6   9.122E-05   9.999E-01
29.3   1.110E-04   9.999E-01
29.9   1.359E-04   9.999E-01
30.6   1.656E-04   9.998E-01
31.2   2.013E-04   9.998E-01
31.9   2.444E-04   9.998E-01
32.5   2.971E-04   9.997E-01
33.2   3.606E-04   9.996E-01
33.8   4.381E-04   9.996E-01
34.5   5.304E-04   9.995E-01
35.1   6.433E-04   9.994E-01
35.8   7.764E-04   9.992E-01
36.4   9.414E-04   9.991E-01
37.1   1.137E-03   9.989E-01
37.7   1.370E-03   9.986E-01
38.4   1.649E-03   9.984E-01
39.0   1.985E-03   9.980E-01
39.7   2.388E-03   9.976E-01
40.3   2.861E-03   9.971E-01
41.0   3.415E-03   9.966E-01
41.6   4.068E-03   9.959E-01
42.3   4.807E-03   9.952E-01
42.9   5.692E-03   9.943E-01
43.6   6.718E-03   9.933E-01
44.2   7.909E-03   9.921E-01
44.9   9.301E-03   9.907E-01
45.5   1.091E-02   9.891E-01
46.2   1.275E-02   9.872E-01
46.8   1.488E-02   9.851E-01
47.5   1.730E-02   9.827E-01
48.1   2.004E-02   9.800E-01
48.8   2.309E-02   9.769E-01
49.4   2.648E-02   9.735E-01
50.1   3.020E-02   9.698E-01
50.7   3.420E-02   9.658E-01
51.4   3.841E-02   9.616E-01
52.0   4.274E-02   9.573E-01
52.7   4.709E-02   9.529E-01
53.3   5.133E-02   9.487E-01
54.0   5.541E-02   9.446E-01
54.6   5.930E-02   9.407E-01
55.3   6.295E-02   9.371E-01
55.9   6.647E-02   9.335E-01
56.6   6.993E-02   9.301E-01
57.2   7.337E-02   9.266E-01
57.9   7.683E-02   9.232E-01
58.5   8.034E-02   9.197E-01
59.2   8.403E-02   9.160E-01
59.8   8.792E-02   9.121E-01
60.5   9.197E-02   9.080E-01
61.1   9.618E-02   9.038E-01
61.8   1.006E-01   8.994E-01
62.4   1.051E-01   8.949E-01
63.1   1.099E-01   8.901E-01
63.7   1.148E-01   8.852E-01
64.4   1.200E-01   8.800E-01
65.0   1.254E-01   8.746E-01
65.7   1.310E-01   8.690E-01
66.3   1.368E-01   8.632E-01
67.0   1.429E-01   8.571E-01
67.6   1.491E-01   8.509E-01
68.3   1.555E-01   8.445E-01
68.9   1.621E-01   8.379E-01
69.6   1.689E-01   8.311E-01
70.2   1.758E-01   8.242E-01
70.9   1.829E-01   8.171E-01
71.5   1.900E-01   8.100E-01
72.2   1.974E-01   8.026E-01
72.8   2.048E-01   7.952E-01
73.5   2.123E-01   7.877E-01
74.1   2.200E-01   7.800E-01
74.8   2.277E-01   7.723E-01
75.4   2.355E-01   7.645E-01
76.1   2.434E-01   7.566E-01
76.7   2.512E-01   7.488E-01
77.4   2.591E-01   7.409E-01
78.0   2.668E-01   7.332E-01
78.7   2.745E-01   7.255E-01
79.3   2.820E-01   7.180E-01
80.0   2.893E-01   7.107E-01
80.6   2.965E-01   7.035E-01
81.3   3.036E-01   6.964E-01
81.9   3.103E-01   6.897E-01
82.6   3.169E-01   6.831E-01
83.2   3.231E-01   6.769E-01
83.9   3.291E-01   6.709E-01
84.5   3.349E-01   6.651E-01
85.2   3.404E-01   6.596E-01
85.8   3.457E-01   6.543E-01
86.5   3.509E-01   6.491E-01
87.1   3.560E-01   6.440E-01
87.8   3.609E-01   6.391E-01
88.4   3.658E-01   6.342E-01
89.1   3.706E-01   6.294E-01
89.7   3.754E-01   6.246E-01
90.4   3.803E-01   6.197E-01
91.0   3.851E-01   6.149E-01
91.7   3.900E-01   6.100E-01
92.3   3.950E-01   6.050E-01
93.0   4.000E-01   6.000E-01
93.6   4.050E-01   5.950E-01
94.3   4.100E-01   5.900E-01
94.9   4.150E-01   5.850E-01
95.6   4.200E-01   5.800E-01
96.2   4.251E-01   5.749E-01
96.9   4.302E-01   5.698E-01
97.5   4.355E-01   5.645E-01
98.2   4.408E-01   5.592E-01
98.8   4.461E-01   5.539E-01
99.5   4.515E-01   5.485E-01
100.1  4.570E-01   5.430E-01
100.8  4.626E-01   5.374E-01
101.4  4.682E-01   5.318E-01
102.1  4.738E-01   5.262E-01
102.7  4.794E-01   5.206E-01
103.4  4.851E-01   5.149E-01
104.0  4.908E-01   5.092E-01
104.7  4.966E-01   5.034E-01
105.3  5.024E-01   4.976E-01
106.0  5.083E-01   4.917E-01
106.6  5.141E-01   4.859E-01
107.3  5.200E-01   4.800E-01
107.9  5.259E-01   4.741E-01
108.6  5.319E-01   4.681E-01
109.2  5.378E-01   4.622E-01
109.9  5.437E-01   4.563E-01
110.5  5.495E-01   4.505E-01
111.2  5.554E-01   4.446E-01
111.8  5.612E-01   4.388E-01
112.5  5.670E-01   4.330E-01
113.1  5.728E-01   4.272E-01
113.8  5.785E-01   4.215E-01
114.4  5.841E-01   4.159E-01
115.1  5.897E-01   4.103E-01
115.7  5.953E-01   4.047E-01
116.4  6.008E-01   3.992E-01
117.0  6.063E-01   3.937E-01
117.7  6.117E-01   3.883E-01
118.3  6.170E-01   3.830E-01
119.0  6.222E-01   3.778E-01
119.6  6.273E-01   3.727E-01
120.3  6.322E-01   3.678E-01
120.9  6.371E-01   3.629E-01
121.6  6.419E-01   3.581E-01
122.2  6.466E-01   3.534E-01
122.9  6.512E-01   3.488E-01
123.5  6.558E-01   3.442E-01
124.2  6.603E-01   3.397E-01
124.8  6.646E-01   3.354E-01
125.5  6.689E-01   3.311E-01
126.1  6.732E-01   3.268E-01
126.8  6.773E-01   3.227E-01
127.4  6.814E-01   3.186E-01
128.1  6.854E-01   3.146E-01
128.7  6.894E-01   3.106E-01
129.4  6.933E-01   3.067E-01
130.0  6.972E-01   3.028E-01
130.7  7.011E-01   2.989E-01
131.3  7.049E-01   2.951E-01
132.0  7.086E-01   2.914E-01
132.6  7.124E-01   2.876E-01
133.3  7.161E-01   2.839E-01
133.9  7.198E-01   2.802E-01
134.6  7.234E-01   2.766E-01
135.2  7.270E-01   2.730E-01
135.9  7.306E-01   2.694E-01
136.5  7.343E-01   2.657E-01
137.2  7.379E-01   2.621E-01
137.8  7.415E-01   2.585E-01
138.5  7.451E-01   2.549E-01
139.1  7.487E-01   2.513E-01
139.8  7.523E-01   2.477E-01
140.4  7.559E-01   2.441E-01
141.1  7.596E-01   2.404E-01
141.7  7.632E-01   2.368E-01
142.4  7.669E-01   2.331E-01
143.0  7.706E-01   2.294E-01
143.7  7.743E-01   2.257E-01
144.3  7.779E-01   2.221E-01
145.0  7.815E-01   2.185E-01
145.6  7.851E-01   2.149E-01
146.3  7.887E-01   2.113E-01
146.9  7.922E-01   2.078E-01
147.6  7.958E-01   2.042E-01
148.2  7.993E-01   2.007E-01
148.9  8.028E-01   1.972E-01
149.5  8.063E-01   1.937E-01
150.2  8.098E-01   1.902E-01
150.8  8.133E-01   1.867E-01
151.5  8.167E-01   1.833E-01
152.1  8.202E-01   1.798E-01
152.8  8.236E-01   1.764E-01
153.4  8.270E-01   1.730E-01
154.1  8.304E-01   1.696E-01
154.7  8.338E-01   1.662E-01
155.4  8.371E-01   1.629E-01
156.0  8.405E-01   1.595E-01
156.7  8.438E-01   1.562E-01
157.3  8.471E-01   1.529E-01
158.0  8.503E-01   1.497E-01
158.6  8.536E-01   1.464E-01
159.3  8.568E-01   1.432E-01
159.9  8.599E-01   1.401E-01
160.6  8.631E-01   1.369E-01
161.2  8.661E-01   1.339E-01
161.9  8.692E-01   1.308E-01
162.5  8.721E-01   1.279E-01
163.2  8.751E-01   1.249E-01
163.8  8.779E-01   1.221E-01
164.5  8.807E-01   1.193E-01
165.1  8.834E-01   1.166E-01
165.8  8.861E-01   1.139E-01
166.4  8.887E-01   1.113E-01
167.1  8.913E-01   1.087E-01
167.7  8.939E-01   1.061E-01
168.4  8.964E-01   1.036E-01
169.0  8.988E-01   1.012E-01
169.7  9.012E-01   9.881E-02
170.3  9.035E-01   9.648E-02
171.0  9.058E-01   9.418E-02
171.6  9.081E-01   9.194E-02
172.3  9.103E-01   8.974E-02
172.9  9.124E-01   8.758E-02
173.6  9.145E-01   8.548E-02
174.2  9.166E-01   8.342E-02
174.9  9.186E-01   8.138E-02
175.5  9.206E-01   7.938E-02
176.2  9.226E-01   7.742E-02
176.8  9.245E-01   7.549E-02
177.5  9.264E-01   7.358E-02
178.1  9.283E-01   7.171E-02
178.8  9.301E-01   6.987E-02
179.4  9.319E-01   6.806E-02
180.1  9.337E-01   6.628E-02
180.7  9.355E-01   6.452E-02
181.4  9.372E-01   6.279E-02
182.0  9.389E-01   6.109E-02
182.7  9.406E-01   5.941E-02
183.3  9.423E-01   5.775E-02
184.0  9.439E-01   5.611E-02
184.6  9.455E-01   5.449E-02
185.3  9.471E-01   5.289E-02
185.9  9.487E-01   5.131E-02
186.6  9.503E-01   4.974E-02
187.2  9.518E-01   4.819E-02
187.9  9.533E-01   4.666E-02
188.5  9.549E-01   4.514E-02
189.2  9.564E-01   4.364E-02
189.8  9.579E-01   4.215E-02
190.5  9.593E-01   4.067E-02
191.1  9.608E-01   3.920E-02
191.8  9.623E-01   3.775E-02
192.4  9.637E-01   3.631E-02
193.1  9.651E-01   3.490E-02
193.7  9.665E-01   3.350E-02
194.4  9.679E-01   3.212E-02
195.0  9.692E-01   3.076E-02
195.7  9.706E-01   2.942E-02
196.3  9.719E-01   2.809E-02
197.0  9.732E-01   2.679E-02
197.6  9.745E-01   2.551E-02
198.3  9.758E-01   2.425E-02
198.9  9.770E-01   2.301E-02
199.6  9.782E-01   2.179E-02
200.2  9.794E-01   2.060E-02
200.9  9.806E-01   1.943E-02
201.5  9.817E-01   1.829E-02
202.2  9.828E-01   1.718E-02
202.8  9.839E-01   1.611E-02
203.5  9.849E-01   1.508E-02
204.1  9.859E-01   1.407E-02
204.8  9.869E-01   1.311E-02
205.4  9.878E-01   1.218E-02
206.1  9.887E-01   1.129E-02
206.7  9.896E-01   1.045E-02
207.4  9.904E-01   9.649E-03
208.0  9.911E-01   8.896E-03
208.7  9.918E-01   8.190E-03
209.3  9.925E-01   7.533E-03
210.0  9.931E-01   6.927E-03
210.6  9.936E-01   6.350E-03
211.3  9.942E-01   5.812E-03
211.9  9.947E-01   5.317E-03
212.6  9.951E-01   4.864E-03
213.2  9.955E-01   4.455E-03
213.9  9.959E-01   4.089E-03
214.5  9.962E-01   3.767E-03
215.2  9.965E-01   3.455E-03
215.8  9.968E-01   3.172E-03
216.5  9.971E-01   2.917E-03
217.1  9.973E-01   2.690E-03
217.8  9.975E-01   2.487E-03
218.4  9.977E-01   2.308E-03
219.1  9.979E-01   2.150E-03
219.7  9.980E-01   1.998E-03
220.4  9.981E-01   1.860E-03
221.0  9.983E-01   1.733E-03
221.7  9.984E-01   1.614E-03
222.3  9.985E-01   1.501E-03
223.0  9.986E-01   1.392E-03
223.6  9.987E-01   1.288E-03
224.3  9.988E-01   1.202E-03
224.9  9.989E-01   1.121E-03
225.6  9.990E-01   1.044E-03
226.2  9.990E-01   9.696E-04
226.9  9.991E-01   8.969E-04
227.5  9.992E-01   8.246E-04
228.2  9.992E-01   7.576E-04
228.8  9.993E-01   7.040E-04
229.5  9.993E-01   6.550E-04
230.1  9.994E-01   6.103E-04
230.8  9.994E-01   5.697E-04
231.4  9.995E-01   5.330E-04
232.1  9.995E-01   4.998E-04
232.7  9.995E-01   4.689E-04
233.4  9.996E-01   4.396E-04
234.0  9.996E-01   4.121E-04
234.7  9.996E-01   3.862E-04
235.3  9.996E-01   3.613E-04
236.0  9.997E-01   3.372E-04
236.6  9.997E-01   3.135E-04
237.3  9.997E-01   2.935E-04
237.9  9.997E-01   2.771E-04
238.6  9.997E-01   2.627E-04
239.2  9.997E-01   2.501E-04
239.9  9.998E-01   2.394E-04
240.5  9.998E-01   2.304E-04
241.2  9.998E-01   2.232E-04
241.8  9.998E-01   2.159E-04
242.5  9.998E-01   2.088E-04
243.1  9.998E-01   2.023E-04
243.8  9.998E-01   1.962E-04
244.4  9.998E-01   1.901E-04
245.1  9.998E-01   1.841E-04
245.7  9.998E-01   1.778E-04
246.4  9.998E-01   1.707E-04
247.0  9.998E-01   1.674E-04
247.7  9.998E-01   1.639E-04
248.3  9.998E-01   1.603E-04
249.0  9.998E-01   1.566E-04
249.6  9.998E-01   1.528E-04
250.0  9.998E-01   1.503E-04



Output Data from Bed Number 7 is given below:
Time   CP(1,T)/CT  CP(2,T)/CT  CP(3,T)/CT  CP(4,T)/CT  CP(5,T)/CT  CP(6,T)/CT
(min)  (-)         (-)         (-)         (-)         (-)         (-)
0.0    -6.357E-07  1.000E+00
0.7    7.998E-06   1.000E+00
1.3    8.007E-06   1.000E+00
2.0    8.012E-06   1.000E+00
2.6    8.017E-06   1.000E+00
3.3    8.022E-06   1.000E+00
3.9    8.027E-06   1.000E+00
4.6    8.032E-06   1.000E+00
5.2    8.037E-06   1.000E+00
5.9    8.042E-06   1.000E+00
6.5    8.047E-06   1.000E+00
7.2    8.052E-06   1.000E+00
7.8    8.057E-06   1.000E+00
8.5    8.062E-06   1.000E+00
9.1    8.067E-06   1.000E+00
9.8    8.072E-06   1.000E+00
10.4   8.077E-06   1.000E+00
11.1   8.082E-06   1.000E+00
11.7   8.087E-06   1.000E+00
12.4   8.092E-06   1.000E+00
13.0   8.097E-06   1.000E+00
13.7   8.102E-06   1.000E+00
14.3   8.107E-06   1.000E+00
15.0   8.112E-06   1.000E+00
15.6   8.117E-06   1.000E+00
16.3   8.122E-06   1.000E+00
16.9   8.127E-06   1.000E+00
17.6   8.132E-06   1.000E+00
18.2   8.137E-06   1.000E+00
18.9   8.142E-06   1.000E+00
19.5   8.148E-06   1.000E+00
20.2   8.153E-06   1.000E+00
20.8   8.158E-06   1.000E+00
21.5   8.163E-06   1.000E+00
22.1   8.168E-06   1.000E+00
22.8   8.173E-06   1.000E+00
23.4   8.178E-06   1.000E+00
24.1   8.183E-06   1.000E+00
24.7   8.188E-06   1.000E+00
25.4   8.193E-06   1.000E+00
26.0   8.198E-06   1.000E+00
26.7   8.204E-06   1.000E+00
27.3   8.209E-06   1.000E+00
28.0   8.214E-06   1.000E+00
28.6   8.219E-06   1.000E+00
29.3   8.224E-06   1.000E+00
29.9   8.463E-06   1.000E+00
30.6   8.781E-06   1.000E+00
31.2   9.147E-06   1.000E+00
31.9   9.563E-06   1.000E+00
32.5   1.003E-05   1.000E+00
33.2   1.054E-05   1.000E+00
33.8   1.110E-05   1.000E+00
34.5   1.172E-05   1.000E+00
35.1   1.238E-05   1.000E+00
35.8   1.309E-05   1.000E+00
36.4   1.583E-05   1.000E+00
37.1   1.887E-05   1.000E+00
37.7   2.308E-05   1.000E+00
38.4   2.750E-05   1.000E+00
39.0   3.432E-05   1.000E+00
39.7   4.007E-05   1.000E+00
40.3   4.778E-05   1.000E+00
41.0   5.732E-05   9.999E-01
41.6   6.863E-05   9.999E-01
42.3   8.216E-05   9.999E-01
42.9   9.768E-05   9.999E-01
43.6   1.162E-04   9.999E-01
44.2   1.383E-04   9.999E-01
44.9   1.634E-04   9.998E-01
45.5   1.947E-04   9.998E-01
46.2   2.311E-04   9.998E-01
46.8   2.751E-04   9.997E-01
47.5   3.265E-04   9.997E-01
48.1   3.879E-04   9.996E-01
48.8   4.600E-04   9.995E-01
49.4   5.456E-04   9.995E-01
50.1   6.469E-04   9.994E-01
50.7   7.650E-04   9.992E-01
51.4   9.037E-04   9.991E-01
52.0   1.069E-03   9.989E-01
52.7   1.264E-03   9.987E-01
53.3   1.492E-03   9.985E-01
54.0   1.763E-03   9.982E-01
54.6   2.080E-03   9.979E-01
55.3   2.448E-03   9.976E-01
55.9   2.871E-03   9.971E-01
56.6   3.357E-03   9.966E-01
57.2   3.919E-03   9.961E-01
57.9   4.565E-03   9.954E-01
58.5   5.306E-03   9.947E-01
59.2   6.160E-03   9.938E-01
59.8   7.152E-03   9.928E-01
60.5   8.294E-03   9.917E-01
61.1   9.600E-03   9.904E-01
61.8   1.109E-02   9.889E-01
62.4   1.278E-02   9.872E-01
63.1   1.470E-02   9.853E-01
63.7   1.685E-02   9.832E-01
64.4   1.926E-02   9.807E-01
65.0   2.194E-02   9.781E-01
65.7   2.488E-02   9.751E-01
66.3   2.809E-02   9.719E-01
67.0   3.153E-02   9.685E-01
67.6   3.515E-02   9.649E-01
68.3   3.888E-02   9.611E-01
68.9   4.267E-02   9.573E-01
69.6   4.644E-02   9.536E-01
70.2   5.009E-02   9.499E-01
70.9   5.360E-02   9.464E-01
71.5   5.693E-02   9.431E-01
72.2   6.012E-02   9.399E-01
72.8   6.322E-02   9.368E-01
73.5   6.629E-02   9.337E-01
74.1   6.939E-02   9.306E-01
74.8   7.253E-02   9.275E-01
75.4   7.575E-02   9.243E-01
76.1   7.915E-02   9.209E-01
76.7   8.283E-02   9.172E-01
77.4   8.660E-02   9.134E-01
78.0   9.028E-02   9.097E-01
78.7   9.411E-02   9.059E-01
79.3   9.825E-02   9.017E-01
80.0   1.026E-01   8.974E-01
80.6   1.071E-01   8.929E-01
81.3   1.118E-01   8.882E-01
81.9   1.166E-01   8.834E-01
82.6   1.217E-01   8.783E-01
83.2   1.269E-01   8.731E-01
83.9   1.324E-01   8.676E-01
84.5   1.380E-01   8.620E-01
85.2   1.438E-01   8.562E-01
85.8   1.498E-01   8.502E-01
86.5   1.559E-01   8.441E-01
87.1   1.621E-01   8.379E-01
87.8   1.685E-01   8.315E-01
88.4   1.750E-01   8.250E-01
89.1   1.817E-01   8.183E-01
89.7   1.885E-01   8.115E-01
90.4   1.954E-01   8.046E-01
91.0   2.025E-01   7.975E-01
91.7   2.096E-01   7.904E-01
92.3   2.168E-01   7.832E-01
93.0   2.242E-01   7.758E-01
93.6   2.315E-01   7.685E-01
94.3   2.389E-01   7.611E-01
94.9   2.463E-01   7.537E-01
95.6   2.536E-01   7.464E-01
96.2   2.609E-01   7.391E-01
96.9   2.682E-01   7.318E-01
97.5   2.753E-01   7.247E-01
98.2   2.824E-01   7.176E-01
98.8   2.893E-01   7.107E-01
99.5   2.960E-01   7.040E-01
100.1  3.026E-01   6.974E-01
100.8  3.090E-01   6.910E-01
101.4  3.151E-01   6.849E-01
102.1  3.210E-01   6.790E-01
102.7  3.267E-01   6.733E-01
103.4  3.323E-01   6.677E-01
104.0  3.377E-01   6.623E-01
104.7  3.430E-01   6.570E-01
105.3  3.481E-01   6.519E-01
106.0  3.533E-01   6.467E-01
106.6  3.583E-01   6.417E-01
107.3  3.634E-01   6.366E-01
107.9  3.684E-01   6.316E-01
108.6  3.734E-01   6.266E-01
109.2  3.785E-01   6.215E-01
109.9  3.835E-01   6.165E-01
110.5  3.886E-01   6.114E-01
111.2  3.938E-01   6.062E-01
111.8  3.990E-01   6.010E-01
112.5  4.042E-01   5.958E-01
113.1  4.095E-01   5.905E-01
113.8  4.148E-01   5.852E-01
114.4  4.201E-01   5.799E-01
115.1  4.255E-01   5.745E-01
115.7  4.310E-01   5.690E-01
116.4  4.365E-01   5.635E-01
117.0  4.421E-01   5.579E-01
117.7  4.477E-01   5.523E-01
118.3  4.533E-01   5.467E-01
119.0  4.590E-01   5.410E-01
119.6  4.647E-01   5.353E-01
120.3  4.705E-01   5.295E-01
120.9  4.763E-01   5.237E-01
121.6  4.821E-01   5.179E-01
122.2  4.879E-01   5.121E-01
122.9  4.938E-01   5.062E-01
123.5  4.997E-01   5.003E-01
124.2  5.056E-01   4.944E-01
124.8  5.116E-01   4.884E-01
125.5  5.176E-01   4.824E-01
126.1  5.236E-01   4.764E-01
126.8  5.296E-01   4.704E-01
127.4  5.356E-01   4.644E-01
128.1  5.416E-01   4.584E-01
128.7  5.475E-01   4.525E-01
129.4  5.534E-01   4.466E-01
130.0  5.593E-01   4.407E-01
130.7  5.652E-01   4.348E-01
131.3  5.710E-01   4.290E-01
132.0  5.768E-01   4.232E-01
132.6  5.825E-01   4.175E-01
133.3  5.882E-01   4.118E-01
133.9  5.938E-01   4.062E-01
134.6  5.993E-01   4.007E-01
135.2  6.048E-01   3.952E-01
135.9  6.101E-01   3.899E-01
136.5  6.154E-01   3.846E-01
137.2  6.205E-01   3.795E-01
137.8  6.256E-01   3.744E-01
138.5  6.307E-01   3.693E-01
139.1  6.356E-01   3.644E-01
139.8  6.404E-01   3.596E-01
140.4  6.452E-01   3.548E-01
141.1  6.498E-01   3.502E-01
141.7  6.544E-01   3.456E-01
142.4  6.590E-01   3.410E-01
143.0  6.634E-01   3.366E-01
143.7  6.678E-01   3.322E-01
144.3  6.721E-01   3.279E-01
145.0  6.763E-01   3.237E-01
145.6  6.804E-01   3.196E-01
146.3  6.844E-01   3.156E-01
146.9  6.883E-01   3.117E-01
147.6  6.921E-01   3.079E-01
148.2  6.959E-01   3.041E-01
148.9  6.997E-01   3.003E-01
149.5  7.035E-01   2.965E-01
150.2  7.073E-01   2.927E-01
150.8  7.111E-01   2.889E-01
151.5  7.149E-01   2.851E-01
152.1  7.186E-01   2.814E-01
152.8  7.223E-01   2.777E-01
153.4  7.259E-01   2.741E-01
154.1  7.296E-01   2.704E-01
154.7  7.332E-01   2.668E-01
155.4  7.368E-01   2.632E-01
156.0  7.405E-01   2.595E-01
156.7  7.442E-01   2.558E-01
157.3  7.478E-01   2.522E-01
158.0  7.515E-01   2.485E-01
158.6  7.551E-01   2.449E-01
159.3  7.588E-01   2.412E-01
159.9  7.625E-01   2.375E-01
160.6  7.661E-01   2.339E-01
161.2  7.698E-01   2.302E-01
161.9  7.735E-01   2.265E-01
162.5  7.771E-01   2.229E-01
163.2  7.807E-01   2.193E-01
163.8  7.843E-01   2.157E-01
164.5  7.879E-01   2.121E-01
165.1  7.915E-01   2.085E-01
165.8  7.951E-01   2.049E-01
166.4  7.986E-01   2.014E-01
167.1  8.022E-01   1.978E-01
167.7  8.057E-01   1.943E-01
168.4  8.092E-01   1.908E-01
169.0  8.127E-01   1.873E-01
169.7  8.162E-01   1.838E-01
170.3  8.197E-01   1.803E-01
171.0  8.232E-01   1.768E-01
171.6  8.266E-01   1.734E-01
172.3  8.300E-01   1.700E-01
172.9  8.334E-01   1.666E-01
173.6  8.368E-01   1.632E-01
174.2  8.401E-01   1.599E-01
174.9  8.435E-01   1.565E-01
175.5  8.467E-01   1.533E-01
176.2  8.500E-01   1.500E-01
176.8  8.532E-01   1.468E-01
177.5  8.564E-01   1.436E-01
178.1  8.595E-01   1.405E-01
178.8  8.626E-01   1.374E-01
179.4  8.657E-01   1.343E-01
180.1  8.687E-01   1.313E-01
180.7  8.717E-01   1.283E-01
181.4  8.746E-01   1.254E-01
182.0  8.774E-01   1.226E-01
182.7  8.802E-01   1.198E-01
183.3  8.829E-01   1.171E-01
184.0  8.856E-01   1.144E-01
184.6  8.882E-01   1.118E-01
185.3  8.908E-01   1.092E-01
185.9  8.933E-01   1.067E-01
186.6  8.958E-01   1.042E-01
187.2  8.982E-01   1.018E-01
187.9  9.005E-01   9.949E-02
188.5  9.028E-01   9.718E-02
189.2  9.051E-01   9.491E-02
189.8  9.073E-01   9.268E-02
190.5  9.095E-01   9.050E-02
191.1  9.116E-01   8.837E-02
191.8  9.137E-01   8.628E-02
192.4  9.158E-01   8.423E-02
193.1  9.178E-01   8.221E-02
193.7  9.198E-01   8.023E-02
194.4  9.217E-01   7.829E-02
195.0  9.236E-01   7.638E-02
195.7  9.255E-01   7.450E-02
196.3  9.273E-01   7.266E-02
197.0  9.292E-01   7.083E-02
197.6  9.310E-01   6.903E-02
198.3  9.328E-01   6.725E-02
198.9  9.345E-01   6.549E-02
199.6  9.363E-01   6.375E-02
200.2  9.380E-01   6.203E-02
200.9  9.397E-01   6.032E-02
201.5  9.414E-01   5.863E-02
202.2  9.430E-01   5.696E-02
202.8  9.447E-01   5.530E-02
203.5  9.463E-01   5.366E-02
204.1  9.480E-01   5.202E-02
204.8  9.496E-01   5.039E-02
205.4  9.512E-01   4.877E-02
206.1  9.528E-01   4.716E-02
206.7  9.544E-01   4.558E-02
207.4  9.560E-01   4.401E-02
208.0  9.575E-01   4.246E-02
208.7  9.591E-01   4.092E-02
209.3  9.606E-01   3.940E-02
210.0  9.621E-01   3.790E-02
210.6  9.636E-01   3.642E-02
211.3  9.650E-01   3.496E-02
211.9  9.665E-01   3.352E-02
212.6  9.679E-01   3.209E-02
213.2  9.693E-01   3.069E-02
213.9  9.707E-01   2.932E-02
214.5  9.720E-01   2.796E-02
215.2  9.734E-01   2.664E-02
215.8  9.747E-01   2.534E-02
216.5  9.759E-01   2.407E-02
217.1  9.772E-01   2.283E-02
217.8  9.784E-01   2.161E-02
218.4  9.796E-01   2.043E-02
219.1  9.807E-01   1.929E-02
219.7  9.818E-01   1.818E-02
220.4  9.829E-01   1.710E-02
221.0  9.839E-01   1.606E-02
221.7  9.849E-01   1.506E-02
222.3  9.859E-01   1.409E-02
223.0  9.868E-01   1.316E-02
223.6  9.877E-01   1.227E-02
224.3  9.886E-01   1.142E-02
224.9  9.894E-01   1.062E-02
225.6  9.902E-01   9.849E-03
226.2  9.909E-01   9.121E-03
226.9  9.916E-01   8.435E-03
227.5  9.922E-01   7.791E-03
228.2  9.928E-01   7.191E-03
228.8  9.934E-01   6.633E-03
229.5  9.939E-01   6.118E-03
230.1  9.944E-01   5.632E-03
230.8  9.948E-01   5.184E-03
231.4  9.952E-01   4.774E-03
232.1  9.956E-01   4.401E-03
232.7  9.959E-01   4.064E-03
233.4  9.962E-01   3.757E-03
234.0  9.965E-01   3.463E-03
234.7  9.968E-01   3.191E-03
235.3  9.971E-01   2.939E-03
236.0  9.973E-01   2.706E-03
236.6  9.975E-01   2.488E-03
237.3  9.977E-01   2.288E-03
237.9  9.979E-01   2.109E-03
238.6  9.981E-01   1.946E-03
239.2  9.982E-01   1.797E-03
239.9  9.983E-01   1.661E-03
240.5  9.985E-01   1.535E-03
241.2  9.986E-01   1.421E-03
241.8  9.987E-01   1.317E-03
242.5  9.988E-01   1.223E-03
243.1  9.989E-01   1.136E-03
243.8  9.989E-01   1.055E-03
244.4  9.990E-01   9.794E-04
245.1  9.991E-01   9.099E-04
245.7  9.992E-01   8.481E-04
246.4  9.992E-01   7.910E-04
247.0  9.993E-01   7.376E-04
247.7  9.993E-01   6.873E-04
248.3  9.994E-01   6.393E-04
249.0  9.994E-01   5.954E-04
249.6  9.994E-01   5.576E-04
250.0  9.995E-01   5.359E-04



Output Data from Bed Number 8 is given below:
Time   CP(1,T)/CT  CP(2,T)/CT  CP(3,T)/CT  CP(4,T)/CT  CP(5,T)/CT  CP(6,T)/CT
(min)  (-)         (-)         (-)         (-)         (-)         (-)
0.0    -6.357E-07  1.000E+00
0.7    7.998E-06   1.000E+00
1.3    8.007E-06   1.000E+00
2.0    8.012E-06   1.000E+00
2.6    8.017E-06   1.000E+00
3.3    8.022E-06   1.000E+00
3.9    8.027E-06   1.000E+00
4.6    8.032E-06   1.000E+00
5.2    8.037E-06   1.000E+00
5.9    8.042E-06   1.000E+00
6.5    8.047E-06   1.000E+00
7.2    8.052E-06   1.000E+00
7.8    8.057E-06   1.000E+00
8.5    8.062E-06   1.000E+00
9.1    8.067E-06   1.000E+00
9.8    8.072E-06   1.000E+00
10.4   8.077E-06   1.000E+00
11.1   8.082E-06   1.000E+00
11.7   8.087E-06   1.000E+00
12.4   8.092E-06   1.000E+00
13.0   8.097E-06   1.000E+00
13.7   8.102E-06   1.000E+00
14.3   8.107E-06   1.000E+00
15.0   8.112E-06   1.000E+00
15.6   8.117E-06   1.000E+00
16.3   8.122E-06   1.000E+00
16.9   8.127E-06   1.000E+00
17.6   8.132E-06   1.000E+00
18.2   8.137E-06   1.000E+00
18.9   8.142E-06   1.000E+00
19.5   8.148E-06   1.000E+00
20.2   8.153E-06   1.000E+00
20.8   8.158E-06   1.000E+00
21.5   8.163E-06   1.000E+00
22.1   8.168E-06   1.000E+00
22.8   8.173E-06   1.000E+00
23.4   8.178E-06   1.000E+00
24.1   8.183E-06   1.000E+00
24.7   8.188E-06   1.000E+00
25.4   8.193E-06   1.000E+00
26.0   8.198E-06   1.000E+00
26.7   8.204E-06   1.000E+00
27.3   8.209E-06   1.000E+00
28.0   8.214E-06   1.000E+00
28.6   8.219E-06   1.000E+00
29.3   8.224E-06   1.000E+00
29.9   8.229E-06   1.000E+00
30.6   8.234E-06   1.000E+00
31.2   8.239E-06   1.000E+00
31.9   8.245E-06   1.000E+00
32.5   8.250E-06   1.000E+00
33.2   8.255E-06   1.000E+00
33.8   8.260E-06   1.000E+00
34.5   8.265E-06   1.000E+00
35.1   8.270E-06   1.000E+00
35.8   8.276E-06   1.000E+00
36.4   8.281E-06   1.000E+00
37.1   8.286E-06   1.000E+00
37.7   8.291E-06   1.000E+00
38.4   8.296E-06   1.000E+00
39.0   8.301E-06   1.000E+00
39.7   8.307E-06   1.000E+00
40.3   8.312E-06   1.000E+00
41.0   8.317E-06   1.000E+00
41.6   8.322E-06   1.000E+00
42.3   8.327E-06   1.000E+00
42.9   8.337E-06   1.000E+00
43.6   8.348E-06   1.000E+00
44.2   8.360E-06   1.000E+00
44.9   8.373E-06   1.000E+00
45.5   8.387E-06   1.000E+00
46.2   8.402E-06   1.000E+00
46.8   8.418E-06   1.000E+00
47.5   8.435E-06   1.000E+00
48.1   8.453E-06   1.000E+00
48.8   8.472E-06   1.000E+00
49.4   9.730E-06   1.000E+00
50.1   1.116E-05   1.000E+00
50.7   1.295E-05   1.000E+00
51.4   1.550E-05   1.000E+00
52.0   1.806E-05   1.000E+00
52.7   2.254E-05   1.000E+00
53.3   2.577E-05   1.000E+00
54.0   2.968E-05   1.000E+00
54.6   3.500E-05   1.000E+00
55.3   4.129E-05   1.000E+00
55.9   4.857E-05   1.000E+00
56.6   5.738E-05   9.999E-01
57.2   6.745E-05   9.999E-01
57.9   7.878E-05   9.999E-01
58.5   9.252E-05   9.999E-01
59.2   1.086E-04   9.999E-01
59.8   1.266E-04   9.999E-01
60.5   1.479E-04   9.999E-01
61.1   1.735E-04   9.998E-01
61.8   2.028E-04   9.998E-01
62.4   2.381E-04   9.998E-01
63.1   2.784E-04   9.997E-01
63.7   3.264E-04   9.997E-01
64.4   3.823E-04   9.996E-01
65.0   4.471E-04   9.996E-01
65.7   5.243E-04   9.995E-01
66.3   6.121E-04   9.994E-01
67.0   7.167E-04   9.993E-01
67.6   8.374E-04   9.992E-01
68.3   9.805E-04   9.990E-01
68.9   1.148E-03   9.989E-01
69.6   1.342E-03   9.987E-01
70.2   1.570E-03   9.984E-01
70.9   1.835E-03   9.982E-01
71.5   2.140E-03   9.979E-01
72.2   2.489E-03   9.975E-01
72.8   2.886E-03   9.971E-01
73.5   3.340E-03   9.967E-01
74.1   3.860E-03   9.961E-01
74.8   4.454E-03   9.955E-01
75.4   5.132E-03   9.949E-01
76.1   5.910E-03   9.941E-01
76.7   6.815E-03   9.932E-01
77.4   7.847E-03   9.922E-01
78.0   9.000E-03   9.910E-01
78.7   1.030E-02   9.897E-01
79.3   1.179E-02   9.882E-01
80.0   1.347E-02   9.865E-01
80.6   1.536E-02   9.846E-01
81.3   1.747E-02   9.825E-01
81.9   1.978E-02   9.802E-01
82.6   2.234E-02   9.777E-01
83.2   2.513E-02   9.749E-01
83.9   2.813E-02   9.719E-01
84.5   3.132E-02   9.687E-01
85.2   3.464E-02   9.654E-01
85.8   3.804E-02   9.620E-01
86.5   4.148E-02   9.585E-01
87.1   4.491E-02   9.551E-01
87.8   4.829E-02   9.517E-01
88.4   5.143E-02   9.486E-01
89.1   5.449E-02   9.455E-01
89.7   5.750E-02   9.425E-01
90.4   6.041E-02   9.396E-01
91.0   6.331E-02   9.367E-01
91.7   6.622E-02   9.338E-01
92.3   6.917E-02   9.308E-01
93.0   7.220E-02   9.278E-01
93.6   7.531E-02   9.247E-01
94.3   7.855E-02   9.214E-01
94.9   8.192E-02   9.181E-01
95.6   8.543E-02   9.146E-01
96.2   8.907E-02   9.109E-01
96.9   9.289E-02   9.071E-01
97.5   9.686E-02   9.031E-01
98.2   1.010E-01   8.990E-01
98.8   1.054E-01   8.946E-01
99.5   1.099E-01   8.901E-01
100.1  1.146E-01   8.854E-01
100.8  1.195E-01   8.805E-01
101.4  1.246E-01   8.754E-01
102.1  1.299E-01   8.701E-01
102.7  1.354E-01   8.646E-01
103.4  1.411E-01   8.589E-01
104.0  1.469E-01   8.531E-01
104.7  1.529E-01   8.471E-01
105.3  1.591E-01   8.409E-01
106.0  1.655E-01   8.345E-01
106.6  1.719E-01   8.281E-01
107.3  1.785E-01   8.215E-01
107.9  1.852E-01   8.148E-01
108.6  1.921E-01   8.079E-01
109.2  1.990E-01   8.010E-01
109.9  2.061E-01   7.939E-01
110.5  2.133E-01   7.867E-01
111.2  2.206E-01   7.794E-01
111.8  2.279E-01   7.721E-01
112.5  2.353E-01   7.647E-01
113.1  2.427E-01   7.573E-01
113.8  2.502E-01   7.498E-01
114.4  2.575E-01   7.425E-01
115.1  2.648E-01   7.352E-01
115.7  2.720E-01   7.280E-01
116.4  2.792E-01   7.208E-01
117.0  2.862E-01   7.138E-01
117.7  2.931E-01   7.069E-01
118.3  2.997E-01   7.003E-01
119.0  3.062E-01   6.938E-01
119.6  3.124E-01   6.876E-01
120.3  3.185E-01   6.815E-01
120.9  3.243E-01   6.757E-01
121.6  3.299E-01   6.701E-01
122.2  3.354E-01   6.646E-01
122.9  3.408E-01   6.592E-01
123.5  3.460E-01   6.540E-01
124.2  3.512E-01   6.488E-01
124.8  3.563E-01   6.437E-01
125.5  3.615E-01   6.385E-01
126.1  3.666E-01   6.334E-01
126.8  3.717E-01   6.283E-01
127.4  3.769E-01   6.231E-01
128.1  3.821E-01   6.179E-01
128.7  3.872E-01   6.128E-01
129.4  3.924E-01   6.076E-01
130.0  3.976E-01   6.024E-01
130.7  4.028E-01   5.972E-01
131.3  4.080E-01   5.920E-01
132.0  4.133E-01   5.867E-01
132.6  4.187E-01   5.813E-01
133.3  4.242E-01   5.758E-01
133.9  4.296E-01   5.704E-01
134.6  4.351E-01   5.649E-01
135.2  4.407E-01   5.593E-01
135.9  4.462E-01   5.538E-01
136.5  4.519E-01   5.481E-01
137.2  4.575E-01   5.425E-01
137.8  4.632E-01   5.368E-01
138.5  4.690E-01   5.310E-01
139.1  4.747E-01   5.253E-01
139.8  4.805E-01   5.195E-01
140.4  4.864E-01   5.136E-01
141.1  4.923E-01   5.077E-01
141.7  4.982E-01   5.018E-01
142.4  5.041E-01   4.959E-01
143.0  5.101E-01   4.899E-01
143.7  5.161E-01   4.839E-01
144.3  5.221E-01   4.779E-01
145.0  5.282E-01   4.718E-01
145.6  5.341E-01   4.659E-01
146.3  5.401E-01   4.599E-01
146.9  5.460E-01   4.540E-01
147.6  5.519E-01   4.481E-01
148.2  5.577E-01   4.423E-01
148.9  5.636E-01   4.364E-01
149.5  5.694E-01   4.306E-01
150.2  5.752E-01   4.248E-01
150.8  5.810E-01   4.190E-01
151.5  5.867E-01   4.133E-01
152.1  5.923E-01   4.077E-01
152.8  5.979E-01   4.021E-01
153.4  6.034E-01   3.966E-01
154.1  6.088E-01   3.912E-01
154.7  6.141E-01   3.859E-01
155.4  6.193E-01   3.807E-01
156.0  6.244E-01   3.756E-01
156.7  6.295E-01   3.705E-01
157.3  6.345E-01   3.655E-01
158.0  6.394E-01   3.606E-01
158.6  6.442E-01   3.558E-01
159.3  6.489E-01   3.511E-01
159.9  6.535E-01   3.465E-01
160.6  6.581E-01   3.419E-01
161.2  6.626E-01   3.374E-01
161.9  6.669E-01   3.331E-01
162.5  6.712E-01   3.288E-01
163.2  6.754E-01   3.246E-01
163.8  6.795E-01   3.205E-01
164.5  6.835E-01   3.165E-01
165.1  6.875E-01   3.125E-01
165.8  6.913E-01   3.087E-01
166.4  6.951E-01   3.049E-01
167.1  6.989E-01   3.011E-01
167.7  7.027E-01   2.973E-01
168.4  7.066E-01   2.934E-01
169.0  7.104E-01   2.896E-01
169.7  7.143E-01   2.857E-01
170.3  7.180E-01   2.820E-01
171.0  7.217E-01   2.783E-01
171.6  7.254E-01   2.746E-01
172.3  7.291E-01   2.709E-01
172.9  7.328E-01   2.672E-01
173.6  7.364E-01   2.636E-01
174.2  7.401E-01   2.599E-01
174.9  7.437E-01   2.563E-01
175.5  7.474E-01   2.526E-01
176.2  7.510E-01   2.490E-01
176.8  7.547E-01   2.453E-01
177.5  7.583E-01   2.417E-01
178.1  7.619E-01   2.381E-01
178.8  7.656E-01   2.344E-01
179.4  7.692E-01   2.308E-01
180.1  7.728E-01   2.272E-01
180.7  7.765E-01   2.235E-01
181.4  7.801E-01   2.199E-01
182.0  7.836E-01   2.164E-01
182.7  7.872E-01   2.128E-01
183.3  7.908E-01   2.092E-01
184.0  7.943E-01   2.057E-01
184.6  7.979E-01   2.021E-01
185.3  8.014E-01   1.986E-01
185.9  8.049E-01   1.951E-01
186.6  8.084E-01   1.916E-01
187.2  8.119E-01   1.881E-01
187.9  8.153E-01   1.847E-01
188.5  8.188E-01   1.812E-01
189.2  8.222E-01   1.778E-01
189.8  8.256E-01   1.744E-01
190.5  8.290E-01   1.710E-01
191.1  8.324E-01   1.676E-01
191.8  8.358E-01   1.642E-01
192.4  8.391E-01   1.609E-01
193.1  8.424E-01   1.576E-01
193.7  8.457E-01   1.543E-01
194.4  8.489E-01   1.511E-01
195.0  8.521E-01   1.479E-01
195.7  8.553E-01   1.447E-01
196.3  8.584E-01   1.416E-01
197.0  8.615E-01   1.385E-01
197.6  8.645E-01   1.355E-01
198.3  8.675E-01   1.325E-01
198.9  8.705E-01   1.295E-01
199.6  8.734E-01   1.266E-01
200.2  8.763E-01   1.237E-01
200.9  8.791E-01   1.209E-01
201.5  8.819E-01   1.181E-01
202.2  8.846E-01   1.154E-01
202.8  8.872E-01   1.128E-01
203.5  8.898E-01   1.102E-01
204.1  8.924E-01   1.076E-01
204.8  8.949E-01   1.051E-01
205.4  8.974E-01   1.026E-01
206.1  8.998E-01   1.002E-01
206.7  9.022E-01   9.780E-02
207.4  9.045E-01   9.547E-02
208.0  9.068E-01   9.318E-02
208.7  9.091E-01   9.094E-02
209.3  9.113E-01   8.874E-02
210.0  9.134E-01   8.659E-02
210.6  9.155E-01   8.449E-02
211.3  9.176E-01   8.243E-02
211.9  9.196E-01   8.040E-02
212.6  9.216E-01   7.841E-02
213.2  9.235E-01   7.646E-02
213.9  9.255E-01   7.455E-02
214.5  9.273E-01   7.266E-02
215.2  9.292E-01   7.082E-02
215.8  9.310E-01   6.900E-02
216.5  9.328E-01   6.721E-02
217.1  9.346E-01   6.545E-02
217.8  9.363E-01   6.371E-02
218.4  9.380E-01   6.200E-02
219.1  9.397E-01   6.031E-02
219.7  9.414E-01   5.864E-02
220.4  9.430E-01   5.699E-02
221.0  9.446E-01   5.537E-02
221.7  9.462E-01   5.375E-02
222.3  9.478E-01   5.216E-02
223.0  9.494E-01   5.057E-02
223.6  9.510E-01   4.900E-02
224.3  9.526E-01   4.744E-02
224.9  9.541E-01   4.588E-02
225.6  9.556E-01   4.435E-02
226.2  9.572E-01   4.283E-02
226.9  9.587E-01   4.132E-02
227.5  9.602E-01   3.983E-02
228.2  9.617E-01   3.834E-02
228.8  9.631E-01   3.687E-02
229.5  9.646E-01   3.541E-02
230.1  9.660E-01   3.399E-02
230.8  9.674E-01   3.257E-02
231.4  9.688E-01   3.118E-02
232.1  9.702E-01   2.981E-02
232.7  9.715E-01   2.846E-02
233.4  9.729E-01   2.714E-02
234.0  9.742E-01   2.583E-02
234.7  9.755E-01   2.455E-02
235.3  9.767E-01   2.329E-02
236.0  9.779E-01   2.206E-02
236.6  9.792E-01   2.085E-02
237.3  9.803E-01   1.967E-02
237.9  9.815E-01   1.853E-02
238.6  9.826E-01   1.742E-02
239.2  9.836E-01   1.636E-02
239.9  9.847E-01   1.533E-02
240.5  9.857E-01   1.434E-02
241.2  9.866E-01   1.339E-02
241.8  9.875E-01   1.248E-02
242.5  9.884E-01   1.161E-02
243.1  9.892E-01   1.078E-02
243.8  9.900E-01   9.999E-03
244.4  9.907E-01   9.262E-03
245.1  9.914E-01   8.572E-03
245.7  9.921E-01   7.920E-03
246.4  9.927E-01   7.303E-03
247.0  9.933E-01   6.727E-03
247.7  9.938E-01   6.192E-03
248.3  9.943E-01   5.699E-03
249.0  9.948E-01   5.247E-03
249.6  9.952E-01   4.834E-03
250.0  9.954E-01   4.596E-03
