Output Data from Bed Number 1 is given below:
Time   CP(1,T)/CT  CP(2,T)/CT  CP(3,T)/CT  CP(4,T)/CT  CP(5,T)/CT  CP(6,T)/CT
(min)  (-)         (-)         (-)         (-)         (-)         (-)
1.0    3.625E-06   1.000E+00
2.0    4.856E-06   1.000E+00
3.0    4.143E-06   1.000E+00
4.0    3.694E-06   1.000E+00
5.0    5.426E-06   1.000E+00
6.0    7.603E-06   1.000E+00
7.0    2.865E-05   1.000E+00
8.0    1.888E-06   1.000E+00
9.0    3.029E-06   1.000E+00
10.0   4.507E-07   1.000E+00
11.0   5.851E-07   1.000E+00
12.0   5.026E-06   1.000E+00
13.0   1.978E-06   1.000E+00
14.0   8.613E-07   1.000E+00
15.0   -3.858E-07  1.000E+00
16.0   2.325E-06   1.000E+00
17.0   5.274E-06   1.000E+00
18.0   5.805E-06   1.000E+00
19.0   6.736E-06   1.000E+00
20.0   1.059E-05   1.000E+00
21.0   1.560E-05   1.000E+00
22.0   1.182E-05   1.000E+00
23.0   -7.170E-07  1.000E+00
24.0   -4.353E-06  1.000E+00
25.0   -1.085E-07  1.000E+00
26.0   6.482E-05   9.999E-01
27.0   8.083E-05   9.999E-01
28.0   2.021E-04   9.998E-01
29.0   3.751E-04   9.996E-01
30.0   2.689E-04   9.997E-01
31.0   -7.220E-06  1.000E+00
32.0   2.426E-05   1.000E+00
33.0   5.041E-05   9.999E-01
34.0   2.883E-06   1.000E+00
35.0   2.872E-06   1.000E+00
36.0   5.338E-05   9.999E-01
37.0   7.913E-05   9.999E-01
38.0   2.272E-04   9.998E-01
39.0   1.159E-04   9.999E-01
40.0   2.462E-04   9.998E-01
41.0   2.896E-04   9.997E-01
42.0   3.435E-04   9.997E-01
43.0   3.974E-04   9.996E-01
44.0   4.608E-04   9.995E-01
45.0   5.262E-04   9.995E-01
46.0   6.075E-04   9.994E-01
47.0   6.797E-04   9.993E-01
48.0   7.585E-04   9.992E-01
49.0   8.446E-04   9.992E-01
50.0   9.373E-04   9.991E-01
51.0   1.037E-03   9.990E-01
52.0   1.143E-03   9.989E-01
53.0   1.260E-03   9.987E-01
54.0   1.384E-03   9.986E-01
55.0   1.516E-03   9.985E-01
56.0   1.656E-03   9.983E-01
57.0   1.807E-03   9.982E-01
58.0   1.969E-03   9.980E-01
59.0   2.139E-03   9.979E-01
60.0   2.319E-03   9.977E-01
61.0   2.509E-03   9.975E-01
62.0   2.715E-03   9.973E-01
63.0   2.931E-03   9.971E-01
64.0   3.157E-03   9.968E-01
65.0   3.396E-03   9.966E-01
66.0   3.647E-03   9.964E-01
67.0   3.911E-03   9.961E-01
68.0   4.188E-03   9.958E-01
69.0   4.479E-03   9.955E-01
70.0   4.784E-03   9.952E-01
71.0   5.104E-03   9.949E-01
72.0   5.438E-03   9.946E-01
73.0   5.787E-03   9.942E-01
74.0   6.153E-03   9.938E-01
75.0   6.534E-03   9.935E-01
76.0   6.933E-03   9.931E-01
77.0   7.349E-03   9.927E-01
78.0   7.782E-03   9.922E-01
79.0   8.232E-03   9.918E-01
80.0   8.701E-03   9.913E-01
81.0   9.188E-03   9.908E-01
82.0   9.694E-03   9.903E-01
83.0   1.022E-02   9.898E-01
84.0   1.077E-02   9.892E-01
85.0   1.133E-02   9.887E-01
86.0   1.192E-02   9.881E-01
87.0   1.252E-02   9.875E-01
88.0   1.315E-02   9.868E-01
89.0   1.380E-02   9.862E-01
90.0   1.447E-02   9.855E-01
91.0   1.516E-02   9.848E-01
92.0   1.588E-02   9.841E-01
93.0   1.662E-02   9.834E-01
94.0   1.738E-02   9.826E-01
95.0   1.816E-02   9.818E-01
96.0   1.897E-02   9.810E-01
97.0   1.980E-02   9.802E-01
98.0   2.066E-02   9.793E-01
99.0   2.154E-02   9.785E-01
100.0  2.245E-02   9.776E-01
101.0  2.338E-02   9.766E-01
102.0  2.433E-02   9.757E-01
103.0  2.531E-02   9.747E-01
104.0  2.632E-02   9.737E-01
105.0  2.736E-02   9.726E-01
106.0  2.842E-02   9.716E-01
107.0  2.950E-02   9.705E-01
108.0  3.062E-02   9.694E-01
109.0  3.176E-02   9.682E-01
110.0  3.293E-02   9.671E-01
111.0  3.413E-02   9.659E-01
112.0  3.535E-02   9.646E-01
113.0  3.661E-02   9.634E-01
114.0  3.789E-02   9.621E-01
115.0  3.920E-02   9.608E-01
116.0  4.054E-02   9.595E-01
117.0  4.191E-02   9.581E-01
118.0  4.331E-02   9.567E-01
119.0  4.474E-02   9.553E-01
120.0  4.620E-02   9.538E-01
121.0  4.769E-02   9.523E-01
122.0  4.921E-02   9.508E-01
123.0  5.076E-02   9.492E-01
124.0  5.234E-02   9.477E-01
125.0  5.395E-02   9.460E-01
126.0  5.560E-02   9.444E-01
127.0  5.727E-02   9.427E-01
128.0  5.898E-02   9.410E-01
129.0  6.071E-02   9.393E-01
130.0  6.248E-02   9.375E-01
131.0  6.428E-02   9.357E-01
132.0  6.612E-02   9.339E-01
133.0  6.798E-02   9.320E-01
134.0  6.988E-02   9.301E-01
135.0  7.181E-02   9.282E-01
136.0  7.377E-02   9.262E-01
137.0  7.577E-02   9.242E-01
138.0  7.779E-02   9.222E-01
139.0  7.985E-02   9.201E-01
140.0  8.195E-02   9.181E-01
141.0  8.407E-02   9.159E-01
142.0  8.623E-02   9.138E-01
143.0  8.842E-02   9.116E-01
144.0  9.065E-02   9.093E-01
145.0  9.291E-02   9.071E-01
146.0  9.520E-02   9.048E-01
147.0  9.753E-02   9.025E-01
148.0  9.989E-02   9.001E-01
149.0  1.023E-01   8.977E-01
150.0  1.047E-01   8.953E-01
151.0  1.072E-01   8.928E-01
152.0  1.097E-01   8.903E-01
153.0  1.122E-01   8.878E-01
154.0  1.147E-01   8.853E-01
155.0  1.173E-01   8.827E-01
156.0  1.200E-01   8.800E-01
157.0  1.226E-01   8.774E-01
158.0  1.253E-01   8.747E-01
159.0  1.281E-01   8.719E-01
160.0  1.308E-01   8.692E-01
161.0  1.336E-01   8.664E-01
162.0  1.364E-01   8.636E-01
163.0  1.393E-01   8.607E-01
164.0  1.422E-01   8.578E-01
165.0  1.451E-01   8.549E-01
166.0  1.481E-01   8.519E-01
167.0  1.511E-01   8.489E-01
168.0  1.541E-01   8.459E-01
169.0  1.572E-01   8.428E-01
170.0  1.603E-01   8.397E-01
171.0  1.634E-01   8.366E-01
172.0  1.665E-01   8.335E-01
173.0  1.697E-01   8.303E-01
174.0  1.729E-01   8.271E-01
175.0  1.762E-01   8.238E-01
176.0  1.795E-01   8.205E-01
177.0  1.828E-01   8.172E-01
178.0  1.861E-01   8.139E-01
179.0  1.895E-01   8.105E-01
180.0  1.929E-01   8.071E-01
181.0  1.963E-01   8.037E-01
182.0  1.998E-01   8.002E-01
183.0  2.033E-01   7.967E-01
184.0  2.068E-01   7.932E-01
185.0  2.104E-01   7.896E-01
186.0  2.140E-01   7.860E-01
187.0  2.176E-01   7.824E-01
188.0  2.212E-01   7.788E-01
189.0  2.249E-01   7.751E-01
190.0  2.286E-01   7.714E-01
191.0  2.323E-01   7.677E-01
192.0  2.361E-01   7.639E-01
193.0  2.398E-01   7.602E-01
194.0  2.437E-01   7.563E-01
195.0  2.475E-01   7.525E-01
196.0  2.513E-01   7.487E-01
197.0  2.552E-01   7.448E-01
198.0  2.591E-01   7.409E-01
199.0  2.631E-01   7.369E-01
200.0  2.670E-01   7.330E-01
201.0  2.710E-01   7.290E-01
202.0  2.750E-01   7.250E-01
203.0  2.791E-01   7.209E-01
204.0  2.831E-01   7.169E-01
205.0  2.872E-01   7.128E-01
206.0  2.913E-01   7.087E-01
207.0  2.954E-01   7.046E-01
208.0  2.996E-01   7.004E-01
209.0  3.037E-01   6.963E-01
210.0  3.079E-01   6.921E-01
211.0  3.121E-01   6.879E-01
212.0  3.163E-01   6.837E-01
213.0  3.206E-01   6.794E-01
214.0  3.248E-01   6.752E-01
215.0  3.291E-01   6.709E-01
216.0  3.334E-01   6.666E-01
217.0  3.377E-01   6.623E-01
218.0  3.421E-01   6.579E-01
219.0  3.464E-01   6.536E-01
220.0  3.508E-01   6.492E-01
221.0  3.551E-01   6.449E-01
222.0  3.595E-01   6.405E-01
223.0  3.639E-01   6.361E-01
224.0  3.684E-01   6.316E-01
225.0  3.728E-01   6.272E-01
226.0  3.772E-01   6.228E-01
227.0  3.817E-01   6.183E-01
228.0  3.862E-01   6.138E-01
229.0  3.906E-01   6.094E-01
230.0  3.951E-01   6.049E-01
231.0  3.996E-01   6.004E-01
232.0  4.041E-01   5.959E-01
233.0  4.086E-01   5.914E-01
234.0  4.132E-01   5.868E-01
235.0  4.177E-01   5.823E-01
236.0  4.222E-01   5.778E-01
237.0  4.268E-01   5.732E-01
238.0  4.313E-01   5.687E-01
239.0  4.359E-01   5.641E-01
240.0  4.404E-01   5.596E-01
241.0  4.450E-01   5.550E-01
242.0  4.496E-01   5.504E-01
243.0  4.541E-01   5.459E-01
244.0  4.587E-01   5.413E-01
245.0  4.633E-01   5.367E-01
246.0  4.678E-01   5.322E-01
247.0  4.724E-01   5.276E-01
248.0  4.770E-01   5.230E-01
249.0  4.816E-01   5.184E-01
250.0  4.861E-01   5.139E-01
251.0  4.907E-01   5.093E-01
252.0  4.953E-01   5.047E-01
253.0  4.998E-01   5.002E-01
254.0  5.044E-01   4.956E-01
255.0  5.089E-01   4.911E-01
256.0  5.135E-01   4.865E-01
257.0  5.180E-01   4.820E-01
258.0  5.226E-01   4.774E-01
259.0  5.271E-01   4.729E-01
260.0  5.316E-01   4.684E-01
261.0  5.362E-01   4.638E-01
262.0  5.407E-01   4.593E-01
263.0  5.452E-01   4.548E-01
264.0  5.497E-01   4.503E-01
265.0  5.541E-01   4.459E-01
266.0  5.586E-01   4.414E-01
267.0  5.631E-01   4.369E-01
268.0  5.675E-01   4.325E-01
269.0  5.719E-01   4.281E-01
270.0  5.764E-01   4.236E-01
271.0  5.808E-01   4.192E-01
272.0  5.852E-01   4.148E-01
273.0  5.896E-01   4.104E-01
274.0  5.939E-01   4.061E-01
275.0  5.983E-01   4.017E-01
276.0  6.026E-01   3.974E-01
277.0  6.070E-01   3.930E-01
278.0  6.113E-01   3.887E-01
279.0  6.156E-01   3.844E-01
280.0  6.198E-01   3.802E-01
281.0  6.241E-01   3.759E-01
282.0  6.283E-01   3.717E-01
283.0  6.326E-01   3.674E-01
284.0  6.368E-01   3.632E-01
285.0  6.409E-01   3.591E-01
286.0  6.451E-01   3.549E-01
287.0  6.492E-01   3.508E-01
288.0  6.534E-01   3.466E-01
289.0  6.575E-01   3.425E-01
290.0  6.616E-01   3.384E-01
291.0  6.656E-01   3.344E-01
292.0  6.696E-01   3.304E-01
293.0  6.737E-01   3.263E-01
294.0  6.776E-01   3.224E-01
295.0  6.816E-01   3.184E-01
296.0  6.856E-01   3.144E-01
297.0  6.895E-01   3.105E-01
298.0  6.934E-01   3.066E-01
299.0  6.972E-01   3.028E-01
300.0  7.011E-01   2.989E-01
301.0  7.049E-01   2.951E-01
302.0  7.087E-01   2.913E-01
303.0  7.125E-01   2.875E-01
304.0  7.162E-01   2.838E-01
305.0  7.199E-01   2.801E-01
306.0  7.236E-01   2.764E-01
307.0  7.273E-01   2.727E-01
308.0  7.309E-01   2.691E-01
309.0  7.345E-01   2.655E-01
310.0  7.381E-01   2.619E-01
311.0  7.416E-01   2.584E-01
312.0  7.452E-01   2.548E-01
313.0  7.487E-01   2.513E-01
314.0  7.521E-01   2.479E-01
315.0  7.556E-01   2.444E-01
316.0  7.590E-01   2.410E-01
317.0  7.624E-01   2.376E-01
318.0  7.657E-01   2.343E-01
319.0  7.690E-01   2.310E-01
320.0  7.723E-01   2.277E-01
321.0  7.756E-01   2.244E-01
322.0  7.788E-01   2.212E-01
323.0  7.820E-01   2.180E-01
324.0  7.852E-01   2.148E-01
325.0  7.883E-01   2.117E-01
326.0  7.915E-01   2.085E-01
327.0  7.945E-01   2.055E-01
328.0  7.976E-01   2.024E-01
329.0  8.006E-01   1.994E-01
330.0  8.036E-01   1.964E-01
331.0  8.066E-01   1.934E-01
332.0  8.095E-01   1.905E-01
333.0  8.124E-01   1.876E-01
334.0  8.153E-01   1.847E-01
335.0  8.181E-01   1.819E-01
336.0  8.209E-01   1.791E-01
337.0  8.237E-01   1.763E-01
338.0  8.265E-01   1.735E-01
339.0  8.292E-01   1.708E-01
340.0  8.319E-01   1.681E-01
341.0  8.345E-01   1.655E-01
342.0  8.372E-01   1.628E-01
343.0  8.398E-01   1.602E-01
344.0  8.423E-01   1.577E-01
345.0  8.449E-01   1.551E-01
346.0  8.474E-01   1.526E-01
347.0  8.498E-01   1.502E-01
348.0  8.523E-01   1.477E-01
349.0  8.547E-01   1.453E-01
350.0  8.571E-01   1.429E-01
351.0  8.594E-01   1.406E-01
352.0  8.618E-01   1.382E-01
353.0  8.641E-01   1.359E-01
354.0  8.663E-01   1.337E-01
355.0  8.686E-01   1.314E-01
356.0  8.708E-01   1.292E-01
357.0  8.729E-01   1.271E-01
358.0  8.751E-01   1.249E-01
359.0  8.772E-01   1.228E-01
360.0  8.793E-01   1.207E-01
361.0  8.814E-01   1.186E-01
362.0  8.834E-01   1.166E-01
363.0  8.854E-01   1.146E-01
364.0  8.874E-01   1.126E-01
365.0  8.894E-01   1.106E-01
366.0  8.913E-01   1.087E-01
367.0  8.932E-01   1.068E-01
368.0  8.951E-01   1.049E-01
369.0  8.969E-01   1.031E-01
370.0  8.988E-01   1.012E-01
371.0  9.006E-01   9.944E-02
372.0  9.023E-01   9.767E-02
373.0  9.041E-01   9.593E-02
374.0  9.058E-01   9.422E-02
375.0  9.075E-01   9.253E-02
376.0  9.091E-01   9.087E-02
377.0  9.108E-01   8.923E-02
378.0  9.124E-01   8.762E-02
379.0  9.140E-01   8.603E-02
380.0  9.155E-01   8.446E-02
381.0  9.171E-01   8.292E-02
382.0  9.186E-01   8.140E-02
383.0  9.201E-01   7.991E-02
384.0  9.216E-01   7.843E-02
385.0  9.230E-01   7.698E-02
386.0  9.244E-01   7.555E-02
387.0  9.259E-01   7.415E-02
388.0  9.273E-01   7.274E-02
389.0  9.286E-01   7.139E-02
390.0  9.299E-01   7.006E-02
391.0  9.312E-01   6.875E-02
392.0  9.325E-01   6.746E-02
393.0  9.338E-01   6.620E-02
394.0  9.351E-01   6.495E-02
395.0  9.363E-01   6.372E-02
396.0  9.375E-01   6.252E-02
397.0  9.387E-01   6.133E-02
398.0  9.398E-01   6.017E-02
399.0  9.410E-01   5.901E-02
399.0  9.410E-01   5.901E-02
