1.3
1
"Tetrachloroethlyene#$1$#",165.83,.0001,119,121,2686.01185756164,.3553270439851,1.61,150,2470,1.5055
127184
5,-1,0
5.87895036925246,2.88882171188185E-10,7.87253825514777E-02,-1,-1,-1
6.29774517291486,3.0784013243113E-05,8.68425767148336E-02
0,"",0,0
"                                                                      ",-1,4,50,0,1,2
0,0,2686.01185756164,.3553270439851,2686,.355
1,0,-1
.02858,.465,2.26,.106204229256636,1.18340982064596E-03,1.79695269740881E-04,25,1,1,1
"Organic Free Water",1,0,0,0
"Barneby Sutcliffe 3105",.6,.803,.00245,1,.551,.00000002906,2
1,1
1,-1
7,16
40003.2,13996800,1900,40003.2
"m","m","kg","m³/s","s"
"g/mL","cm"
"mg/mmol","mL/gmol","C","µg/L"
"g/mL","mg/L","Pa","(mg/g)*(L/mg)^(1/n)"
0
0,1
