"Results file for Constant Pattern Model"
Time(days)       BVT        Usage Rate      TRICHLOROETHYLENE
 days             -         m³/kg GAC  

297.32       42857.36       95.38       0.010
298.62       43045.03       95.80       0.020
299.69       43198.28       96.14       0.030
300.62       43333.25       96.44       0.040
301.48       43456.35       96.71       0.050
302.27       43570.91       96.97       0.060
303.02       43678.96       97.21       0.070
303.74       43781.83       97.44       0.080
304.42       43880.45       97.66       0.090
305.08       43975.54       97.87       0.100
305.72       44067.60       98.07       0.110
306.34       44157.06       98.27       0.120
306.94       44244.26       98.47       0.130
307.54       44329.47       98.66       0.140
308.11       44412.91       98.84       0.150
308.68       44494.80       99.02       0.160
309.24       44575.28       99.20       0.170
309.79       44654.52       99.38       0.180
310.33       44732.63       99.55       0.190
310.87       44809.74       99.72       0.200
311.40       44885.93       99.89       0.210
311.92       44961.32       100.06       0.220
312.44       45035.96       100.23       0.230
312.95       45109.96       100.39       0.240
313.46       45183.37       100.56       0.250
313.97       45256.26       100.72       0.260
314.47       45328.69       100.88       0.270
314.97       45400.73       101.04       0.280
315.46       45472.42       101.20       0.290
315.96       45543.82       101.36       0.300
316.45       45614.99       101.52       0.310
316.95       45685.96       101.67       0.320
317.44       45756.78       101.83       0.330
317.93       45827.51       101.99       0.340
318.42       45898.19       102.15       0.350
318.91       45968.87       102.30       0.360
319.40       46039.58       102.46       0.370
319.89       46110.38       102.62       0.380
320.38       46181.31       102.78       0.390
320.88       46252.41       102.94       0.400
321.37       46323.74       103.09       0.410
321.87       46395.33       103.25       0.420
322.37       46467.25       103.41       0.430
322.87       46539.53       103.57       0.440
323.37       46612.23       103.74       0.450
323.88       46685.40       103.90       0.460
324.39       46759.09       104.06       0.470
324.91       46833.37       104.23       0.480
325.43       46908.30       104.40       0.490
325.95       46983.93       104.56       0.500
326.48       47060.33       104.73       0.510
327.02       47137.57       104.91       0.520
327.56       47215.74       105.08       0.530
328.11       47294.89       105.26       0.540
328.66       47375.13       105.43       0.550
329.23       47456.53       105.62       0.560
329.80       47539.20       105.80       0.570
330.39       47623.23       105.99       0.580
330.98       47708.73       106.18       0.590
331.58       47795.83       106.37       0.600
332.20       47884.65       106.57       0.610
332.83       47975.32       106.77       0.620
333.47       48068.01       106.98       0.630
334.13       48162.87       107.19       0.640
334.80       48260.08       107.40       0.650
335.50       48359.84       107.63       0.660
336.21       48462.36       107.85       0.670
336.94       48567.87       108.09       0.680
337.69       48676.64       108.33       0.690
338.47       48788.95       108.58       0.700
339.28       48905.12       108.84       0.710
340.11       49025.50       109.11       0.720
340.98       49150.49       109.39       0.730
341.88       49280.53       109.67       0.740
342.82       49416.12       109.98       0.750
343.81       49557.82       110.29       0.760
344.84       49706.27       110.62       0.770
345.92       49862.19       110.97       0.780
347.06       50026.39       111.33       0.790
348.26       50199.85       111.72       0.800
349.54       50383.64       112.13       0.810
350.89       50579.03       112.56       0.820
352.34       50787.51       113.03       0.830
353.89       51010.82       113.53       0.840
355.55       51251.01       114.06       0.850
357.35       51510.53       114.64       0.860
359.31       51792.32       115.26       0.870
361.44       52099.94       115.95       0.880
363.79       52437.75       116.70       0.890
366.38       52811.13       117.53       0.900
369.26       53226.83       118.46       0.910
372.50       53693.40       119.50       0.920
376.16       54221.84       120.67       0.930
380.36       54826.56       122.02       0.940
385.22       55526.84       123.58       0.950
390.92       56348.98       125.41       0.960
397.73       57329.96       127.59       0.970
406.01       58523.32       130.24       0.980
416.32       60009.69       133.55       0.990
429.55       61916.44       137.80       1.000
