#TANK TIME(SEC) TIME(MIN) H2O2        DBCP        HO2*        HCO3-       H2PO4-      
  1      0.      .0     .100E-02    .183E-05    .000E+00    .400E-02    .000E+00
  1     10.      .2     .995E-03    .181E-05    .132E-05    .400E-02    .000E+00
  1     20.      .3     .990E-03    .179E-05    .131E-05    .400E-02    .000E+00
  1     30.      .5     .985E-03    .178E-05    .130E-05    .400E-02    .000E+00
  1     40.      .7     .980E-03    .176E-05    .129E-05    .400E-02    .000E+00
  1     50.      .8     .975E-03    .174E-05    .128E-05    .400E-02    .000E+00
  1     60.     1.0     .971E-03    .172E-05    .128E-05    .400E-02    .000E+00
  1     70.     1.2     .966E-03    .170E-05    .127E-05    .400E-02    .000E+00
  1     80.     1.3     .961E-03    .169E-05    .126E-05    .400E-02    .000E+00
  1     90.     1.5     .956E-03    .167E-05    .125E-05    .400E-02    .000E+00
  1    100.     1.7     .951E-03    .165E-05    .125E-05    .400E-02    .000E+00
  1    110.     1.8     .946E-03    .164E-05    .124E-05    .400E-02    .000E+00
  1    120.     2.0     .942E-03    .162E-05    .123E-05    .400E-02    .000E+00
  1    130.     2.2     .937E-03    .160E-05    .122E-05    .400E-02    .000E+00
  1    140.     2.3     .932E-03    .159E-05    .121E-05    .400E-02    .000E+00
  1    150.     2.5     .927E-03    .157E-05    .121E-05    .400E-02    .000E+00
  1    160.     2.7     .923E-03    .156E-05    .120E-05    .400E-02    .000E+00
  1    170.     2.8     .918E-03    .154E-05    .119E-05    .400E-02    .000E+00
  1    180.     3.0     .913E-03    .153E-05    .119E-05    .400E-02    .000E+00
  1    190.     3.2     .909E-03    .151E-05    .118E-05    .400E-02    .000E+00
  1    200.     3.3     .904E-03    .149E-05    .117E-05    .400E-02    .000E+00
  1    210.     3.5     .899E-03    .148E-05    .116E-05    .400E-02    .000E+00
  1    220.     3.7     .895E-03    .147E-05    .116E-05    .400E-02    .000E+00
  1    230.     3.8     .890E-03    .145E-05    .115E-05    .400E-02    .000E+00
  1    240.     4.0     .886E-03    .144E-05    .114E-05    .400E-02    .000E+00
  1    250.     4.2     .881E-03    .142E-05    .113E-05    .400E-02    .000E+00
  1    260.     4.3     .877E-03    .141E-05    .113E-05    .400E-02    .000E+00
  1    270.     4.5     .872E-03    .139E-05    .112E-05    .400E-02    .000E+00
  1    280.     4.7     .867E-03    .138E-05    .111E-05    .400E-02    .000E+00
  1    290.     4.8     .863E-03    .137E-05    .111E-05    .400E-02    .000E+00
  1    300.     5.0     .859E-03    .135E-05    .110E-05    .400E-02    .000E+00
  1    310.     5.2     .854E-03    .134E-05    .109E-05    .400E-02    .000E+00
  1    320.     5.3     .850E-03    .133E-05    .108E-05    .400E-02    .000E+00
  1    330.     5.5     .845E-03    .131E-05    .108E-05    .400E-02    .000E+00
  1    340.     5.7     .841E-03    .130E-05    .107E-05    .400E-02    .000E+00
  1    350.     5.8     .836E-03    .129E-05    .106E-05    .400E-02    .000E+00
  1    360.     6.0     .832E-03    .127E-05    .106E-05    .400E-02    .000E+00
  1    370.     6.2     .828E-03    .126E-05    .105E-05    .400E-02    .000E+00
  1    380.     6.3     .823E-03    .125E-05    .104E-05    .400E-02    .000E+00
  1    390.     6.5     .819E-03    .124E-05    .104E-05    .400E-02    .000E+00
  1    400.     6.7     .814E-03    .122E-05    .103E-05    .400E-02    .000E+00
  1    410.     6.8     .810E-03    .121E-05    .102E-05    .400E-02    .000E+00
  1    420.     7.0     .806E-03    .120E-05    .102E-05    .400E-02    .000E+00
  1    430.     7.2     .802E-03    .119E-05    .101E-05    .400E-02    .000E+00
  1    440.     7.3     .797E-03    .118E-05    .100E-05    .400E-02    .000E+00
  1    450.     7.5     .793E-03    .117E-05    .995E-06    .400E-02    .000E+00
  1    460.     7.7     .789E-03    .115E-05    .989E-06    .400E-02    .000E+00
  1    470.     7.8     .785E-03    .114E-05    .982E-06    .400E-02    .000E+00
  1    480.     8.0     .780E-03    .113E-05    .976E-06    .400E-02    .000E+00
  1    490.     8.2     .776E-03    .112E-05    .969E-06    .400E-02    .000E+00
  1    500.     8.3     .772E-03    .111E-05    .962E-06    .400E-02    .000E+00
  1    510.     8.5     .768E-03    .110E-05    .956E-06    .400E-02    .000E+00
  1    520.     8.7     .764E-03    .109E-05    .949E-06    .400E-02    .000E+00
  1    530.     8.8     .760E-03    .108E-05    .943E-06    .400E-02    .000E+00
  1    540.     9.0     .756E-03    .107E-05    .936E-06    .400E-02    .000E+00
  1    550.     9.2     .751E-03    .106E-05    .930E-06    .400E-02    .000E+00
  1    560.     9.3     .747E-03    .105E-05    .924E-06    .400E-02    .000E+00
  1    570.     9.5     .743E-03    .104E-05    .917E-06    .400E-02    .000E+00
  1    580.     9.7     .739E-03    .103E-05    .911E-06    .400E-02    .000E+00
  1    590.     9.8     .735E-03    .102E-05    .905E-06    .400E-02    .000E+00
  1    600.    10.0     .731E-03    .101E-05    .899E-06    .400E-02    .000E+00
  1    610.    10.2     .727E-03    .997E-06    .892E-06    .400E-02    .000E+00
  1    620.    10.3     .723E-03    .988E-06    .886E-06    .400E-02    .000E+00
  1    630.    10.5     .719E-03    .978E-06    .880E-06    .400E-02    .000E+00
  1    640.    10.7     .715E-03    .969E-06    .874E-06    .400E-02    .000E+00
  1    650.    10.8     .711E-03    .960E-06    .868E-06    .400E-02    .000E+00
  1    660.    11.0     .707E-03    .951E-06    .862E-06    .400E-02    .000E+00
  1    670.    11.2     .704E-03    .942E-06    .856E-06    .400E-02    .000E+00
  1    680.    11.3     .700E-03    .933E-06    .850E-06    .400E-02    .000E+00
  1    690.    11.5     .696E-03    .924E-06    .844E-06    .400E-02    .000E+00
  1    700.    11.7     .692E-03    .915E-06    .838E-06    .400E-02    .000E+00
  1    710.    11.8     .688E-03    .906E-06    .832E-06    .400E-02    .000E+00
  1    720.    12.0     .684E-03    .898E-06    .826E-06    .400E-02    .000E+00
  1    730.    12.2     .681E-03    .889E-06    .820E-06    .400E-02    .000E+00
  1    740.    12.3     .677E-03    .881E-06    .814E-06    .400E-02    .000E+00
  1    750.    12.5     .673E-03    .873E-06    .808E-06    .400E-02    .000E+00
  1    760.    12.7     .669E-03    .864E-06    .803E-06    .400E-02    .000E+00
  1    770.    12.8     .665E-03    .856E-06    .797E-06    .400E-02    .000E+00
  1    780.    13.0     .662E-03    .848E-06    .791E-06    .400E-02    .000E+00
  1    790.    13.2     .658E-03    .840E-06    .786E-06    .400E-02    .000E+00
  1    800.    13.3     .654E-03    .832E-06    .780E-06    .400E-02    .000E+00
  1    810.    13.5     .651E-03    .825E-06    .774E-06    .400E-02    .000E+00
  1    820.    13.7     .647E-03    .817E-06    .769E-06    .400E-02    .000E+00
  1    830.    13.8     .643E-03    .809E-06    .763E-06    .400E-02    .000E+00
  1    840.    14.0     .640E-03    .802E-06    .758E-06    .400E-02    .000E+00
  1    850.    14.2     .636E-03    .794E-06    .752E-06    .400E-02    .000E+00
  1    860.    14.3     .632E-03    .787E-06    .747E-06    .400E-02    .000E+00
  1    870.    14.5     .629E-03    .780E-06    .742E-06    .400E-02    .000E+00
  1    880.    14.7     .625E-03    .772E-06    .736E-06    .400E-02    .000E+00
  1    890.    14.8     .622E-03    .765E-06    .731E-06    .400E-02    .000E+00
  1    900.    15.0     .618E-03    .758E-06    .725E-06    .400E-02    .000E+00
  1    910.    15.2     .615E-03    .751E-06    .720E-06    .400E-02    .000E+00
  1    920.    15.3     .611E-03    .744E-06    .715E-06    .400E-02    .000E+00
  1    930.    15.5     .608E-03    .738E-06    .710E-06    .400E-02    .000E+00
  1    940.    15.7     .604E-03    .731E-06    .704E-06    .400E-02    .000E+00
  1    950.    15.8     .601E-03    .724E-06    .699E-06    .400E-02    .000E+00
  1    960.    16.0     .597E-03    .718E-06    .694E-06    .400E-02    .000E+00
  1    970.    16.2     .594E-03    .711E-06    .689E-06    .400E-02    .000E+00
  1    980.    16.3     .590E-03    .705E-06    .684E-06    .400E-02    .000E+00
  1    990.    16.5     .587E-03    .698E-06    .679E-06    .400E-02    .000E+00
  1   1000.    16.7     .584E-03    .692E-06    .674E-06    .400E-02    .000E+00
  1   1010.    16.8     .580E-03    .686E-06    .669E-06    .400E-02    .000E+00
  1   1020.    17.0     .577E-03    .679E-06    .664E-06    .400E-02    .000E+00
  1   1030.    17.2     .574E-03    .673E-06    .659E-06    .400E-02    .000E+00
  1   1040.    17.3     .570E-03    .667E-06    .654E-06    .400E-02    .000E+00
  1   1050.    17.5     .567E-03    .661E-06    .649E-06    .400E-02    .000E+00
  1   1060.    17.7     .564E-03    .655E-06    .644E-06    .400E-02    .000E+00
  1   1070.    17.8     .560E-03    .650E-06    .639E-06    .400E-02    .000E+00
  1   1080.    18.0     .557E-03    .644E-06    .635E-06    .400E-02    .000E+00
  1   1090.    18.2     .554E-03    .638E-06    .630E-06    .400E-02    .000E+00
  1   1100.    18.3     .551E-03    .632E-06    .625E-06    .400E-02    .000E+00
  1   1110.    18.5     .547E-03    .627E-06    .620E-06    .400E-02    .000E+00
  1   1120.    18.7     .544E-03    .621E-06    .616E-06    .400E-02    .000E+00
  1   1130.    18.8     .541E-03    .616E-06    .611E-06    .400E-02    .000E+00
  1   1140.    19.0     .538E-03    .610E-06    .606E-06    .400E-02    .000E+00
  1   1150.    19.2     .535E-03    .605E-06    .602E-06    .400E-02    .000E+00
  1   1160.    19.3     .532E-03    .600E-06    .598E-06    .400E-02    .000E+00
  1   1170.    19.5     .528E-03    .594E-06    .593E-06    .400E-02    .000E+00
  1   1180.    19.7     .525E-03    .589E-06    .588E-06    .400E-02    .000E+00
  1   1190.    19.8     .522E-03    .584E-06    .584E-06    .400E-02    .000E+00
  1   1200.    20.0     .519E-03    .579E-06    .580E-06    .400E-02    .000E+00
  1   1210.    20.2     .516E-03    .574E-06    .575E-06    .400E-02    .000E+00
  1   1220.    20.3     .513E-03    .569E-06    .571E-06    .400E-02    .000E+00
  1   1230.    20.5     .510E-03    .564E-06    .567E-06    .400E-02    .000E+00
  1   1240.    20.7     .507E-03    .559E-06    .562E-06    .400E-02    .000E+00
  1   1250.    20.8     .504E-03    .554E-06    .558E-06    .400E-02    .000E+00
  1   1260.    21.0     .501E-03    .550E-06    .554E-06    .400E-02    .000E+00
  1   1270.    21.2     .498E-03    .545E-06    .549E-06    .400E-02    .000E+00
  1   1280.    21.3     .495E-03    .540E-06    .545E-06    .400E-02    .000E+00
  1   1290.    21.5     .492E-03    .536E-06    .541E-06    .400E-02    .000E+00
  1   1300.    21.7     .489E-03    .531E-06    .537E-06    .400E-02    .000E+00
  1   1310.    21.8     .486E-03    .526E-06    .533E-06    .400E-02    .000E+00
  1   1320.    22.0     .483E-03    .522E-06    .529E-06    .400E-02    .000E+00
  1   1330.    22.2     .480E-03    .518E-06    .525E-06    .400E-02    .000E+00
  1   1340.    22.3     .477E-03    .513E-06    .521E-06    .400E-02    .000E+00
  1   1350.    22.5     .475E-03    .509E-06    .517E-06    .400E-02    .000E+00
  1   1360.    22.7     .472E-03    .505E-06    .513E-06    .400E-02    .000E+00
  1   1370.    22.8     .469E-03    .500E-06    .509E-06    .400E-02    .000E+00
  1   1380.    23.0     .466E-03    .496E-06    .505E-06    .400E-02    .000E+00
  1   1390.    23.2     .463E-03    .492E-06    .501E-06    .400E-02    .000E+00
  1   1400.    23.3     .460E-03    .488E-06    .497E-06    .400E-02    .000E+00
  1   1410.    23.5     .458E-03    .484E-06    .493E-06    .400E-02    .000E+00
  1   1420.    23.7     .455E-03    .480E-06    .489E-06    .400E-02    .000E+00
  1   1430.    23.8     .452E-03    .476E-06    .486E-06    .400E-02    .000E+00
  1   1440.    24.0     .449E-03    .472E-06    .482E-06    .400E-02    .000E+00
  1   1450.    24.2     .447E-03    .468E-06    .478E-06    .400E-02    .000E+00
  1   1460.    24.3     .444E-03    .464E-06    .474E-06    .400E-02    .000E+00
  1   1470.    24.5     .441E-03    .460E-06    .471E-06    .400E-02    .000E+00
  1   1480.    24.7     .439E-03    .457E-06    .467E-06    .400E-02    .000E+00
  1   1490.    24.8     .436E-03    .453E-06    .463E-06    .400E-02    .000E+00
  1   1500.    25.0     .433E-03    .449E-06    .460E-06    .400E-02    .000E+00
  1   1510.    25.2     .431E-03    .446E-06    .456E-06    .400E-02    .000E+00
#TANK TIME(SEC) TIME(MIN) NOM         CO3*-       HPO4*-      HO*         
  1      0.      .0     .000E+00    .000E+00    .000E+00    .000E+00
  1     10.      .2     .000E+00    .234E-09    .000E+00    .552E-11
  1     20.      .3     .000E+00    .235E-09    .000E+00    .552E-11
  1     30.      .5     .000E+00    .236E-09    .000E+00    .551E-11
  1     40.      .7     .000E+00    .237E-09    .000E+00    .551E-11
  1     50.      .8     .000E+00    .238E-09    .000E+00    .550E-11
  1     60.     1.0     .000E+00    .239E-09    .000E+00    .550E-11
  1     70.     1.2     .000E+00    .240E-09    .000E+00    .549E-11
  1     80.     1.3     .000E+00    .241E-09    .000E+00    .548E-11
  1     90.     1.5     .000E+00    .242E-09    .000E+00    .548E-11
  1    100.     1.7     .000E+00    .243E-09    .000E+00    .547E-11
  1    110.     1.8     .000E+00    .244E-09    .000E+00    .547E-11
  1    120.     2.0     .000E+00    .245E-09    .000E+00    .546E-11
  1    130.     2.2     .000E+00    .246E-09    .000E+00    .546E-11
  1    140.     2.3     .000E+00    .247E-09    .000E+00    .545E-11
  1    150.     2.5     .000E+00    .248E-09    .000E+00    .544E-11
  1    160.     2.7     .000E+00    .250E-09    .000E+00    .544E-11
  1    170.     2.8     .000E+00    .251E-09    .000E+00    .543E-11
  1    180.     3.0     .000E+00    .252E-09    .000E+00    .542E-11
  1    190.     3.2     .000E+00    .253E-09    .000E+00    .542E-11
  1    200.     3.3     .000E+00    .254E-09    .000E+00    .541E-11
  1    210.     3.5     .000E+00    .255E-09    .000E+00    .540E-11
  1    220.     3.7     .000E+00    .256E-09    .000E+00    .540E-11
  1    230.     3.8     .000E+00    .257E-09    .000E+00    .539E-11
  1    240.     4.0     .000E+00    .258E-09    .000E+00    .538E-11
  1    250.     4.2     .000E+00    .259E-09    .000E+00    .538E-11
  1    260.     4.3     .000E+00    .261E-09    .000E+00    .537E-11
  1    270.     4.5     .000E+00    .262E-09    .000E+00    .536E-11
  1    280.     4.7     .000E+00    .263E-09    .000E+00    .536E-11
  1    290.     4.8     .000E+00    .264E-09    .000E+00    .535E-11
  1    300.     5.0     .000E+00    .265E-09    .000E+00    .534E-11
  1    310.     5.2     .000E+00    .266E-09    .000E+00    .533E-11
  1    320.     5.3     .000E+00    .267E-09    .000E+00    .532E-11
  1    330.     5.5     .000E+00    .269E-09    .000E+00    .532E-11
  1    340.     5.7     .000E+00    .270E-09    .000E+00    .531E-11
  1    350.     5.8     .000E+00    .271E-09    .000E+00    .530E-11
  1    360.     6.0     .000E+00    .272E-09    .000E+00    .529E-11
  1    370.     6.2     .000E+00    .273E-09    .000E+00    .529E-11
  1    380.     6.3     .000E+00    .275E-09    .000E+00    .528E-11
  1    390.     6.5     .000E+00    .276E-09    .000E+00    .527E-11
  1    400.     6.7     .000E+00    .277E-09    .000E+00    .526E-11
  1    410.     6.8     .000E+00    .278E-09    .000E+00    .525E-11
  1    420.     7.0     .000E+00    .279E-09    .000E+00    .524E-11
  1    430.     7.2     .000E+00    .281E-09    .000E+00    .524E-11
  1    440.     7.3     .000E+00    .282E-09    .000E+00    .523E-11
  1    450.     7.5     .000E+00    .283E-09    .000E+00    .522E-11
  1    460.     7.7     .000E+00    .284E-09    .000E+00    .521E-11
  1    470.     7.8     .000E+00    .285E-09    .000E+00    .520E-11
  1    480.     8.0     .000E+00    .287E-09    .000E+00    .519E-11
  1    490.     8.2     .000E+00    .288E-09    .000E+00    .518E-11
  1    500.     8.3     .000E+00    .289E-09    .000E+00    .517E-11
  1    510.     8.5     .000E+00    .290E-09    .000E+00    .516E-11
  1    520.     8.7     .000E+00    .292E-09    .000E+00    .515E-11
  1    530.     8.8     .000E+00    .293E-09    .000E+00    .514E-11
  1    540.     9.0     .000E+00    .294E-09    .000E+00    .514E-11
  1    550.     9.2     .000E+00    .295E-09    .000E+00    .513E-11
  1    560.     9.3     .000E+00    .297E-09    .000E+00    .512E-11
  1    570.     9.5     .000E+00    .298E-09    .000E+00    .511E-11
  1    580.     9.7     .000E+00    .299E-09    .000E+00    .510E-11
  1    590.     9.8     .000E+00    .300E-09    .000E+00    .509E-11
  1    600.    10.0     .000E+00    .302E-09    .000E+00    .508E-11
  1    610.    10.2     .000E+00    .303E-09    .000E+00    .507E-11
  1    620.    10.3     .000E+00    .304E-09    .000E+00    .506E-11
  1    630.    10.5     .000E+00    .306E-09    .000E+00    .505E-11
  1    640.    10.7     .000E+00    .307E-09    .000E+00    .504E-11
  1    650.    10.8     .000E+00    .308E-09    .000E+00    .503E-11
  1    660.    11.0     .000E+00    .309E-09    .000E+00    .502E-11
  1    670.    11.2     .000E+00    .311E-09    .000E+00    .501E-11
  1    680.    11.3     .000E+00    .312E-09    .000E+00    .500E-11
  1    690.    11.5     .000E+00    .313E-09    .000E+00    .498E-11
  1    700.    11.7     .000E+00    .315E-09    .000E+00    .497E-11
  1    710.    11.8     .000E+00    .316E-09    .000E+00    .496E-11
  1    720.    12.0     .000E+00    .317E-09    .000E+00    .495E-11
  1    730.    12.2     .000E+00    .319E-09    .000E+00    .494E-11
  1    740.    12.3     .000E+00    .320E-09    .000E+00    .493E-11
  1    750.    12.5     .000E+00    .321E-09    .000E+00    .492E-11
  1    760.    12.7     .000E+00    .323E-09    .000E+00    .491E-11
  1    770.    12.8     .000E+00    .324E-09    .000E+00    .490E-11
  1    780.    13.0     .000E+00    .325E-09    .000E+00    .489E-11
  1    790.    13.2     .000E+00    .327E-09    .000E+00    .488E-11
  1    800.    13.3     .000E+00    .328E-09    .000E+00    .486E-11
  1    810.    13.5     .000E+00    .329E-09    .000E+00    .485E-11
  1    820.    13.7     .000E+00    .331E-09    .000E+00    .484E-11
  1    830.    13.8     .000E+00    .332E-09    .000E+00    .483E-11
  1    840.    14.0     .000E+00    .334E-09    .000E+00    .482E-11
  1    850.    14.2     .000E+00    .335E-09    .000E+00    .481E-11
  1    860.    14.3     .000E+00    .336E-09    .000E+00    .480E-11
  1    870.    14.5     .000E+00    .338E-09    .000E+00    .478E-11
  1    880.    14.7     .000E+00    .339E-09    .000E+00    .477E-11
  1    890.    14.8     .000E+00    .340E-09    .000E+00    .476E-11
  1    900.    15.0     .000E+00    .342E-09    .000E+00    .475E-11
  1    910.    15.2     .000E+00    .343E-09    .000E+00    .474E-11
  1    920.    15.3     .000E+00    .345E-09    .000E+00    .472E-11
  1    930.    15.5     .000E+00    .346E-09    .000E+00    .471E-11
  1    940.    15.7     .000E+00    .347E-09    .000E+00    .470E-11
  1    950.    15.8     .000E+00    .349E-09    .000E+00    .469E-11
  1    960.    16.0     .000E+00    .350E-09    .000E+00    .468E-11
  1    970.    16.2     .000E+00    .352E-09    .000E+00    .466E-11
  1    980.    16.3     .000E+00    .353E-09    .000E+00    .465E-11
  1    990.    16.5     .000E+00    .354E-09    .000E+00    .464E-11
  1   1000.    16.7     .000E+00    .356E-09    .000E+00    .463E-11
  1   1010.    16.8     .000E+00    .357E-09    .000E+00    .461E-11
  1   1020.    17.0     .000E+00    .359E-09    .000E+00    .460E-11
  1   1030.    17.2     .000E+00    .360E-09    .000E+00    .459E-11
  1   1040.    17.3     .000E+00    .362E-09    .000E+00    .458E-11
  1   1050.    17.5     .000E+00    .363E-09    .000E+00    .456E-11
  1   1060.    17.7     .000E+00    .364E-09    .000E+00    .455E-11
  1   1070.    17.8     .000E+00    .366E-09    .000E+00    .454E-11
  1   1080.    18.0     .000E+00    .367E-09    .000E+00    .452E-11
  1   1090.    18.2     .000E+00    .369E-09    .000E+00    .451E-11
  1   1100.    18.3     .000E+00    .370E-09    .000E+00    .450E-11
  1   1110.    18.5     .000E+00    .372E-09    .000E+00    .449E-11
  1   1120.    18.7     .000E+00    .373E-09    .000E+00    .447E-11
  1   1130.    18.8     .000E+00    .375E-09    .000E+00    .446E-11
  1   1140.    19.0     .000E+00    .376E-09    .000E+00    .445E-11
  1   1150.    19.2     .000E+00    .377E-09    .000E+00    .443E-11
  1   1160.    19.3     .000E+00    .379E-09    .000E+00    .442E-11
  1   1170.    19.5     .000E+00    .380E-09    .000E+00    .441E-11
  1   1180.    19.7     .000E+00    .382E-09    .000E+00    .439E-11
  1   1190.    19.8     .000E+00    .383E-09    .000E+00    .438E-11
  1   1200.    20.0     .000E+00    .385E-09    .000E+00    .437E-11
  1   1210.    20.2     .000E+00    .386E-09    .000E+00    .435E-11
  1   1220.    20.3     .000E+00    .388E-09    .000E+00    .434E-11
  1   1230.    20.5     .000E+00    .389E-09    .000E+00    .433E-11
  1   1240.    20.7     .000E+00    .391E-09    .000E+00    .431E-11
  1   1250.    20.8     .000E+00    .392E-09    .000E+00    .430E-11
  1   1260.    21.0     .000E+00    .393E-09    .000E+00    .429E-11
  1   1270.    21.2     .000E+00    .395E-09    .000E+00    .427E-11
  1   1280.    21.3     .000E+00    .396E-09    .000E+00    .426E-11
  1   1290.    21.5     .000E+00    .398E-09    .000E+00    .424E-11
  1   1300.    21.7     .000E+00    .399E-09    .000E+00    .423E-11
  1   1310.    21.8     .000E+00    .401E-09    .000E+00    .422E-11
  1   1320.    22.0     .000E+00    .402E-09    .000E+00    .420E-11
  1   1330.    22.2     .000E+00    .404E-09    .000E+00    .419E-11
  1   1340.    22.3     .000E+00    .405E-09    .000E+00    .418E-11
  1   1350.    22.5     .000E+00    .407E-09    .000E+00    .416E-11
  1   1360.    22.7     .000E+00    .408E-09    .000E+00    .415E-11
  1   1370.    22.8     .000E+00    .410E-09    .000E+00    .413E-11
  1   1380.    23.0     .000E+00    .411E-09    .000E+00    .412E-11
  1   1390.    23.2     .000E+00    .413E-09    .000E+00    .411E-11
  1   1400.    23.3     .000E+00    .414E-09    .000E+00    .409E-11
  1   1410.    23.5     .000E+00    .416E-09    .000E+00    .408E-11
  1   1420.    23.7     .000E+00    .417E-09    .000E+00    .406E-11
  1   1430.    23.8     .000E+00    .418E-09    .000E+00    .405E-11
  1   1440.    24.0     .000E+00    .420E-09    .000E+00    .404E-11
  1   1450.    24.2     .000E+00    .421E-09    .000E+00    .402E-11
  1   1460.    24.3     .000E+00    .423E-09    .000E+00    .401E-11
  1   1470.    24.5     .000E+00    .424E-09    .000E+00    .399E-11
  1   1480.    24.7     .000E+00    .426E-09    .000E+00    .398E-11
  1   1490.    24.8     .000E+00    .427E-09    .000E+00    .397E-11
  1   1500.    25.0     .000E+00    .429E-09    .000E+00    .395E-11
  1   1510.    25.2     .000E+00    .430E-09    .000E+00    .394E-11
#TANK TIME(SEC) TIME(MIN) pH
  1      0.      .0     8.40
  1     10.      .2     8.39
  1     20.      .3     8.39
  1     30.      .5     8.39
  1     40.      .7     8.39
  1     50.      .8     8.39
  1     60.     1.0     8.39
  1     70.     1.2     8.39
  1     80.     1.3     8.39
  1     90.     1.5     8.39
  1    100.     1.7     8.39
  1    110.     1.8     8.39
  1    120.     2.0     8.39
  1    130.     2.2     8.39
  1    140.     2.3     8.39
  1    150.     2.5     8.39
  1    160.     2.7     8.39
  1    170.     2.8     8.39
  1    180.     3.0     8.39
  1    190.     3.2     8.39
  1    200.     3.3     8.39
  1    210.     3.5     8.39
  1    220.     3.7     8.39
  1    230.     3.8     8.39
  1    240.     4.0     8.39
  1    250.     4.2     8.38
  1    260.     4.3     8.38
  1    270.     4.5     8.38
  1    280.     4.7     8.38
  1    290.     4.8     8.38
  1    300.     5.0     8.38
  1    310.     5.2     8.38
  1    320.     5.3     8.38
  1    330.     5.5     8.38
  1    340.     5.7     8.38
  1    350.     5.8     8.38
  1    360.     6.0     8.38
  1    370.     6.2     8.38
  1    380.     6.3     8.38
  1    390.     6.5     8.38
  1    400.     6.7     8.38
  1    410.     6.8     8.38
  1    420.     7.0     8.38
  1    430.     7.2     8.38
  1    440.     7.3     8.38
  1    450.     7.5     8.38
  1    460.     7.7     8.38
  1    470.     7.8     8.38
  1    480.     8.0     8.38
  1    490.     8.2     8.38
  1    500.     8.3     8.38
  1    510.     8.5     8.38
  1    520.     8.7     8.38
  1    530.     8.8     8.38
  1    540.     9.0     8.38
  1    550.     9.2     8.38
  1    560.     9.3     8.38
  1    570.     9.5     8.38
  1    580.     9.7     8.38
  1    590.     9.8     8.38
  1    600.    10.0     8.38
  1    610.    10.2     8.37
  1    620.    10.3     8.37
  1    630.    10.5     8.37
  1    640.    10.7     8.37
  1    650.    10.8     8.37
  1    660.    11.0     8.37
  1    670.    11.2     8.37
  1    680.    11.3     8.37
  1    690.    11.5     8.37
  1    700.    11.7     8.37
  1    710.    11.8     8.37
  1    720.    12.0     8.37
  1    730.    12.2     8.37
  1    740.    12.3     8.37
  1    750.    12.5     8.37
  1    760.    12.7     8.37
  1    770.    12.8     8.37
  1    780.    13.0     8.37
  1    790.    13.2     8.37
  1    800.    13.3     8.37
  1    810.    13.5     8.37
  1    820.    13.7     8.37
  1    830.    13.8     8.37
  1    840.    14.0     8.37
  1    850.    14.2     8.37
  1    860.    14.3     8.37
  1    870.    14.5     8.37
  1    880.    14.7     8.37
  1    890.    14.8     8.37
  1    900.    15.0     8.37
  1    910.    15.2     8.37
  1    920.    15.3     8.37
  1    930.    15.5     8.37
  1    940.    15.7     8.37
  1    950.    15.8     8.37
  1    960.    16.0     8.37
  1    970.    16.2     8.37
  1    980.    16.3     8.37
  1    990.    16.5     8.37
  1   1000.    16.7     8.37
  1   1010.    16.8     8.37
  1   1020.    17.0     8.37
  1   1030.    17.2     8.37
  1   1040.    17.3     8.37
  1   1050.    17.5     8.37
  1   1060.    17.7     8.37
  1   1070.    17.8     8.37
  1   1080.    18.0     8.37
  1   1090.    18.2     8.37
  1   1100.    18.3     8.37
  1   1110.    18.5     8.37
  1   1120.    18.7     8.37
  1   1130.    18.8     8.37
  1   1140.    19.0     8.37
  1   1150.    19.2     8.37
  1   1160.    19.3     8.37
  1   1170.    19.5     8.37
  1   1180.    19.7     8.37
  1   1190.    19.8     8.37
  1   1200.    20.0     8.37
  1   1210.    20.2     8.37
  1   1220.    20.3     8.37
  1   1230.    20.5     8.37
  1   1240.    20.7     8.36
  1   1250.    20.8     8.36
  1   1260.    21.0     8.36
  1   1270.    21.2     8.36
  1   1280.    21.3     8.36
  1   1290.    21.5     8.36
  1   1300.    21.7     8.36
  1   1310.    21.8     8.36
  1   1320.    22.0     8.36
  1   1330.    22.2     8.36
  1   1340.    22.3     8.36
  1   1350.    22.5     8.36
  1   1360.    22.7     8.36
  1   1370.    22.8     8.36
  1   1380.    23.0     8.36
  1   1390.    23.2     8.36
  1   1400.    23.3     8.36
  1   1410.    23.5     8.36
  1   1420.    23.7     8.36
  1   1430.    23.8     8.36
  1   1440.    24.0     8.36
  1   1450.    24.2     8.36
  1   1460.    24.3     8.36
  1   1470.    24.5     8.36
  1   1480.    24.7     8.36
  1   1490.    24.8     8.36
  1   1500.    25.0     8.36
  1   1510.    25.2     8.36
