 HO2*        
 gmol/L
#TANK TIME(SEC) TIME(MIN) CONC
  1      0.      .0     .000E+00
  1    300.     5.0     .114E-05
  1    600.    10.0     .103E-05
  1    900.    15.0     .958E-06
  1   1200.    20.0     .918E-06
  1   1500.    25.0     .895E-06
  1   1800.    30.0     .881E-06
  1   2100.    35.0     .872E-06
  1   2400.    40.0     .867E-06
  1   2700.    45.0     .864E-06
  1   3000.    50.0     .863E-06
  1   3300.    55.0     .862E-06
  1   3600.    60.0     .861E-06
  1   3900.    65.0     .861E-06
  1   4200.    70.0     .860E-06
  1   4500.    75.0     .860E-06
  1   4800.    80.0     .860E-06
 END_OF_TANK
  2      0.      .0     .000E+00
  2    300.     5.0     .110E-05
  2    600.    10.0     .926E-06
  2    900.    15.0     .796E-06
  2   1200.    20.0     .706E-06
  2   1500.    25.0     .645E-06
  2   1800.    30.0     .605E-06
  2   2100.    35.0     .579E-06
  2   2400.    40.0     .562E-06
  2   2700.    45.0     .551E-06
  2   3000.    50.0     .544E-06
  2   3300.    55.0     .540E-06
  2   3600.    60.0     .537E-06
  2   3900.    65.0     .536E-06
  2   4200.    70.0     .534E-06
  2   4500.    75.0     .534E-06
  2   4800.    80.0     .533E-06
 END_OF_TANK
 END_OF_FILE
