 DBCP        
 gmol/L
#TANK TIME(SEC) TIME(MIN) CONC
  1      0.      .0     .183E-05
  1    300.     5.0     .143E-05
  1    600.    10.0     .124E-05
  1    900.    15.0     .114E-05
  1   1200.    20.0     .110E-05
  1   1500.    25.0     .108E-05
  1   1800.    30.0     .107E-05
  1   2100.    35.0     .107E-05
  1   2400.    40.0     .106E-05
  1   2700.    45.0     .106E-05
  1   3000.    50.0     .106E-05
  1   3300.    55.0     .106E-05
  1   3600.    60.0     .106E-05
  1   3900.    65.0     .106E-05
  1   4200.    70.0     .106E-05
  1   4500.    75.0     .106E-05
  1   4800.    80.0     .106E-05
 END_OF_TANK
  2      0.      .0     .000E+00
  2    300.     5.0     .136E-05
  2    600.    10.0     .106E-05
  2    900.    15.0     .872E-06
  2   1200.    20.0     .766E-06
  2   1500.    25.0     .707E-06
  2   1800.    30.0     .676E-06
  2   2100.    35.0     .660E-06
  2   2400.    40.0     .652E-06
  2   2700.    45.0     .648E-06
  2   3000.    50.0     .647E-06
  2   3300.    55.0     .646E-06
  2   3600.    60.0     .646E-06
  2   3900.    65.0     .647E-06
  2   4200.    70.0     .647E-06
  2   4500.    75.0     .647E-06
  2   4800.    80.0     .647E-06
 END_OF_TANK
 END_OF_FILE
