Output Data from Bed Number 1 is given below:
Time   CP(1,T)/CT  CP(2,T)/CT  CP(3,T)/CT  CP(4,T)/CT  CP(5,T)/CT  CP(6,T)/CT
(min)  (-)         (-)         (-)         (-)         (-)         (-)
1.0    4.662E-06   1.000E+00
2.0    4.870E-06   1.000E+00
3.0    3.980E-06   1.000E+00
4.0    4.018E-06   1.000E+00
5.0    4.351E-06   1.000E+00
6.0    4.113E-06   1.000E+00
7.0    2.508E-06   1.000E+00
8.0    1.064E-06   1.000E+00
9.0    -1.621E-08  1.000E+00
10.0   1.345E-06   1.000E+00
11.0   2.314E-06   1.000E+00
12.0   2.919E-06   1.000E+00
13.0   3.483E-06   1.000E+00
14.0   7.293E-06   1.000E+00
15.0   2.228E-06   1.000E+00
16.0   1.310E-06   1.000E+00
17.0   4.404E-06   1.000E+00
18.0   3.170E-06   1.000E+00
19.0   4.118E-07   1.000E+00
20.0   2.116E-06   1.000E+00
21.0   1.781E-06   1.000E+00
22.0   3.968E-06   1.000E+00
23.0   6.032E-06   1.000E+00
24.0   1.222E-05   1.000E+00
25.0   1.574E-05   1.000E+00
26.0   2.008E-05   1.000E+00
27.0   2.544E-05   1.000E+00
28.0   3.202E-05   1.000E+00
29.0   3.983E-05   1.000E+00
30.0   4.904E-05   1.000E+00
31.0   5.980E-05   9.999E-01
32.0   7.229E-05   9.999E-01
33.0   8.673E-05   9.999E-01
34.0   1.033E-04   9.999E-01
35.0   1.223E-04   9.999E-01
36.0   1.439E-04   9.999E-01
37.0   1.684E-04   9.998E-01
38.0   1.960E-04   9.998E-01
39.0   2.270E-04   9.998E-01
40.0   2.616E-04   9.997E-01
41.0   3.001E-04   9.997E-01
42.0   3.429E-04   9.997E-01
43.0   3.902E-04   9.996E-01
44.0   4.423E-04   9.996E-01
45.0   4.995E-04   9.995E-01
46.0   5.623E-04   9.994E-01
47.0   6.308E-04   9.994E-01
48.0   7.055E-04   9.993E-01
49.0   7.866E-04   9.992E-01
50.0   8.746E-04   9.991E-01
51.0   9.697E-04   9.990E-01
52.0   1.072E-03   9.989E-01
53.0   1.183E-03   9.988E-01
54.0   1.302E-03   9.987E-01
55.0   1.429E-03   9.986E-01
56.0   1.566E-03   9.984E-01
57.0   1.712E-03   9.983E-01
58.0   1.868E-03   9.981E-01
59.0   2.034E-03   9.980E-01
60.0   2.210E-03   9.978E-01
61.0   2.398E-03   9.976E-01
62.0   2.596E-03   9.974E-01
63.0   2.807E-03   9.972E-01
64.0   3.030E-03   9.970E-01
65.0   3.265E-03   9.967E-01
66.0   3.513E-03   9.965E-01
67.0   3.774E-03   9.962E-01
68.0   4.049E-03   9.960E-01
69.0   4.338E-03   9.957E-01
70.0   4.641E-03   9.954E-01
71.0   4.960E-03   9.950E-01
72.0   5.293E-03   9.947E-01
73.0   5.643E-03   9.944E-01
74.0   6.008E-03   9.940E-01
75.0   6.389E-03   9.936E-01
76.0   6.788E-03   9.932E-01
77.0   7.203E-03   9.928E-01
78.0   7.636E-03   9.924E-01
79.0   8.087E-03   9.919E-01
80.0   8.556E-03   9.914E-01
81.0   9.044E-03   9.910E-01
82.0   9.551E-03   9.904E-01
83.0   1.008E-02   9.899E-01
84.0   1.062E-02   9.894E-01
85.0   1.119E-02   9.888E-01
86.0   1.177E-02   9.882E-01
87.0   1.238E-02   9.876E-01
88.0   1.301E-02   9.870E-01
89.0   1.366E-02   9.863E-01
90.0   1.433E-02   9.857E-01
91.0   1.502E-02   9.850E-01
92.0   1.574E-02   9.843E-01
93.0   1.648E-02   9.835E-01
94.0   1.724E-02   9.828E-01
95.0   1.803E-02   9.820E-01
96.0   1.884E-02   9.812E-01
97.0   1.967E-02   9.803E-01
98.0   2.053E-02   9.795E-01
99.0   2.141E-02   9.786E-01
100.0  2.232E-02   9.777E-01
101.0  2.325E-02   9.768E-01
102.0  2.421E-02   9.758E-01
103.0  2.519E-02   9.748E-01
104.0  2.620E-02   9.738E-01
105.0  2.724E-02   9.728E-01
106.0  2.830E-02   9.717E-01
107.0  2.939E-02   9.706E-01
108.0  3.051E-02   9.695E-01
109.0  3.165E-02   9.683E-01
110.0  3.282E-02   9.672E-01
111.0  3.402E-02   9.660E-01
112.0  3.525E-02   9.647E-01
113.0  3.651E-02   9.635E-01
114.0  3.779E-02   9.622E-01
115.0  3.911E-02   9.609E-01
116.0  4.045E-02   9.596E-01
117.0  4.182E-02   9.582E-01
118.0  4.322E-02   9.568E-01
119.0  4.466E-02   9.553E-01
120.0  4.612E-02   9.539E-01
121.0  4.761E-02   9.524E-01
122.0  4.913E-02   9.509E-01
123.0  5.069E-02   9.493E-01
124.0  5.227E-02   9.477E-01
125.0  5.388E-02   9.461E-01
126.0  5.553E-02   9.445E-01
127.0  5.721E-02   9.428E-01
128.0  5.891E-02   9.411E-01
129.0  6.065E-02   9.393E-01
130.0  6.243E-02   9.376E-01
131.0  6.423E-02   9.358E-01
132.0  6.606E-02   9.339E-01
133.0  6.793E-02   9.321E-01
134.0  6.983E-02   9.302E-01
135.0  7.176E-02   9.282E-01
136.0  7.373E-02   9.263E-01
137.0  7.573E-02   9.243E-01
138.0  7.776E-02   9.222E-01
139.0  7.982E-02   9.202E-01
140.0  8.191E-02   9.181E-01
141.0  8.404E-02   9.160E-01
142.0  8.620E-02   9.138E-01
143.0  8.840E-02   9.116E-01
144.0  9.063E-02   9.094E-01
145.0  9.289E-02   9.071E-01
146.0  9.518E-02   9.048E-01
147.0  9.751E-02   9.025E-01
148.0  9.987E-02   9.001E-01
149.0  1.023E-01   8.977E-01
150.0  1.047E-01   8.953E-01
151.0  1.072E-01   8.928E-01
152.0  1.097E-01   8.903E-01
153.0  1.122E-01   8.878E-01
154.0  1.147E-01   8.853E-01
155.0  1.173E-01   8.827E-01
156.0  1.200E-01   8.800E-01
157.0  1.226E-01   8.774E-01
158.0  1.253E-01   8.747E-01
159.0  1.281E-01   8.719E-01
160.0  1.308E-01   8.692E-01
161.0  1.336E-01   8.664E-01
162.0  1.364E-01   8.636E-01
163.0  1.393E-01   8.607E-01
164.0  1.422E-01   8.578E-01
165.0  1.451E-01   8.549E-01
166.0  1.481E-01   8.519E-01
167.0  1.511E-01   8.489E-01
168.0  1.541E-01   8.459E-01
169.0  1.572E-01   8.428E-01
170.0  1.603E-01   8.397E-01
171.0  1.634E-01   8.366E-01
172.0  1.665E-01   8.335E-01
173.0  1.697E-01   8.303E-01
174.0  1.730E-01   8.270E-01
175.0  1.762E-01   8.238E-01
176.0  1.795E-01   8.205E-01
177.0  1.828E-01   8.172E-01
178.0  1.862E-01   8.138E-01
179.0  1.895E-01   8.105E-01
180.0  1.929E-01   8.071E-01
181.0  1.964E-01   8.036E-01
182.0  1.998E-01   8.002E-01
183.0  2.033E-01   7.967E-01
184.0  2.069E-01   7.931E-01
185.0  2.104E-01   7.896E-01
186.0  2.140E-01   7.860E-01
187.0  2.176E-01   7.824E-01
188.0  2.213E-01   7.787E-01
189.0  2.249E-01   7.751E-01
190.0  2.286E-01   7.714E-01
191.0  2.324E-01   7.676E-01
192.0  2.361E-01   7.639E-01
193.0  2.399E-01   7.601E-01
194.0  2.437E-01   7.563E-01
195.0  2.475E-01   7.525E-01
196.0  2.514E-01   7.486E-01
197.0  2.553E-01   7.447E-01
198.0  2.592E-01   7.408E-01
199.0  2.631E-01   7.369E-01
200.0  2.671E-01   7.329E-01
201.0  2.711E-01   7.289E-01
202.0  2.751E-01   7.249E-01
203.0  2.791E-01   7.209E-01
204.0  2.832E-01   7.168E-01
205.0  2.873E-01   7.127E-01
206.0  2.914E-01   7.086E-01
207.0  2.955E-01   7.045E-01
208.0  2.996E-01   7.004E-01
209.0  3.038E-01   6.962E-01
210.0  3.080E-01   6.920E-01
211.0  3.122E-01   6.878E-01
212.0  3.164E-01   6.836E-01
213.0  3.206E-01   6.794E-01
214.0  3.249E-01   6.751E-01
215.0  3.292E-01   6.708E-01
216.0  3.335E-01   6.665E-01
217.0  3.378E-01   6.622E-01
218.0  3.421E-01   6.579E-01
219.0  3.465E-01   6.535E-01
220.0  3.508E-01   6.492E-01
221.0  3.552E-01   6.448E-01
222.0  3.596E-01   6.404E-01
223.0  3.640E-01   6.360E-01
224.0  3.684E-01   6.316E-01
225.0  3.728E-01   6.272E-01
226.0  3.773E-01   6.227E-01
227.0  3.817E-01   6.183E-01
228.0  3.862E-01   6.138E-01
229.0  3.907E-01   6.093E-01
230.0  3.952E-01   6.048E-01
231.0  3.997E-01   6.003E-01
232.0  4.042E-01   5.958E-01
233.0  4.087E-01   5.913E-01
234.0  4.132E-01   5.868E-01
235.0  4.177E-01   5.823E-01
236.0  4.223E-01   5.777E-01
237.0  4.268E-01   5.732E-01
238.0  4.314E-01   5.686E-01
239.0  4.359E-01   5.641E-01
240.0  4.405E-01   5.595E-01
241.0  4.450E-01   5.550E-01
242.0  4.496E-01   5.504E-01
243.0  4.541E-01   5.459E-01
244.0  4.587E-01   5.413E-01
245.0  4.633E-01   5.367E-01
246.0  4.679E-01   5.321E-01
247.0  4.724E-01   5.276E-01
248.0  4.770E-01   5.230E-01
249.0  4.816E-01   5.184E-01
250.0  4.861E-01   5.139E-01
251.0  4.907E-01   5.093E-01
252.0  4.953E-01   5.047E-01
253.0  4.998E-01   5.002E-01
254.0  5.044E-01   4.956E-01
255.0  5.089E-01   4.911E-01
256.0  5.135E-01   4.865E-01
257.0  5.180E-01   4.820E-01
258.0  5.226E-01   4.774E-01
259.0  5.271E-01   4.729E-01
260.0  5.316E-01   4.684E-01
261.0  5.361E-01   4.639E-01
262.0  5.406E-01   4.594E-01
263.0  5.451E-01   4.549E-01
264.0  5.496E-01   4.504E-01
265.0  5.541E-01   4.459E-01
266.0  5.586E-01   4.414E-01
267.0  5.630E-01   4.370E-01
268.0  5.675E-01   4.325E-01
269.0  5.719E-01   4.281E-01
270.0  5.764E-01   4.236E-01
271.0  5.808E-01   4.192E-01
272.0  5.852E-01   4.148E-01
273.0  5.895E-01   4.105E-01
274.0  5.939E-01   4.061E-01
275.0  5.983E-01   4.017E-01
276.0  6.026E-01   3.974E-01
277.0  6.069E-01   3.931E-01
278.0  6.112E-01   3.888E-01
279.0  6.155E-01   3.845E-01
280.0  6.198E-01   3.802E-01
281.0  6.241E-01   3.759E-01
282.0  6.283E-01   3.717E-01
283.0  6.325E-01   3.675E-01
284.0  6.367E-01   3.633E-01
285.0  6.409E-01   3.591E-01
286.0  6.451E-01   3.549E-01
287.0  6.492E-01   3.508E-01
288.0  6.533E-01   3.467E-01
289.0  6.574E-01   3.426E-01
290.0  6.615E-01   3.385E-01
291.0  6.655E-01   3.345E-01
292.0  6.696E-01   3.304E-01
293.0  6.736E-01   3.264E-01
294.0  6.776E-01   3.224E-01
295.0  6.815E-01   3.185E-01
296.0  6.855E-01   3.145E-01
297.0  6.894E-01   3.106E-01
298.0  6.933E-01   3.067E-01
299.0  6.972E-01   3.028E-01
300.0  7.010E-01   2.990E-01
301.0  7.048E-01   2.952E-01
302.0  7.086E-01   2.914E-01
303.0  7.124E-01   2.876E-01
304.0  7.161E-01   2.839E-01
305.0  7.198E-01   2.802E-01
306.0  7.235E-01   2.765E-01
307.0  7.272E-01   2.728E-01
308.0  7.308E-01   2.692E-01
309.0  7.344E-01   2.656E-01
310.0  7.380E-01   2.620E-01
311.0  7.416E-01   2.584E-01
312.0  7.451E-01   2.549E-01
313.0  7.486E-01   2.514E-01
314.0  7.520E-01   2.480E-01
315.0  7.555E-01   2.445E-01
316.0  7.589E-01   2.411E-01
317.0  7.623E-01   2.377E-01
318.0  7.656E-01   2.344E-01
319.0  7.689E-01   2.311E-01
320.0  7.722E-01   2.278E-01
321.0  7.755E-01   2.245E-01
322.0  7.787E-01   2.213E-01
323.0  7.819E-01   2.181E-01
324.0  7.851E-01   2.149E-01
325.0  7.883E-01   2.117E-01
326.0  7.914E-01   2.086E-01
327.0  7.945E-01   2.055E-01
328.0  7.975E-01   2.025E-01
329.0  8.005E-01   1.995E-01
330.0  8.035E-01   1.965E-01
331.0  8.065E-01   1.935E-01
332.0  8.094E-01   1.906E-01
333.0  8.123E-01   1.877E-01
334.0  8.152E-01   1.848E-01
335.0  8.180E-01   1.820E-01
336.0  8.208E-01   1.792E-01
337.0  8.236E-01   1.764E-01
338.0  8.264E-01   1.736E-01
339.0  8.291E-01   1.709E-01
340.0  8.318E-01   1.682E-01
341.0  8.344E-01   1.656E-01
342.0  8.371E-01   1.629E-01
343.0  8.397E-01   1.603E-01
344.0  8.422E-01   1.578E-01
345.0  8.448E-01   1.552E-01
346.0  8.473E-01   1.527E-01
347.0  8.497E-01   1.503E-01
348.0  8.522E-01   1.478E-01
349.0  8.546E-01   1.454E-01
350.0  8.570E-01   1.430E-01
351.0  8.594E-01   1.406E-01
352.0  8.617E-01   1.383E-01
353.0  8.640E-01   1.360E-01
354.0  8.663E-01   1.337E-01
355.0  8.685E-01   1.315E-01
356.0  8.707E-01   1.293E-01
357.0  8.729E-01   1.271E-01
358.0  8.750E-01   1.250E-01
359.0  8.772E-01   1.228E-01
360.0  8.793E-01   1.207E-01
361.0  8.813E-01   1.187E-01
362.0  8.834E-01   1.166E-01
363.0  8.854E-01   1.146E-01
364.0  8.874E-01   1.126E-01
365.0  8.893E-01   1.107E-01
366.0  8.913E-01   1.087E-01
367.0  8.932E-01   1.068E-01
368.0  8.950E-01   1.050E-01
369.0  8.969E-01   1.031E-01
370.0  8.987E-01   1.013E-01
371.0  9.005E-01   9.950E-02
372.0  9.023E-01   9.773E-02
373.0  9.040E-01   9.599E-02
374.0  9.057E-01   9.427E-02
375.0  9.074E-01   9.258E-02
376.0  9.091E-01   9.091E-02
377.0  9.107E-01   8.927E-02
378.0  9.124E-01   8.765E-02
379.0  9.139E-01   8.606E-02
380.0  9.155E-01   8.449E-02
381.0  9.171E-01   8.294E-02
382.0  9.186E-01   8.142E-02
383.0  9.201E-01   7.993E-02
384.0  9.215E-01   7.845E-02
385.0  9.230E-01   7.700E-02
386.0  9.244E-01   7.558E-02
387.0  9.258E-01   7.417E-02
388.0  9.272E-01   7.279E-02
389.0  9.286E-01   7.143E-02
390.0  9.299E-01   7.009E-02
391.0  9.312E-01   6.878E-02
392.0  9.325E-01   6.748E-02
393.0  9.338E-01   6.621E-02
394.0  9.350E-01   6.496E-02
395.0  9.363E-01   6.373E-02
396.0  9.375E-01   6.252E-02
397.0  9.387E-01   6.132E-02
398.0  9.398E-01   6.015E-02
399.0  9.410E-01   5.900E-02
399.0  9.410E-01   5.900E-02
