Time (min) BVF         C/CT(1)     C/CT(2)

1.000E+00  7.654E-01   4.6618E-06  1.0000E+00
2.000E+00  1.531E+00   4.8699E-06  1.0000E+00
3.000E+00  2.296E+00   3.9799E-06  1.0000E+00
4.000E+00  3.062E+00   4.0179E-06  1.0000E+00
5.000E+00  3.827E+00   4.3510E-06  1.0000E+00
6.000E+00  4.593E+00   4.1125E-06  1.0000E+00
7.000E+00  5.358E+00   2.5082E-06  1.0000E+00
8.000E+00  6.124E+00   1.0640E-06  1.0000E+00
9.000E+00  6.889E+00   -1.6207E-08 1.0000E+00
1.000E+01  7.654E+00   1.3448E-06  1.0000E+00
1.100E+01  8.420E+00   2.3140E-06  1.0000E+00
1.200E+01  9.185E+00   2.9189E-06  1.0000E+00
1.300E+01  9.951E+00   3.4830E-06  1.0000E+00
1.400E+01  1.072E+01   7.2927E-06  9.9999E-01
1.500E+01  1.148E+01   2.2281E-06  1.0000E+00
1.600E+01  1.225E+01   1.3102E-06  1.0000E+00
1.700E+01  1.301E+01   4.4043E-06  1.0000E+00
1.800E+01  1.378E+01   3.1699E-06  1.0000E+00
1.900E+01  1.454E+01   4.1179E-07  1.0000E+00
2.000E+01  1.531E+01   2.1163E-06  1.0000E+00
2.100E+01  1.607E+01   1.7809E-06  1.0000E+00
2.200E+01  1.684E+01   3.9676E-06  1.0000E+00
2.300E+01  1.761E+01   6.0317E-06  9.9999E-01
2.400E+01  1.837E+01   1.2218E-05  9.9999E-01
2.500E+01  1.914E+01   1.5738E-05  9.9998E-01
2.600E+01  1.990E+01   2.0077E-05  9.9998E-01
2.700E+01  2.067E+01   2.5442E-05  9.9997E-01
2.800E+01  2.143E+01   3.2018E-05  9.9997E-01
2.900E+01  2.220E+01   3.9832E-05  9.9996E-01
3.000E+01  2.296E+01   4.9042E-05  9.9995E-01
3.100E+01  2.373E+01   5.9801E-05  9.9994E-01
3.200E+01  2.449E+01   7.2291E-05  9.9993E-01
3.300E+01  2.526E+01   8.6731E-05  9.9991E-01
3.400E+01  2.603E+01   1.0334E-04  9.9990E-01
3.500E+01  2.679E+01   1.2233E-04  9.9988E-01
3.600E+01  2.756E+01   1.4395E-04  9.9986E-01
3.700E+01  2.832E+01   1.6842E-04  9.9983E-01
3.800E+01  2.909E+01   1.9601E-04  9.9980E-01
3.900E+01  2.985E+01   2.2697E-04  9.9977E-01
4.000E+01  3.062E+01   2.6158E-04  9.9974E-01
4.100E+01  3.138E+01   3.0013E-04  9.9970E-01
4.200E+01  3.215E+01   3.4289E-04  9.9966E-01
4.300E+01  3.291E+01   3.9018E-04  9.9961E-01
4.400E+01  3.368E+01   4.4229E-04  9.9956E-01
4.500E+01  3.444E+01   4.9955E-04  9.9950E-01
4.600E+01  3.521E+01   5.6228E-04  9.9944E-01
4.700E+01  3.598E+01   6.3080E-04  9.9937E-01
4.800E+01  3.674E+01   7.0546E-04  9.9929E-01
4.900E+01  3.751E+01   7.8661E-04  9.9921E-01
5.000E+01  3.827E+01   8.7458E-04  9.9913E-01
5.100E+01  3.904E+01   9.6973E-04  9.9903E-01
5.200E+01  3.980E+01   1.0724E-03  9.9893E-01
5.300E+01  4.057E+01   1.1830E-03  9.9882E-01
5.400E+01  4.133E+01   1.3019E-03  9.9870E-01
5.500E+01  4.210E+01   1.4294E-03  9.9857E-01
5.600E+01  4.286E+01   1.5660E-03  9.9843E-01
5.700E+01  4.363E+01   1.7120E-03  9.9829E-01
5.800E+01  4.440E+01   1.8677E-03  9.9813E-01
5.900E+01  4.516E+01   2.0337E-03  9.9797E-01
6.000E+01  4.593E+01   2.2102E-03  9.9779E-01
6.100E+01  4.669E+01   2.3976E-03  9.9760E-01
6.200E+01  4.746E+01   2.5964E-03  9.9740E-01
6.300E+01  4.822E+01   2.8069E-03  9.9719E-01
6.400E+01  4.899E+01   3.0295E-03  9.9697E-01
6.500E+01  4.975E+01   3.2646E-03  9.9674E-01
6.600E+01  5.052E+01   3.5126E-03  9.9649E-01
6.700E+01  5.128E+01   3.7739E-03  9.9623E-01
6.800E+01  5.205E+01   4.0489E-03  9.9595E-01
6.900E+01  5.282E+01   4.3380E-03  9.9566E-01
7.000E+01  5.358E+01   4.6414E-03  9.9536E-01
7.100E+01  5.435E+01   4.9598E-03  9.9504E-01
7.200E+01  5.511E+01   5.2933E-03  9.9471E-01
7.300E+01  5.588E+01   5.6425E-03  9.9436E-01
7.400E+01  5.664E+01   6.0077E-03  9.9399E-01
7.500E+01  5.741E+01   6.3893E-03  9.9361E-01
7.600E+01  5.817E+01   6.7876E-03  9.9321E-01
7.700E+01  5.894E+01   7.2031E-03  9.9280E-01
7.800E+01  5.970E+01   7.6361E-03  9.9236E-01
7.900E+01  6.047E+01   8.0870E-03  9.9191E-01
8.000E+01  6.124E+01   8.5561E-03  9.9144E-01
8.100E+01  6.200E+01   9.0439E-03  9.9096E-01
8.200E+01  6.277E+01   9.5507E-03  9.9045E-01
8.300E+01  6.353E+01   1.0077E-02  9.8992E-01
8.400E+01  6.430E+01   1.0623E-02  9.8938E-01
8.500E+01  6.506E+01   1.1189E-02  9.8881E-01
8.600E+01  6.583E+01   1.1775E-02  9.8823E-01
8.700E+01  6.659E+01   1.2382E-02  9.8762E-01
8.800E+01  6.736E+01   1.3010E-02  9.8699E-01
8.900E+01  6.812E+01   1.3660E-02  9.8634E-01
9.000E+01  6.889E+01   1.4331E-02  9.8567E-01
9.100E+01  6.966E+01   1.5025E-02  9.8498E-01
9.200E+01  7.042E+01   1.5741E-02  9.8426E-01
9.300E+01  7.119E+01   1.6480E-02  9.8352E-01
9.400E+01  7.195E+01   1.7242E-02  9.8276E-01
9.500E+01  7.272E+01   1.8027E-02  9.8197E-01
9.600E+01  7.348E+01   1.8836E-02  9.8116E-01
9.700E+01  7.425E+01   1.9669E-02  9.8033E-01
9.800E+01  7.501E+01   2.0527E-02  9.7947E-01
9.900E+01  7.578E+01   2.1409E-02  9.7859E-01
1.000E+02  7.654E+01   2.2316E-02  9.7768E-01
1.010E+02  7.731E+01   2.3249E-02  9.7675E-01
1.020E+02  7.808E+01   2.4206E-02  9.7579E-01
1.030E+02  7.884E+01   2.5190E-02  9.7481E-01
1.040E+02  7.961E+01   2.6200E-02  9.7380E-01
1.050E+02  8.037E+01   2.7236E-02  9.7276E-01
1.060E+02  8.114E+01   2.8299E-02  9.7170E-01
1.070E+02  8.190E+01   2.9389E-02  9.7061E-01
1.080E+02  8.267E+01   3.0506E-02  9.6949E-01
1.090E+02  8.343E+01   3.1650E-02  9.6835E-01
1.100E+02  8.420E+01   3.2822E-02  9.6718E-01
1.110E+02  8.496E+01   3.4022E-02  9.6598E-01
1.120E+02  8.573E+01   3.5250E-02  9.6475E-01
1.130E+02  8.649E+01   3.6507E-02  9.6349E-01
1.140E+02  8.726E+01   3.7792E-02  9.6221E-01
1.150E+02  8.803E+01   3.9106E-02  9.6089E-01
1.160E+02  8.879E+01   4.0450E-02  9.5955E-01
1.170E+02  8.956E+01   4.1822E-02  9.5818E-01
1.180E+02  9.032E+01   4.3224E-02  9.5678E-01
1.190E+02  9.109E+01   4.4656E-02  9.5534E-01
1.200E+02  9.185E+01   4.6118E-02  9.5388E-01
1.210E+02  9.262E+01   4.7610E-02  9.5239E-01
1.220E+02  9.338E+01   4.9133E-02  9.5087E-01
1.230E+02  9.415E+01   5.0685E-02  9.4931E-01
1.240E+02  9.491E+01   5.2269E-02  9.4773E-01
1.250E+02  9.568E+01   5.3884E-02  9.4612E-01
1.260E+02  9.645E+01   5.5529E-02  9.4447E-01
1.270E+02  9.721E+01   5.7206E-02  9.4279E-01
1.280E+02  9.798E+01   5.8914E-02  9.4109E-01
1.290E+02  9.874E+01   6.0654E-02  9.3935E-01
1.300E+02  9.951E+01   6.2426E-02  9.3757E-01
1.310E+02  1.003E+02   6.4229E-02  9.3577E-01
1.320E+02  1.010E+02   6.6064E-02  9.3394E-01
1.330E+02  1.018E+02   6.7932E-02  9.3207E-01
1.340E+02  1.026E+02   6.9832E-02  9.3017E-01
1.350E+02  1.033E+02   7.1764E-02  9.2824E-01
1.360E+02  1.041E+02   7.3729E-02  9.2627E-01
1.370E+02  1.049E+02   7.5726E-02  9.2427E-01
1.380E+02  1.056E+02   7.7756E-02  9.2224E-01
1.390E+02  1.064E+02   7.9819E-02  9.2018E-01
1.400E+02  1.072E+02   8.1914E-02  9.1809E-01
1.410E+02  1.079E+02   8.4043E-02  9.1596E-01
1.420E+02  1.087E+02   8.6205E-02  9.1380E-01
1.430E+02  1.095E+02   8.8400E-02  9.1160E-01
1.440E+02  1.102E+02   9.0628E-02  9.0937E-01
1.450E+02  1.110E+02   9.2889E-02  9.0711E-01
1.460E+02  1.118E+02   9.5184E-02  9.0482E-01
1.470E+02  1.125E+02   9.7512E-02  9.0249E-01
1.480E+02  1.133E+02   9.9874E-02  9.0013E-01
1.490E+02  1.141E+02   1.0227E-01  8.9773E-01
1.500E+02  1.148E+02   1.0470E-01  8.9530E-01
1.510E+02  1.156E+02   1.0716E-01  8.9284E-01
1.520E+02  1.163E+02   1.0965E-01  8.9035E-01
1.530E+02  1.171E+02   1.1218E-01  8.8782E-01
1.540E+02  1.179E+02   1.1475E-01  8.8525E-01
1.550E+02  1.186E+02   1.1734E-01  8.8266E-01
1.560E+02  1.194E+02   1.1997E-01  8.8003E-01
1.570E+02  1.202E+02   1.2263E-01  8.7737E-01
1.580E+02  1.209E+02   1.2533E-01  8.7467E-01
1.590E+02  1.217E+02   1.2806E-01  8.7194E-01
1.600E+02  1.225E+02   1.3082E-01  8.6918E-01
1.610E+02  1.232E+02   1.3362E-01  8.6638E-01
1.620E+02  1.240E+02   1.3645E-01  8.6355E-01
1.630E+02  1.248E+02   1.3931E-01  8.6069E-01
1.640E+02  1.255E+02   1.4221E-01  8.5779E-01
1.650E+02  1.263E+02   1.4514E-01  8.5486E-01
1.660E+02  1.271E+02   1.4810E-01  8.5190E-01
1.670E+02  1.278E+02   1.5109E-01  8.4891E-01
1.680E+02  1.286E+02   1.5412E-01  8.4588E-01
1.690E+02  1.294E+02   1.5718E-01  8.4282E-01
1.700E+02  1.301E+02   1.6027E-01  8.3973E-01
1.710E+02  1.309E+02   1.6339E-01  8.3661E-01
1.720E+02  1.317E+02   1.6655E-01  8.3345E-01
1.730E+02  1.324E+02   1.6974E-01  8.3026E-01
1.740E+02  1.332E+02   1.7296E-01  8.2704E-01
1.750E+02  1.340E+02   1.7621E-01  8.2379E-01
1.760E+02  1.347E+02   1.7949E-01  8.2051E-01
1.770E+02  1.355E+02   1.8281E-01  8.1719E-01
1.780E+02  1.362E+02   1.8615E-01  8.1385E-01
1.790E+02  1.370E+02   1.8953E-01  8.1047E-01
1.800E+02  1.378E+02   1.9294E-01  8.0706E-01
1.810E+02  1.385E+02   1.9637E-01  8.0363E-01
1.820E+02  1.393E+02   1.9984E-01  8.0016E-01
1.830E+02  1.401E+02   2.0334E-01  7.9666E-01
1.840E+02  1.408E+02   2.0687E-01  7.9313E-01
1.850E+02  1.416E+02   2.1042E-01  7.8958E-01
1.860E+02  1.424E+02   2.1401E-01  7.8599E-01
1.870E+02  1.431E+02   2.1762E-01  7.8238E-01
1.880E+02  1.439E+02   2.2127E-01  7.7873E-01
1.890E+02  1.447E+02   2.2494E-01  7.7506E-01
1.900E+02  1.454E+02   2.2864E-01  7.7136E-01
1.910E+02  1.462E+02   2.3236E-01  7.6764E-01
1.920E+02  1.470E+02   2.3612E-01  7.6388E-01
1.930E+02  1.477E+02   2.3990E-01  7.6010E-01
1.940E+02  1.485E+02   2.4371E-01  7.5629E-01
1.950E+02  1.493E+02   2.4754E-01  7.5246E-01
1.960E+02  1.500E+02   2.5140E-01  7.4860E-01
1.970E+02  1.508E+02   2.5529E-01  7.4471E-01
1.980E+02  1.516E+02   2.5920E-01  7.4080E-01
1.990E+02  1.523E+02   2.6314E-01  7.3686E-01
2.000E+02  1.531E+02   2.6710E-01  7.3290E-01
2.010E+02  1.539E+02   2.7109E-01  7.2891E-01
2.020E+02  1.546E+02   2.7510E-01  7.2490E-01
2.030E+02  1.554E+02   2.7913E-01  7.2087E-01
2.040E+02  1.562E+02   2.8318E-01  7.1682E-01
2.050E+02  1.569E+02   2.8726E-01  7.1274E-01
2.060E+02  1.577E+02   2.9136E-01  7.0864E-01
2.070E+02  1.584E+02   2.9548E-01  7.0452E-01
2.080E+02  1.592E+02   2.9963E-01  7.0037E-01
2.090E+02  1.600E+02   3.0379E-01  6.9621E-01
2.100E+02  1.607E+02   3.0798E-01  6.9202E-01
2.110E+02  1.615E+02   3.1218E-01  6.8782E-01
2.120E+02  1.623E+02   3.1640E-01  6.8360E-01
2.130E+02  1.630E+02   3.2065E-01  6.7935E-01
2.140E+02  1.638E+02   3.2491E-01  6.7509E-01
2.150E+02  1.646E+02   3.2918E-01  6.7082E-01
2.160E+02  1.653E+02   3.3348E-01  6.6652E-01
2.170E+02  1.661E+02   3.3779E-01  6.6221E-01
2.180E+02  1.669E+02   3.4212E-01  6.5788E-01
2.190E+02  1.676E+02   3.4647E-01  6.5353E-01
2.200E+02  1.684E+02   3.5083E-01  6.4917E-01
2.210E+02  1.692E+02   3.5521E-01  6.4479E-01
2.220E+02  1.699E+02   3.5960E-01  6.4040E-01
2.230E+02  1.707E+02   3.6400E-01  6.3600E-01
2.240E+02  1.715E+02   3.6842E-01  6.3158E-01
2.250E+02  1.722E+02   3.7285E-01  6.2715E-01
2.260E+02  1.730E+02   3.7729E-01  6.2271E-01
2.270E+02  1.738E+02   3.8174E-01  6.1826E-01
2.280E+02  1.745E+02   3.8621E-01  6.1379E-01
2.290E+02  1.753E+02   3.9069E-01  6.0931E-01
2.300E+02  1.761E+02   3.9517E-01  6.0483E-01
2.310E+02  1.768E+02   3.9967E-01  6.0033E-01
2.320E+02  1.776E+02   4.0417E-01  5.9583E-01
2.330E+02  1.783E+02   4.0868E-01  5.9132E-01
2.340E+02  1.791E+02   4.1320E-01  5.8680E-01
2.350E+02  1.799E+02   4.1773E-01  5.8227E-01
2.360E+02  1.806E+02   4.2227E-01  5.7773E-01
2.370E+02  1.814E+02   4.2681E-01  5.7319E-01
2.380E+02  1.822E+02   4.3135E-01  5.6865E-01
2.390E+02  1.829E+02   4.3590E-01  5.6410E-01
2.400E+02  1.837E+02   4.4046E-01  5.5954E-01
2.410E+02  1.845E+02   4.4502E-01  5.5498E-01
2.420E+02  1.852E+02   4.4958E-01  5.5042E-01
2.430E+02  1.860E+02   4.5415E-01  5.4585E-01
2.440E+02  1.868E+02   4.5872E-01  5.4128E-01
2.450E+02  1.875E+02   4.6328E-01  5.3672E-01
2.460E+02  1.883E+02   4.6785E-01  5.3215E-01
2.470E+02  1.891E+02   4.7242E-01  5.2758E-01
2.480E+02  1.898E+02   4.7700E-01  5.2300E-01
2.490E+02  1.906E+02   4.8156E-01  5.1844E-01
2.500E+02  1.914E+02   4.8613E-01  5.1387E-01
2.510E+02  1.921E+02   4.9070E-01  5.0930E-01
2.520E+02  1.929E+02   4.9526E-01  5.0474E-01
2.530E+02  1.937E+02   4.9982E-01  5.0018E-01
2.540E+02  1.944E+02   5.0438E-01  4.9562E-01
2.550E+02  1.952E+02   5.0893E-01  4.9107E-01
2.560E+02  1.960E+02   5.1348E-01  4.8652E-01
2.570E+02  1.967E+02   5.1803E-01  4.8197E-01
2.580E+02  1.975E+02   5.2256E-01  4.7744E-01
2.590E+02  1.982E+02   5.2709E-01  4.7291E-01
2.600E+02  1.990E+02   5.3162E-01  4.6838E-01
2.610E+02  1.998E+02   5.3613E-01  4.6387E-01
2.620E+02  2.005E+02   5.4064E-01  4.5936E-01
2.630E+02  2.013E+02   5.4514E-01  4.5486E-01
2.640E+02  2.021E+02   5.4963E-01  4.5037E-01
2.650E+02  2.028E+02   5.5411E-01  4.4589E-01
2.660E+02  2.036E+02   5.5858E-01  4.4142E-01
2.670E+02  2.044E+02   5.6304E-01  4.3696E-01
2.680E+02  2.051E+02   5.6749E-01  4.3251E-01
2.690E+02  2.059E+02   5.7193E-01  4.2807E-01
2.700E+02  2.067E+02   5.7635E-01  4.2365E-01
2.710E+02  2.074E+02   5.8076E-01  4.1924E-01
2.720E+02  2.082E+02   5.8516E-01  4.1484E-01
2.730E+02  2.090E+02   5.8954E-01  4.1046E-01
2.740E+02  2.097E+02   5.9391E-01  4.0609E-01
2.750E+02  2.105E+02   5.9827E-01  4.0173E-01
2.760E+02  2.113E+02   6.0261E-01  3.9739E-01
2.770E+02  2.120E+02   6.0693E-01  3.9307E-01
2.780E+02  2.128E+02   6.1124E-01  3.8876E-01
2.790E+02  2.136E+02   6.1553E-01  3.8447E-01
2.800E+02  2.143E+02   6.1980E-01  3.8020E-01
2.810E+02  2.151E+02   6.2406E-01  3.7594E-01
2.820E+02  2.159E+02   6.2830E-01  3.7170E-01
2.830E+02  2.166E+02   6.3252E-01  3.6748E-01
2.840E+02  2.174E+02   6.3672E-01  3.6328E-01
2.850E+02  2.182E+02   6.4090E-01  3.5910E-01
2.860E+02  2.189E+02   6.4506E-01  3.5494E-01
2.870E+02  2.197E+02   6.4920E-01  3.5080E-01
2.880E+02  2.204E+02   6.5332E-01  3.4668E-01
2.890E+02  2.212E+02   6.5742E-01  3.4258E-01
2.900E+02  2.220E+02   6.6149E-01  3.3851E-01
2.910E+02  2.227E+02   6.6555E-01  3.3445E-01
2.920E+02  2.235E+02   6.6958E-01  3.3042E-01
2.930E+02  2.243E+02   6.7359E-01  3.2641E-01
2.940E+02  2.250E+02   6.7758E-01  3.2242E-01
2.950E+02  2.258E+02   6.8154E-01  3.1846E-01
2.960E+02  2.266E+02   6.8549E-01  3.1451E-01
2.970E+02  2.273E+02   6.8940E-01  3.1060E-01
2.980E+02  2.281E+02   6.9330E-01  3.0670E-01
2.990E+02  2.289E+02   6.9716E-01  3.0284E-01
3.000E+02  2.296E+02   7.0101E-01  2.9899E-01
3.010E+02  2.304E+02   7.0483E-01  2.9517E-01
3.020E+02  2.312E+02   7.0862E-01  2.9138E-01
3.030E+02  2.319E+02   7.1239E-01  2.8761E-01
3.040E+02  2.327E+02   7.1613E-01  2.8387E-01
3.050E+02  2.335E+02   7.1985E-01  2.8015E-01
3.060E+02  2.342E+02   7.2353E-01  2.7647E-01
3.070E+02  2.350E+02   7.2720E-01  2.7280E-01
3.080E+02  2.358E+02   7.3083E-01  2.6917E-01
3.090E+02  2.365E+02   7.3444E-01  2.6556E-01
3.100E+02  2.373E+02   7.3802E-01  2.6198E-01
3.110E+02  2.381E+02   7.4157E-01  2.5843E-01
3.120E+02  2.388E+02   7.4509E-01  2.5491E-01
3.130E+02  2.396E+02   7.4858E-01  2.5142E-01
3.140E+02  2.403E+02   7.5205E-01  2.4795E-01
3.150E+02  2.411E+02   7.5549E-01  2.4451E-01
3.160E+02  2.419E+02   7.5889E-01  2.4111E-01
3.170E+02  2.426E+02   7.6227E-01  2.3773E-01
3.180E+02  2.434E+02   7.6562E-01  2.3438E-01
3.190E+02  2.442E+02   7.6895E-01  2.3105E-01
3.200E+02  2.449E+02   7.7224E-01  2.2776E-01
3.210E+02  2.457E+02   7.7550E-01  2.2450E-01
3.220E+02  2.465E+02   7.7874E-01  2.2126E-01
3.230E+02  2.472E+02   7.8194E-01  2.1806E-01
3.240E+02  2.480E+02   7.8511E-01  2.1489E-01
3.250E+02  2.488E+02   7.8826E-01  2.1174E-01
3.260E+02  2.495E+02   7.9137E-01  2.0863E-01
3.270E+02  2.503E+02   7.9445E-01  2.0555E-01
3.280E+02  2.511E+02   7.9751E-01  2.0249E-01
3.290E+02  2.518E+02   8.0053E-01  1.9947E-01
3.300E+02  2.526E+02   8.0352E-01  1.9648E-01
3.310E+02  2.534E+02   8.0648E-01  1.9352E-01
3.320E+02  2.541E+02   8.0942E-01  1.9058E-01
3.330E+02  2.549E+02   8.1232E-01  1.8768E-01
3.340E+02  2.557E+02   8.1519E-01  1.8481E-01
3.350E+02  2.564E+02   8.1803E-01  1.8197E-01
3.360E+02  2.572E+02   8.2084E-01  1.7916E-01
3.370E+02  2.580E+02   8.2362E-01  1.7638E-01
3.380E+02  2.587E+02   8.2637E-01  1.7363E-01
3.390E+02  2.595E+02   8.2909E-01  1.7091E-01
3.400E+02  2.603E+02   8.3177E-01  1.6823E-01
3.410E+02  2.610E+02   8.3443E-01  1.6557E-01
3.420E+02  2.618E+02   8.3706E-01  1.6294E-01
3.430E+02  2.625E+02   8.3966E-01  1.6034E-01
3.440E+02  2.633E+02   8.4222E-01  1.5778E-01
3.450E+02  2.641E+02   8.4476E-01  1.5524E-01
3.460E+02  2.648E+02   8.4727E-01  1.5273E-01
3.470E+02  2.656E+02   8.4974E-01  1.5026E-01
3.480E+02  2.664E+02   8.5219E-01  1.4781E-01
3.490E+02  2.671E+02   8.5461E-01  1.4539E-01
3.500E+02  2.679E+02   8.5700E-01  1.4300E-01
3.510E+02  2.687E+02   8.5935E-01  1.4065E-01
3.520E+02  2.694E+02   8.6168E-01  1.3832E-01
3.530E+02  2.702E+02   8.6398E-01  1.3602E-01
3.540E+02  2.710E+02   8.6625E-01  1.3375E-01
3.550E+02  2.717E+02   8.6849E-01  1.3151E-01
3.560E+02  2.725E+02   8.7070E-01  1.2930E-01
3.570E+02  2.733E+02   8.7288E-01  1.2712E-01
3.580E+02  2.740E+02   8.7504E-01  1.2496E-01
3.590E+02  2.748E+02   8.7716E-01  1.2284E-01
3.600E+02  2.756E+02   8.7926E-01  1.2074E-01
3.610E+02  2.763E+02   8.8133E-01  1.1867E-01
3.620E+02  2.771E+02   8.8337E-01  1.1663E-01
3.630E+02  2.779E+02   8.8538E-01  1.1462E-01
3.640E+02  2.786E+02   8.8737E-01  1.1263E-01
3.650E+02  2.794E+02   8.8932E-01  1.1068E-01
3.660E+02  2.802E+02   8.9125E-01  1.0875E-01
3.670E+02  2.809E+02   8.9316E-01  1.0684E-01
3.680E+02  2.817E+02   8.9503E-01  1.0497E-01
3.690E+02  2.824E+02   8.9688E-01  1.0312E-01
3.700E+02  2.832E+02   8.9870E-01  1.0130E-01
3.710E+02  2.840E+02   9.0050E-01  9.9501E-02
3.720E+02  2.847E+02   9.0227E-01  9.7731E-02
3.730E+02  2.855E+02   9.0401E-01  9.5987E-02
3.740E+02  2.863E+02   9.0573E-01  9.4269E-02
3.750E+02  2.870E+02   9.0742E-01  9.2576E-02
3.760E+02  2.878E+02   9.0909E-01  9.0909E-02
3.770E+02  2.886E+02   9.1073E-01  8.9267E-02
3.780E+02  2.893E+02   9.1235E-01  8.7649E-02
3.790E+02  2.901E+02   9.1394E-01  8.6056E-02
3.800E+02  2.909E+02   9.1551E-01  8.4488E-02
3.810E+02  2.916E+02   9.1706E-01  8.2944E-02
3.820E+02  2.924E+02   9.1858E-01  8.1423E-02
3.830E+02  2.932E+02   9.2007E-01  7.9927E-02
3.840E+02  2.939E+02   9.2155E-01  7.8453E-02
3.850E+02  2.947E+02   9.2300E-01  7.7003E-02
3.860E+02  2.955E+02   9.2442E-01  7.5576E-02
3.870E+02  2.962E+02   9.2583E-01  7.4172E-02
3.880E+02  2.970E+02   9.2721E-01  7.2790E-02
3.890E+02  2.978E+02   9.2857E-01  7.1431E-02
3.900E+02  2.985E+02   9.2991E-01  7.0093E-02
3.910E+02  2.993E+02   9.3122E-01  6.8777E-02
3.920E+02  3.001E+02   9.3252E-01  6.7483E-02
3.930E+02  3.008E+02   9.3379E-01  6.6210E-02
3.940E+02  3.016E+02   9.3504E-01  6.4958E-02
3.950E+02  3.023E+02   9.3627E-01  6.3726E-02
3.960E+02  3.031E+02   9.3748E-01  6.2516E-02
3.970E+02  3.039E+02   9.3868E-01  6.1325E-02
3.980E+02  3.046E+02   9.3985E-01  6.0154E-02
3.990E+02  3.054E+02   9.4100E-01  5.9004E-02
3.990E+02  3.054E+02   9.4100E-01  5.9004E-02
