 HO2*        
 gmol/L
#TANK TIME(SEC) TIME(MIN) CONC
  1      0.      .0     .000E+00
  1     10.      .2     .132E-05
  1     20.      .3     .131E-05
  1     30.      .5     .130E-05
  1     40.      .7     .129E-05
  1     50.      .8     .128E-05
  1     60.     1.0     .128E-05
  1     70.     1.2     .127E-05
  1     80.     1.3     .126E-05
  1     90.     1.5     .125E-05
  1    100.     1.7     .125E-05
  1    110.     1.8     .124E-05
  1    120.     2.0     .123E-05
  1    130.     2.2     .122E-05
  1    140.     2.3     .121E-05
  1    150.     2.5     .121E-05
  1    160.     2.7     .120E-05
  1    170.     2.8     .119E-05
  1    180.     3.0     .119E-05
  1    190.     3.2     .118E-05
  1    200.     3.3     .117E-05
  1    210.     3.5     .116E-05
  1    220.     3.7     .116E-05
  1    230.     3.8     .115E-05
  1    240.     4.0     .114E-05
  1    250.     4.2     .113E-05
  1    260.     4.3     .113E-05
  1    270.     4.5     .112E-05
  1    280.     4.7     .111E-05
  1    290.     4.8     .111E-05
  1    300.     5.0     .110E-05
  1    310.     5.2     .109E-05
  1    320.     5.3     .108E-05
  1    330.     5.5     .108E-05
  1    340.     5.7     .107E-05
  1    350.     5.8     .106E-05
  1    360.     6.0     .106E-05
  1    370.     6.2     .105E-05
  1    380.     6.3     .104E-05
  1    390.     6.5     .104E-05
  1    400.     6.7     .103E-05
  1    410.     6.8     .102E-05
  1    420.     7.0     .102E-05
  1    430.     7.2     .101E-05
  1    440.     7.3     .100E-05
  1    450.     7.5     .995E-06
  1    460.     7.7     .989E-06
  1    470.     7.8     .982E-06
  1    480.     8.0     .976E-06
  1    490.     8.2     .969E-06
  1    500.     8.3     .962E-06
  1    510.     8.5     .956E-06
  1    520.     8.7     .949E-06
  1    530.     8.8     .943E-06
  1    540.     9.0     .936E-06
  1    550.     9.2     .930E-06
  1    560.     9.3     .924E-06
  1    570.     9.5     .917E-06
  1    580.     9.7     .911E-06
  1    590.     9.8     .905E-06
  1    600.    10.0     .899E-06
  1    610.    10.2     .892E-06
  1    620.    10.3     .886E-06
  1    630.    10.5     .880E-06
  1    640.    10.7     .874E-06
  1    650.    10.8     .868E-06
  1    660.    11.0     .862E-06
  1    670.    11.2     .856E-06
  1    680.    11.3     .850E-06
  1    690.    11.5     .844E-06
  1    700.    11.7     .838E-06
  1    710.    11.8     .832E-06
  1    720.    12.0     .826E-06
  1    730.    12.2     .820E-06
  1    740.    12.3     .814E-06
  1    750.    12.5     .808E-06
  1    760.    12.7     .803E-06
  1    770.    12.8     .797E-06
  1    780.    13.0     .791E-06
  1    790.    13.2     .786E-06
  1    800.    13.3     .780E-06
  1    810.    13.5     .774E-06
  1    820.    13.7     .769E-06
  1    830.    13.8     .763E-06
  1    840.    14.0     .758E-06
  1    850.    14.2     .752E-06
  1    860.    14.3     .747E-06
  1    870.    14.5     .742E-06
  1    880.    14.7     .736E-06
  1    890.    14.8     .731E-06
  1    900.    15.0     .725E-06
  1    910.    15.2     .720E-06
  1    920.    15.3     .715E-06
  1    930.    15.5     .710E-06
  1    940.    15.7     .704E-06
  1    950.    15.8     .699E-06
  1    960.    16.0     .694E-06
  1    970.    16.2     .689E-06
  1    980.    16.3     .684E-06
  1    990.    16.5     .679E-06
  1   1000.    16.7     .674E-06
  1   1010.    16.8     .669E-06
  1   1020.    17.0     .664E-06
  1   1030.    17.2     .659E-06
  1   1040.    17.3     .654E-06
  1   1050.    17.5     .649E-06
  1   1060.    17.7     .644E-06
  1   1070.    17.8     .639E-06
  1   1080.    18.0     .635E-06
  1   1090.    18.2     .630E-06
  1   1100.    18.3     .625E-06
  1   1110.    18.5     .620E-06
  1   1120.    18.7     .616E-06
  1   1130.    18.8     .611E-06
  1   1140.    19.0     .606E-06
  1   1150.    19.2     .602E-06
  1   1160.    19.3     .598E-06
  1   1170.    19.5     .593E-06
  1   1180.    19.7     .588E-06
  1   1190.    19.8     .584E-06
  1   1200.    20.0     .580E-06
  1   1210.    20.2     .575E-06
  1   1220.    20.3     .571E-06
  1   1230.    20.5     .567E-06
  1   1240.    20.7     .562E-06
  1   1250.    20.8     .558E-06
  1   1260.    21.0     .554E-06
  1   1270.    21.2     .549E-06
  1   1280.    21.3     .545E-06
  1   1290.    21.5     .541E-06
  1   1300.    21.7     .537E-06
  1   1310.    21.8     .533E-06
  1   1320.    22.0     .529E-06
  1   1330.    22.2     .525E-06
  1   1340.    22.3     .521E-06
  1   1350.    22.5     .517E-06
  1   1360.    22.7     .513E-06
  1   1370.    22.8     .509E-06
  1   1380.    23.0     .505E-06
  1   1390.    23.2     .501E-06
  1   1400.    23.3     .497E-06
  1   1410.    23.5     .493E-06
  1   1420.    23.7     .489E-06
  1   1430.    23.8     .486E-06
  1   1440.    24.0     .482E-06
  1   1450.    24.2     .478E-06
  1   1460.    24.3     .474E-06
  1   1470.    24.5     .471E-06
  1   1480.    24.7     .467E-06
  1   1490.    24.8     .463E-06
  1   1500.    25.0     .460E-06
  1   1510.    25.2     .456E-06
 END_OF_TANK
 END_OF_FILE
