Variable Influent Data to Bed Number 2 is given below:
Time   Cin(1,T)    Cin(2, T)   Cin(3, T)   Cin(4, T)   Cin(5, T)   Cin(6, T)
(min)  (mg/L)      (mg/L)      (mg/L)      (mg/L)      (mg/L)      (mg/L)
0.0    2.258E-01   3.331E+02
0.7    2.913E+01   3.118E+02
1.3    7.767E+01   2.759E+02
2.0    1.228E+02   2.426E+02
2.6    1.398E+02   2.301E+02
3.3    1.467E+02   2.250E+02
3.9    1.541E+02   2.195E+02
4.6    1.634E+02   2.127E+02
5.2    1.748E+02   2.043E+02
5.9    1.879E+02   1.946E+02
6.5    2.019E+02   1.842E+02
7.2    2.163E+02   1.736E+02
7.8    2.305E+02   1.631E+02
8.5    2.443E+02   1.530E+02
9.1    2.573E+02   1.433E+02
9.8    2.693E+02   1.345E+02
10.4   2.800E+02   1.266E+02
11.1   2.891E+02   1.199E+02
11.7   2.966E+02   1.144E+02
12.4   3.024E+02   1.100E+02
13.0   3.068E+02   1.068E+02
13.7   3.101E+02   1.044E+02
14.3   3.126E+02   1.025E+02
15.0   3.145E+02   1.011E+02
15.6   3.162E+02   9.990E+01
16.3   3.177E+02   9.880E+01
16.9   3.191E+02   9.773E+01
17.6   3.206E+02   9.665E+01
18.2   3.221E+02   9.554E+01
18.9   3.237E+02   9.436E+01
19.5   3.254E+02   9.312E+01
20.2   3.272E+02   9.179E+01
20.8   3.291E+02   9.038E+01
21.5   3.311E+02   8.888E+01
22.1   3.333E+02   8.729E+01
22.8   3.355E+02   8.562E+01
23.4   3.379E+02   8.387E+01
24.1   3.404E+02   8.205E+01
24.7   3.429E+02   8.017E+01
25.4   3.455E+02   7.824E+01
26.0   3.482E+02   7.627E+01
26.7   3.509E+02   7.428E+01
27.3   3.536E+02   7.229E+01
28.0   3.563E+02   7.030E+01
28.6   3.589E+02   6.834E+01
29.3   3.616E+02   6.641E+01
29.9   3.641E+02   6.452E+01
30.6   3.666E+02   6.270E+01
31.2   3.690E+02   6.093E+01
31.9   3.713E+02   5.924E+01
32.5   3.734E+02   5.763E+01
33.2   3.755E+02   5.610E+01
33.8   3.775E+02   5.467E+01
34.5   3.793E+02   5.332E+01
35.1   3.810E+02   5.207E+01
35.8   3.826E+02   5.090E+01
36.4   3.840E+02   4.983E+01
37.1   3.853E+02   4.885E+01
37.7   3.866E+02   4.796E+01
38.4   3.877E+02   4.714E+01
39.0   3.887E+02   4.639E+01
39.7   3.896E+02   4.572E+01
40.3   3.904E+02   4.510E+01
41.0   3.912E+02   4.454E+01
41.6   3.919E+02   4.402E+01
42.3   3.925E+02   4.355E+01
42.9   3.931E+02   4.311E+01
43.6   3.937E+02   4.270E+01
44.2   3.942E+02   4.231E+01
44.9   3.947E+02   4.194E+01
45.5   3.952E+02   4.159E+01
46.2   3.957E+02   4.124E+01
46.8   3.961E+02   4.090E+01
47.5   3.966E+02   4.057E+01
48.1   3.970E+02   4.023E+01
48.8   3.975E+02   3.990E+01
49.4   3.979E+02   3.956E+01
50.1   3.984E+02   3.921E+01
50.7   3.989E+02   3.886E+01
51.4   3.994E+02   3.850E+01
52.0   3.999E+02   3.812E+01
52.7   4.004E+02   3.774E+01
53.3   4.009E+02   3.734E+01
54.0   4.015E+02   3.694E+01
54.6   4.021E+02   3.651E+01
55.3   4.026E+02   3.608E+01
55.9   4.033E+02   3.563E+01
56.6   4.039E+02   3.517E+01
57.2   4.045E+02   3.469E+01
57.9   4.052E+02   3.420E+01
58.5   4.059E+02   3.370E+01
59.2   4.066E+02   3.319E+01
59.8   4.073E+02   3.266E+01
60.5   4.080E+02   3.213E+01
61.1   4.087E+02   3.158E+01
61.8   4.095E+02   3.103E+01
62.4   4.102E+02   3.047E+01
63.1   4.110E+02   2.991E+01
63.7   4.118E+02   2.934E+01
64.4   4.125E+02   2.877E+01
65.0   4.133E+02   2.820E+01
65.7   4.141E+02   2.763E+01
66.3   4.149E+02   2.706E+01
67.0   4.156E+02   2.650E+01
67.6   4.164E+02   2.595E+01
68.3   4.171E+02   2.540E+01
68.9   4.179E+02   2.485E+01
69.6   4.186E+02   2.432E+01
70.2   4.193E+02   2.380E+01
70.9   4.200E+02   2.329E+01
71.5   4.206E+02   2.280E+01
72.2   4.213E+02   2.232E+01
72.8   4.219E+02   2.185E+01
73.5   4.225E+02   2.140E+01
74.1   4.231E+02   2.096E+01
74.8   4.237E+02   2.054E+01
75.4   4.243E+02   2.013E+01
76.1   4.248E+02   1.975E+01
76.7   4.253E+02   1.937E+01
77.4   4.258E+02   1.901E+01
78.0   4.262E+02   1.867E+01
78.7   4.267E+02   1.834E+01
79.3   4.271E+02   1.803E+01
80.0   4.275E+02   1.773E+01
80.6   4.279E+02   1.745E+01
81.3   4.283E+02   1.718E+01
81.9   4.286E+02   1.692E+01
82.6   4.290E+02   1.666E+01
83.2   4.293E+02   1.642E+01
83.9   4.296E+02   1.618E+01
84.5   4.299E+02   1.595E+01
85.2   4.302E+02   1.573E+01
85.8   4.305E+02   1.552E+01
86.5   4.308E+02   1.531E+01
87.1   4.311E+02   1.509E+01
87.8   4.314E+02   1.489E+01
88.4   4.316E+02   1.468E+01
89.1   4.319E+02   1.447E+01
89.7   4.322E+02   1.426E+01
90.4   4.325E+02   1.406E+01
91.0   4.328E+02   1.384E+01
91.7   4.331E+02   1.363E+01
92.3   4.334E+02   1.340E+01
93.0   4.337E+02   1.318E+01
93.6   4.340E+02   1.294E+01
94.3   4.343E+02   1.270E+01
94.9   4.347E+02   1.246E+01
95.6   4.350E+02   1.220E+01
96.2   4.354E+02   1.194E+01
96.9   4.357E+02   1.167E+01
97.5   4.361E+02   1.139E+01
98.2   4.365E+02   1.110E+01
98.8   4.369E+02   1.081E+01
99.5   4.373E+02   1.050E+01
100.1  4.377E+02   1.020E+01
100.8  4.381E+02   9.881E+00
101.4  4.386E+02   9.561E+00
102.1  4.390E+02   9.235E+00
102.7  4.395E+02   8.906E+00
103.4  4.399E+02   8.574E+00
104.0  4.404E+02   8.239E+00
104.7  4.408E+02   7.903E+00
105.3  4.413E+02   7.567E+00
106.0  4.417E+02   7.231E+00
106.6  4.422E+02   6.898E+00
107.3  4.426E+02   6.566E+00
107.9  4.431E+02   6.239E+00
108.6  4.435E+02   5.916E+00
109.2  4.439E+02   5.599E+00
109.9  4.444E+02   5.289E+00
110.5  4.448E+02   4.986E+00
111.2  4.452E+02   4.691E+00
111.8  4.456E+02   4.406E+00
112.5  4.459E+02   4.131E+00
113.1  4.463E+02   3.866E+00
113.8  4.466E+02   3.611E+00
114.4  4.470E+02   3.368E+00
115.1  4.473E+02   3.137E+00
115.7  4.476E+02   2.917E+00
116.4  4.479E+02   2.708E+00
117.0  4.481E+02   2.512E+00
117.7  4.484E+02   2.326E+00
118.3  4.486E+02   2.152E+00
119.0  4.488E+02   1.989E+00
119.6  4.490E+02   1.837E+00
120.3  4.492E+02   1.694E+00
120.9  4.494E+02   1.562E+00
121.6  4.496E+02   1.439E+00
122.2  4.497E+02   1.325E+00
122.9  4.499E+02   1.218E+00
123.5  4.500E+02   1.120E+00
124.2  4.501E+02   1.030E+00
124.8  4.502E+02   9.462E-01
125.5  4.504E+02   8.693E-01
126.1  4.504E+02   7.985E-01
126.8  4.505E+02   7.335E-01
127.4  4.506E+02   6.738E-01
128.1  4.507E+02   6.188E-01
128.7  4.508E+02   5.683E-01
129.4  4.508E+02   5.220E-01
130.0  4.509E+02   4.795E-01
130.7  4.509E+02   4.407E-01
131.3  4.510E+02   4.051E-01
132.0  4.510E+02   3.727E-01
132.6  4.511E+02   3.431E-01
133.3  4.511E+02   3.160E-01
133.9  4.511E+02   2.913E-01
134.6  4.512E+02   2.687E-01
135.2  4.512E+02   2.480E-01
135.9  4.512E+02   2.292E-01
136.5  4.512E+02   2.120E-01
137.2  4.513E+02   1.963E-01
137.8  4.513E+02   1.819E-01
138.5  4.513E+02   1.689E-01
139.1  4.513E+02   1.569E-01
139.8  4.513E+02   1.461E-01
140.4  4.513E+02   1.362E-01
141.1  4.514E+02   1.272E-01
141.7  4.514E+02   1.190E-01
142.4  4.514E+02   1.115E-01
143.0  4.514E+02   1.047E-01
143.7  4.514E+02   9.852E-02
144.3  4.514E+02   9.283E-02
145.0  4.514E+02   8.764E-02
145.6  4.514E+02   8.290E-02
146.3  4.514E+02   7.858E-02
146.9  4.514E+02   7.466E-02
147.6  4.514E+02   7.110E-02
148.2  4.514E+02   6.778E-02
148.9  4.514E+02   6.474E-02
149.5  4.514E+02   6.197E-02
150.2  4.514E+02   5.946E-02
150.8  4.515E+02   5.719E-02
151.5  4.515E+02   5.518E-02
152.1  4.515E+02   5.328E-02
152.8  4.515E+02   5.153E-02
153.4  4.515E+02   4.994E-02
154.1  4.515E+02   4.852E-02
154.7  4.515E+02   4.724E-02
155.4  4.515E+02   4.612E-02
156.0  4.515E+02   4.510E-02
156.7  4.515E+02   4.414E-02
157.3  4.515E+02   4.328E-02
158.0  4.515E+02   4.250E-02
158.6  4.515E+02   4.182E-02
159.3  4.515E+02   4.121E-02
159.9  4.515E+02   4.067E-02
160.6  4.515E+02   4.017E-02
161.2  4.515E+02   3.971E-02
161.9  4.515E+02   3.930E-02
162.5  4.515E+02   3.894E-02
163.2  4.515E+02   3.861E-02
163.8  4.515E+02   3.832E-02
164.5  4.515E+02   3.805E-02
165.1  4.515E+02   3.780E-02
165.8  4.515E+02   3.758E-02
166.4  4.515E+02   3.738E-02
167.1  4.515E+02   3.720E-02
167.7  4.515E+02   3.704E-02
168.4  4.515E+02   3.687E-02
169.0  4.515E+02   3.672E-02
169.7  4.515E+02   3.657E-02
170.3  4.515E+02   3.644E-02
171.0  4.515E+02   3.631E-02
171.6  4.515E+02   3.620E-02
172.3  4.515E+02   3.610E-02
172.9  4.515E+02   3.601E-02
173.6  4.515E+02   3.594E-02
174.2  4.515E+02   3.588E-02
174.9  4.515E+02   3.580E-02
175.5  4.515E+02   3.572E-02



Variable Influent Data to Bed Number 3 is given below:
Time   Cin(1,T)    Cin(2, T)   Cin(3, T)   Cin(4, T)   Cin(5, T)   Cin(6, T)
(min)  (mg/L)      (mg/L)      (mg/L)      (mg/L)      (mg/L)      (mg/L)
0.0    2.258E-01   3.331E+02
0.7    4.547E-01   3.329E+02
1.3    1.432E+00   3.322E+02
2.0    3.117E+00   3.310E+02
2.6    5.814E+00   3.290E+02
3.3    9.708E+00   3.261E+02
3.9    1.510E+01   3.221E+02
4.6    2.234E+01   3.168E+02
5.2    3.156E+01   3.100E+02
5.9    4.235E+01   3.020E+02
6.5    5.337E+01   2.939E+02
7.2    6.290E+01   2.868E+02
7.8    7.046E+01   2.813E+02
8.5    7.692E+01   2.765E+02
9.1    8.312E+01   2.719E+02
9.8    8.945E+01   2.672E+02
10.4   9.601E+01   2.624E+02
11.1   1.028E+02   2.574E+02
11.7   1.100E+02   2.521E+02
12.4   1.175E+02   2.466E+02
13.0   1.252E+02   2.409E+02
13.7   1.330E+02   2.351E+02
14.3   1.408E+02   2.293E+02
15.0   1.487E+02   2.235E+02
15.6   1.565E+02   2.178E+02
16.3   1.642E+02   2.121E+02
16.9   1.718E+02   2.065E+02
17.6   1.792E+02   2.010E+02
18.2   1.865E+02   1.956E+02
18.9   1.934E+02   1.905E+02
19.5   2.000E+02   1.856E+02
20.2   2.062E+02   1.811E+02
20.8   2.119E+02   1.768E+02
21.5   2.172E+02   1.730E+02
22.1   2.219E+02   1.695E+02
22.8   2.262E+02   1.663E+02
23.4   2.300E+02   1.635E+02
24.1   2.335E+02   1.609E+02
24.7   2.368E+02   1.585E+02
25.4   2.398E+02   1.562E+02
26.0   2.428E+02   1.541E+02
26.7   2.456E+02   1.520E+02
27.3   2.484E+02   1.499E+02
28.0   2.512E+02   1.479E+02
28.6   2.540E+02   1.458E+02
29.3   2.568E+02   1.437E+02
29.9   2.596E+02   1.417E+02
30.6   2.624E+02   1.396E+02
31.2   2.652E+02   1.375E+02
31.9   2.680E+02   1.355E+02
32.5   2.708E+02   1.334E+02
33.2   2.737E+02   1.313E+02
33.8   2.765E+02   1.292E+02
34.5   2.793E+02   1.271E+02
35.1   2.822E+02   1.250E+02
35.8   2.850E+02   1.229E+02
36.4   2.878E+02   1.208E+02
37.1   2.906E+02   1.188E+02
37.7   2.934E+02   1.167E+02
38.4   2.962E+02   1.147E+02
39.0   2.989E+02   1.127E+02
39.7   3.016E+02   1.107E+02
40.3   3.043E+02   1.087E+02
41.0   3.069E+02   1.067E+02
41.6   3.095E+02   1.049E+02
42.3   3.120E+02   1.030E+02
42.9   3.145E+02   1.012E+02
43.6   3.169E+02   9.940E+01
44.2   3.192E+02   9.768E+01
44.9   3.215E+02   9.601E+01
45.5   3.236E+02   9.439E+01
46.2   3.258E+02   9.282E+01
46.8   3.278E+02   9.131E+01
47.5   3.298E+02   8.986E+01
48.1   3.317E+02   8.846E+01
48.8   3.335E+02   8.712E+01
49.4   3.352E+02   8.584E+01
50.1   3.369E+02   8.462E+01
50.7   3.385E+02   8.345E+01
51.4   3.400E+02   8.232E+01
52.0   3.414E+02   8.125E+01
52.7   3.428E+02   8.023E+01
53.3   3.442E+02   7.924E+01
54.0   3.454E+02   7.830E+01
54.6   3.467E+02   7.739E+01
55.3   3.479E+02   7.651E+01
55.9   3.490E+02   7.565E+01
56.6   3.502E+02   7.482E+01
57.2   3.513E+02   7.401E+01
57.9   3.523E+02   7.321E+01
58.5   3.534E+02   7.242E+01
59.2   3.545E+02   7.165E+01
59.8   3.555E+02   7.087E+01
60.5   3.566E+02   7.010E+01
61.1   3.576E+02   6.933E+01
61.8   3.586E+02   6.856E+01
62.4   3.597E+02   6.779E+01
63.1   3.607E+02   6.702E+01
63.7   3.618E+02   6.625E+01
64.4   3.628E+02   6.547E+01
65.0   3.639E+02   6.468E+01
65.7   3.650E+02   6.390E+01
66.3   3.660E+02   6.311E+01
67.0   3.671E+02   6.231E+01
67.6   3.682E+02   6.151E+01
68.3   3.693E+02   6.071E+01
68.9   3.704E+02   5.991E+01
69.6   3.715E+02   5.910E+01
70.2   3.726E+02   5.829E+01
70.9   3.737E+02   5.748E+01
71.5   3.748E+02   5.667E+01
72.2   3.759E+02   5.585E+01
72.8   3.770E+02   5.504E+01
73.5   3.781E+02   5.423E+01
74.1   3.792E+02   5.342E+01
74.8   3.803E+02   5.261E+01
75.4   3.813E+02   5.180E+01
76.1   3.824E+02   5.100E+01
76.7   3.835E+02   5.020E+01
77.4   3.846E+02   4.940E+01
78.0   3.857E+02   4.860E+01
78.7   3.867E+02   4.781E+01
79.3   3.878E+02   4.703E+01
80.0   3.889E+02   4.626E+01
80.6   3.899E+02   4.549E+01
81.3   3.909E+02   4.473E+01
81.9   3.920E+02   4.397E+01
82.6   3.930E+02   4.323E+01
83.2   3.940E+02   4.249E+01
83.9   3.950E+02   4.176E+01
84.5   3.959E+02   4.104E+01
85.2   3.969E+02   4.033E+01
85.8   3.978E+02   3.963E+01
86.5   3.988E+02   3.895E+01
87.1   3.997E+02   3.827E+01
87.8   4.006E+02   3.760E+01
88.4   4.015E+02   3.694E+01
89.1   4.024E+02   3.629E+01
89.7   4.032E+02   3.566E+01
90.4   4.041E+02   3.503E+01
91.0   4.049E+02   3.442E+01
91.7   4.057E+02   3.381E+01
92.3   4.065E+02   3.321E+01
93.0   4.073E+02   3.262E+01
93.6   4.081E+02   3.203E+01
94.3   4.089E+02   3.146E+01
94.9   4.097E+02   3.089E+01
95.6   4.104E+02   3.032E+01
96.2   4.112E+02   2.977E+01
96.9   4.120E+02   2.921E+01
97.5   4.127E+02   2.866E+01
98.2   4.134E+02   2.812E+01
98.8   4.142E+02   2.758E+01
99.5   4.149E+02   2.704E+01
100.1  4.156E+02   2.650E+01
100.8  4.163E+02   2.597E+01
101.4  4.171E+02   2.543E+01
102.1  4.178E+02   2.491E+01
102.7  4.185E+02   2.438E+01
103.4  4.192E+02   2.385E+01
104.0  4.199E+02   2.333E+01
104.7  4.206E+02   2.281E+01
105.3  4.213E+02   2.229E+01
106.0  4.220E+02   2.177E+01
106.6  4.227E+02   2.125E+01
107.3  4.234E+02   2.074E+01
107.9  4.241E+02   2.023E+01
108.6  4.248E+02   1.971E+01
109.2  4.255E+02   1.921E+01
109.9  4.262E+02   1.870E+01
110.5  4.269E+02   1.819E+01
111.2  4.276E+02   1.769E+01
111.8  4.282E+02   1.719E+01
112.5  4.289E+02   1.669E+01
113.1  4.296E+02   1.619E+01
113.8  4.303E+02   1.570E+01
114.4  4.309E+02   1.521E+01
115.1  4.316E+02   1.472E+01
115.7  4.322E+02   1.424E+01
116.4  4.329E+02   1.375E+01
117.0  4.335E+02   1.327E+01
117.7  4.342E+02   1.280E+01
118.3  4.348E+02   1.232E+01
119.0  4.355E+02   1.186E+01
119.6  4.361E+02   1.139E+01
120.3  4.367E+02   1.093E+01
120.9  4.373E+02   1.048E+01
121.6  4.379E+02   1.003E+01
122.2  4.385E+02   9.584E+00
122.9  4.391E+02   9.146E+00
123.5  4.397E+02   8.715E+00
124.2  4.403E+02   8.292E+00
124.8  4.409E+02   7.877E+00
125.5  4.414E+02   7.470E+00
126.1  4.419E+02   7.073E+00
126.8  4.425E+02   6.686E+00
127.4  4.430E+02   6.310E+00
128.1  4.435E+02   5.945E+00
128.7  4.440E+02   5.591E+00
129.4  4.444E+02   5.249E+00
130.0  4.449E+02   4.919E+00
130.7  4.453E+02   4.603E+00
131.3  4.457E+02   4.300E+00
132.0  4.461E+02   4.011E+00
132.6  4.465E+02   3.735E+00
133.3  4.468E+02   3.474E+00
133.9  4.472E+02   3.226E+00
134.6  4.475E+02   2.993E+00
135.2  4.478E+02   2.772E+00
135.9  4.481E+02   2.565E+00
136.5  4.483E+02   2.371E+00
137.2  4.486E+02   2.189E+00
137.8  4.488E+02   2.020E+00
138.5  4.490E+02   1.862E+00
139.1  4.492E+02   1.715E+00
139.8  4.494E+02   1.579E+00
140.4  4.496E+02   1.453E+00
141.1  4.497E+02   1.336E+00
141.7  4.499E+02   1.228E+00
142.4  4.500E+02   1.128E+00
143.0  4.501E+02   1.037E+00
143.7  4.502E+02   9.520E-01
144.3  4.503E+02   8.741E-01
145.0  4.504E+02   8.025E-01
145.6  4.505E+02   7.366E-01
146.3  4.506E+02   6.762E-01
146.9  4.507E+02   6.207E-01
147.6  4.508E+02   5.699E-01
148.2  4.508E+02   5.233E-01
148.9  4.509E+02   4.807E-01
149.5  4.509E+02   4.417E-01
150.2  4.510E+02   4.060E-01
150.8  4.510E+02   3.733E-01
151.5  4.511E+02   3.434E-01
152.1  4.511E+02   3.160E-01
152.8  4.511E+02   2.910E-01
153.4  4.512E+02   2.680E-01
154.1  4.512E+02   2.471E-01
154.7  4.512E+02   2.282E-01
155.4  4.512E+02   2.113E-01
156.0  4.513E+02   1.960E-01
156.7  4.513E+02   1.817E-01
157.3  4.513E+02   1.684E-01
158.0  4.513E+02   1.559E-01
158.6  4.513E+02   1.448E-01
159.3  4.513E+02   1.347E-01
159.9  4.514E+02   1.258E-01
160.6  4.514E+02   1.179E-01
161.2  4.514E+02   1.106E-01
161.9  4.514E+02   1.038E-01
162.5  4.514E+02   9.765E-02
163.2  4.514E+02   9.205E-02
163.8  4.514E+02   8.697E-02
164.5  4.514E+02   8.234E-02
165.1  4.514E+02   7.814E-02
165.8  4.514E+02   7.429E-02
166.4  4.514E+02   7.077E-02
167.1  4.514E+02   6.757E-02
167.7  4.514E+02   6.464E-02
168.4  4.514E+02   6.197E-02
169.0  4.514E+02   5.954E-02
169.7  4.515E+02   5.733E-02
170.3  4.515E+02   5.527E-02
171.0  4.515E+02   5.337E-02
171.6  4.515E+02   5.165E-02
172.3  4.515E+02   5.009E-02
172.9  4.515E+02   4.870E-02
173.6  4.515E+02   4.748E-02
174.2  4.515E+02   4.636E-02
174.9  4.515E+02   4.529E-02
175.5  4.515E+02   4.432E-02
176.2  4.515E+02   4.344E-02
176.8  4.515E+02   4.267E-02
177.5  4.515E+02   4.200E-02
178.1  4.515E+02   4.144E-02
178.8  4.515E+02   4.089E-02
179.4  4.515E+02   4.037E-02
180.1  4.515E+02   3.991E-02
180.7  4.515E+02   3.948E-02
181.4  4.515E+02   3.910E-02
182.0  4.515E+02   3.876E-02
182.7  4.515E+02   3.846E-02
183.3  4.515E+02   3.817E-02
184.0  4.515E+02   3.792E-02
184.6  4.515E+02   3.768E-02
185.3  4.515E+02   3.748E-02
185.9  4.515E+02   3.729E-02
186.6  4.515E+02   3.713E-02
187.2  4.515E+02   3.699E-02
187.9  4.515E+02   3.685E-02
188.5  4.515E+02   3.673E-02
189.2  4.515E+02   3.662E-02
189.8  4.515E+02   3.653E-02
190.5  4.515E+02   3.645E-02
191.1  4.515E+02   3.639E-02
191.8  4.515E+02   3.633E-02
192.4  4.515E+02   3.627E-02
193.1  4.515E+02   3.622E-02
193.7  4.515E+02   3.618E-02
194.4  4.515E+02   3.613E-02
195.0  4.515E+02   3.610E-02
195.7  4.515E+02   3.606E-02
196.3  4.515E+02   3.603E-02
197.0  4.515E+02   3.600E-02
197.6  4.515E+02   3.597E-02
198.3  4.515E+02   3.594E-02
198.9  4.515E+02   3.591E-02
199.6  4.515E+02   3.589E-02
200.2  4.515E+02   3.586E-02
200.9  4.515E+02   3.584E-02
201.5  4.515E+02   3.583E-02
202.2  4.515E+02   3.581E-02
202.8  4.515E+02   3.579E-02



Variable Influent Data to Bed Number 4 is given below:
Time   Cin(1,T)    Cin(2, T)   Cin(3, T)   Cin(4, T)   Cin(5, T)   Cin(6, T)
(min)  (mg/L)      (mg/L)      (mg/L)      (mg/L)      (mg/L)      (mg/L)
0.0    2.258E-01   3.331E+02
0.7    2.258E-01   3.331E+02
1.3    2.258E-01   3.331E+02
2.0    2.258E-01   3.331E+02
2.6    2.258E-01   3.331E+02
3.3    2.258E-01   3.331E+02
3.9    2.552E-01   3.331E+02
4.6    3.987E-01   3.330E+02
5.2    6.082E-01   3.328E+02
5.9    9.110E-01   3.326E+02
6.5    1.340E+00   3.323E+02
7.2    1.952E+00   3.318E+02
7.8    2.809E+00   3.312E+02
8.5    3.953E+00   3.303E+02
9.1    5.466E+00   3.292E+02
9.8    7.448E+00   3.278E+02
10.4   9.993E+00   3.259E+02
11.1   1.320E+01   3.235E+02
11.7   1.713E+01   3.206E+02
12.4   2.177E+01   3.172E+02
13.0   2.700E+01   3.133E+02
13.7   3.252E+01   3.093E+02
14.3   3.791E+01   3.053E+02
15.0   4.277E+01   3.017E+02
15.6   4.696E+01   2.986E+02
16.3   5.063E+01   2.959E+02
16.9   5.404E+01   2.934E+02
17.6   5.741E+01   2.909E+02
18.2   6.085E+01   2.884E+02
18.9   6.441E+01   2.857E+02
19.5   6.813E+01   2.830E+02
20.2   7.203E+01   2.801E+02
20.8   7.614E+01   2.771E+02
21.5   8.046E+01   2.739E+02
22.1   8.501E+01   2.705E+02
22.8   8.977E+01   2.670E+02
23.4   9.472E+01   2.634E+02
24.1   9.983E+01   2.596E+02
24.7   1.051E+02   2.557E+02
25.4   1.105E+02   2.517E+02
26.0   1.159E+02   2.477E+02
26.7   1.215E+02   2.436E+02
27.3   1.272E+02   2.394E+02
28.0   1.329E+02   2.352E+02
28.6   1.386E+02   2.310E+02
29.3   1.443E+02   2.268E+02
29.9   1.500E+02   2.226E+02
30.6   1.556E+02   2.184E+02
31.2   1.611E+02   2.144E+02
31.9   1.664E+02   2.104E+02
32.5   1.715E+02   2.067E+02
33.2   1.764E+02   2.031E+02
33.8   1.809E+02   1.997E+02
34.5   1.852E+02   1.966E+02
35.1   1.892E+02   1.936E+02
35.8   1.929E+02   1.909E+02
36.4   1.963E+02   1.884E+02
37.1   1.995E+02   1.860E+02
37.7   2.025E+02   1.838E+02
38.4   2.053E+02   1.817E+02
39.0   2.081E+02   1.797E+02
39.7   2.107E+02   1.778E+02
40.3   2.133E+02   1.759E+02
41.0   2.158E+02   1.740E+02
41.6   2.183E+02   1.722E+02
42.3   2.207E+02   1.703E+02
42.9   2.232E+02   1.685E+02
43.6   2.256E+02   1.667E+02
44.2   2.281E+02   1.649E+02
44.9   2.305E+02   1.631E+02
45.5   2.330E+02   1.613E+02
46.2   2.354E+02   1.595E+02
46.8   2.379E+02   1.577E+02
47.5   2.403E+02   1.559E+02
48.1   2.428E+02   1.541E+02
48.8   2.453E+02   1.522E+02
49.4   2.478E+02   1.504E+02
50.1   2.503E+02   1.486E+02
50.7   2.528E+02   1.467E+02
51.4   2.553E+02   1.449E+02
52.0   2.578E+02   1.430E+02
52.7   2.603E+02   1.411E+02
53.3   2.628E+02   1.393E+02
54.0   2.654E+02   1.374E+02
54.6   2.679E+02   1.355E+02
55.3   2.704E+02   1.337E+02
55.9   2.729E+02   1.318E+02
56.6   2.754E+02   1.300E+02
57.2   2.779E+02   1.281E+02
57.9   2.804E+02   1.263E+02
58.5   2.828E+02   1.245E+02
59.2   2.853E+02   1.227E+02
59.8   2.877E+02   1.209E+02
60.5   2.900E+02   1.192E+02
61.1   2.924E+02   1.175E+02
61.8   2.947E+02   1.158E+02
62.4   2.969E+02   1.141E+02
63.1   2.991E+02   1.125E+02
63.7   3.013E+02   1.109E+02
64.4   3.034E+02   1.093E+02
65.0   3.055E+02   1.078E+02
65.7   3.075E+02   1.063E+02
66.3   3.095E+02   1.048E+02
67.0   3.114E+02   1.034E+02
67.6   3.133E+02   1.021E+02
68.3   3.151E+02   1.007E+02
68.9   3.168E+02   9.943E+01
69.6   3.185E+02   9.817E+01
70.2   3.202E+02   9.694E+01
70.9   3.218E+02   9.575E+01
71.5   3.234E+02   9.459E+01
72.2   3.249E+02   9.347E+01
72.8   3.264E+02   9.236E+01
73.5   3.278E+02   9.129E+01
74.1   3.293E+02   9.024E+01
74.8   3.307E+02   8.921E+01
75.4   3.320E+02   8.820E+01
76.1   3.334E+02   8.721E+01
76.7   3.347E+02   8.623E+01
77.4   3.360E+02   8.526E+01
78.0   3.373E+02   8.430E+01
78.7   3.386E+02   8.336E+01
79.3   3.399E+02   8.242E+01
80.0   3.411E+02   8.149E+01
80.6   3.424E+02   8.056E+01
81.3   3.436E+02   7.965E+01
81.9   3.449E+02   7.873E+01
82.6   3.461E+02   7.782E+01
83.2   3.473E+02   7.691E+01
83.9   3.486E+02   7.600E+01
84.5   3.498E+02   7.509E+01
85.2   3.510E+02   7.418E+01
85.8   3.523E+02   7.327E+01
86.5   3.535E+02   7.237E+01
87.1   3.547E+02   7.146E+01
87.8   3.559E+02   7.055E+01
88.4   3.572E+02   6.964E+01
89.1   3.584E+02   6.872E+01
89.7   3.597E+02   6.780E+01
90.4   3.609E+02   6.688E+01
91.0   3.622E+02   6.596E+01
91.7   3.634E+02   6.503E+01
92.3   3.647E+02   6.410E+01
93.0   3.659E+02   6.317E+01
93.6   3.672E+02   6.222E+01
94.3   3.685E+02   6.128E+01
94.9   3.698E+02   6.033E+01
95.6   3.711E+02   5.937E+01
96.2   3.724E+02   5.842E+01
96.9   3.737E+02   5.745E+01
97.5   3.750E+02   5.649E+01
98.2   3.763E+02   5.552E+01
98.8   3.776E+02   5.455E+01
99.5   3.789E+02   5.358E+01
100.1  3.803E+02   5.260E+01
100.8  3.816E+02   5.163E+01
101.4  3.829E+02   5.066E+01
102.1  3.842E+02   4.969E+01
102.7  3.855E+02   4.872E+01
103.4  3.868E+02   4.776E+01
104.0  3.881E+02   4.681E+01
104.7  3.894E+02   4.585E+01
105.3  3.907E+02   4.491E+01
106.0  3.919E+02   4.398E+01
106.6  3.932E+02   4.305E+01
107.3  3.944E+02   4.214E+01
107.9  3.957E+02   4.123E+01
108.6  3.969E+02   4.034E+01
109.2  3.981E+02   3.946E+01
109.9  3.992E+02   3.859E+01
110.5  4.004E+02   3.774E+01
111.2  4.015E+02   3.690E+01
111.8  4.027E+02   3.607E+01
112.5  4.038E+02   3.526E+01
113.1  4.048E+02   3.446E+01
113.8  4.059E+02   3.368E+01
114.4  4.069E+02   3.291E+01
115.1  4.080E+02   3.216E+01
115.7  4.090E+02   3.141E+01
116.4  4.100E+02   3.069E+01
117.0  4.109E+02   2.997E+01
117.7  4.119E+02   2.927E+01
118.3  4.128E+02   2.858E+01
119.0  4.137E+02   2.790E+01
119.6  4.146E+02   2.723E+01
120.3  4.155E+02   2.657E+01
120.9  4.164E+02   2.593E+01
121.6  4.173E+02   2.529E+01
122.2  4.181E+02   2.466E+01
122.9  4.190E+02   2.405E+01
123.5  4.198E+02   2.344E+01
124.2  4.206E+02   2.283E+01
124.8  4.214E+02   2.224E+01
125.5  4.222E+02   2.165E+01
126.1  4.230E+02   2.107E+01
126.8  4.238E+02   2.050E+01
127.4  4.245E+02   1.994E+01
128.1  4.253E+02   1.938E+01
128.7  4.260E+02   1.883E+01
129.4  4.268E+02   1.828E+01
130.0  4.275E+02   1.774E+01
130.7  4.282E+02   1.720E+01
131.3  4.289E+02   1.667E+01
132.0  4.297E+02   1.615E+01
132.6  4.304E+02   1.563E+01
133.3  4.311E+02   1.511E+01
133.9  4.317E+02   1.460E+01
134.6  4.324E+02   1.410E+01
135.2  4.331E+02   1.360E+01
135.9  4.338E+02   1.310E+01
136.5  4.344E+02   1.261E+01
137.2  4.351E+02   1.213E+01
137.8  4.357E+02   1.165E+01
138.5  4.364E+02   1.118E+01
139.1  4.370E+02   1.071E+01
139.8  4.376E+02   1.025E+01
140.4  4.383E+02   9.792E+00
141.1  4.389E+02   9.345E+00
141.7  4.395E+02   8.905E+00
142.4  4.400E+02   8.473E+00
143.0  4.406E+02   8.050E+00
143.7  4.412E+02   7.636E+00
144.3  4.417E+02   7.232E+00
145.0  4.423E+02   6.838E+00
145.6  4.428E+02   6.454E+00
146.3  4.433E+02   6.081E+00
146.9  4.438E+02   5.721E+00
147.6  4.443E+02   5.373E+00
148.2  4.447E+02   5.037E+00
148.9  4.451E+02   4.715E+00
149.5  4.456E+02   4.406E+00
150.2  4.460E+02   4.111E+00
150.8  4.463E+02   3.831E+00
151.5  4.467E+02   3.564E+00
152.1  4.470E+02   3.310E+00
152.8  4.474E+02   3.071E+00
153.4  4.477E+02   2.846E+00
154.1  4.480E+02   2.634E+00
154.7  4.482E+02   2.435E+00
155.4  4.485E+02   2.249E+00
156.0  4.487E+02   2.076E+00
156.7  4.489E+02   1.914E+00
157.3  4.491E+02   1.763E+00
158.0  4.493E+02   1.623E+00
158.6  4.495E+02   1.492E+00
159.3  4.497E+02   1.372E+00
159.9  4.498E+02   1.261E+00
160.6  4.500E+02   1.159E+00
161.2  4.501E+02   1.065E+00
161.9  4.502E+02   9.776E-01
162.5  4.503E+02   8.976E-01
163.2  4.504E+02   8.239E-01
163.8  4.505E+02   7.559E-01
164.5  4.506E+02   6.935E-01
165.1  4.507E+02   6.364E-01
165.8  4.507E+02   5.841E-01
166.4  4.508E+02   5.364E-01
167.1  4.509E+02   4.929E-01
167.7  4.509E+02   4.531E-01
168.4  4.510E+02   4.166E-01
169.0  4.510E+02   3.829E-01
169.7  4.511E+02   3.522E-01
170.3  4.511E+02   3.241E-01
171.0  4.511E+02   2.985E-01
171.6  4.512E+02   2.750E-01
172.3  4.512E+02   2.535E-01
172.9  4.512E+02   2.340E-01
173.6  4.512E+02   2.163E-01
174.2  4.513E+02   2.000E-01
174.9  4.513E+02   1.852E-01
175.5  4.513E+02   1.718E-01
176.2  4.513E+02   1.595E-01
176.8  4.513E+02   1.484E-01
177.5  4.513E+02   1.383E-01
178.1  4.514E+02   1.291E-01
178.8  4.514E+02   1.207E-01
179.4  4.514E+02   1.131E-01
180.1  4.514E+02   1.061E-01
180.7  4.514E+02   9.969E-02
181.4  4.514E+02   9.388E-02
182.0  4.514E+02   8.859E-02
182.7  4.514E+02   8.378E-02
183.3  4.514E+02   7.941E-02
184.0  4.514E+02   7.541E-02
184.6  4.514E+02   7.179E-02
185.3  4.514E+02   6.851E-02
185.9  4.514E+02   6.547E-02
186.6  4.514E+02   6.269E-02
187.2  4.514E+02   6.015E-02
187.9  4.515E+02   5.784E-02
188.5  4.515E+02   5.576E-02
189.2  4.515E+02   5.391E-02
189.8  4.515E+02   5.228E-02
190.5  4.515E+02   5.068E-02
191.1  4.515E+02   4.923E-02
191.8  4.515E+02   4.790E-02
192.4  4.515E+02   4.671E-02
193.1  4.515E+02   4.564E-02
193.7  4.515E+02   4.470E-02
194.4  4.515E+02   4.386E-02
195.0  4.515E+02   4.304E-02
195.7  4.515E+02   4.229E-02
196.3  4.515E+02   4.161E-02
197.0  4.515E+02   4.100E-02
197.6  4.515E+02   4.046E-02
198.3  4.515E+02   3.998E-02
198.9  4.515E+02   3.955E-02
199.6  4.515E+02   3.913E-02
200.2  4.515E+02   3.876E-02
200.9  4.515E+02   3.843E-02
201.5  4.515E+02   3.814E-02
202.2  4.515E+02   3.788E-02
202.8  4.515E+02   3.767E-02
203.5  4.515E+02   3.747E-02
204.1  4.515E+02   3.729E-02
204.8  4.515E+02   3.712E-02
205.4  4.515E+02   3.699E-02
206.1  4.515E+02   3.687E-02
206.7  4.515E+02   3.677E-02
207.4  4.515E+02   3.670E-02
208.0  4.515E+02   3.662E-02
208.7  4.515E+02   3.654E-02
209.3  4.515E+02   3.648E-02
210.0  4.515E+02   3.642E-02
210.6  4.515E+02   3.636E-02
211.3  4.515E+02   3.630E-02
211.9  4.515E+02   3.625E-02
212.6  4.515E+02   3.620E-02
213.2  4.515E+02   3.616E-02
213.9  4.515E+02   3.612E-02
214.5  4.515E+02   3.608E-02
215.2  4.515E+02   3.605E-02
215.8  4.515E+02   3.601E-02
216.5  4.515E+02   3.598E-02
217.1  4.515E+02   3.594E-02
217.8  4.515E+02   3.592E-02
218.4  4.515E+02   3.589E-02
219.1  4.515E+02   3.585E-02
219.7  4.515E+02   3.582E-02
220.4  4.515E+02   3.579E-02



Variable Influent Data to Bed Number 5 is given below:
Time   Cin(1,T)    Cin(2, T)   Cin(3, T)   Cin(4, T)   Cin(5, T)   Cin(6, T)
(min)  (mg/L)      (mg/L)      (mg/L)      (mg/L)      (mg/L)      (mg/L)
0.0    2.258E-01   3.331E+02
0.7    2.258E-01   3.331E+02
1.3    2.258E-01   3.331E+02
2.0    2.258E-01   3.331E+02
2.6    2.258E-01   3.331E+02
3.3    2.258E-01   3.331E+02
3.9    2.258E-01   3.331E+02
4.6    2.258E-01   3.331E+02
5.2    2.258E-01   3.331E+02
5.9    2.258E-01   3.331E+02
6.5    2.258E-01   3.331E+02
7.2    2.258E-01   3.331E+02
7.8    2.258E-01   3.331E+02
8.5    2.258E-01   3.331E+02
9.1    2.258E-01   3.331E+02
9.8    2.258E-01   3.331E+02
10.4   2.258E-01   3.331E+02
11.1   2.344E-01   3.331E+02
11.7   3.174E-01   3.330E+02
12.4   4.268E-01   3.330E+02
13.0   5.687E-01   3.328E+02
13.7   7.516E-01   3.327E+02
14.3   9.859E-01   3.325E+02
15.0   1.288E+00   3.323E+02
15.6   1.678E+00   3.320E+02
16.3   2.162E+00   3.317E+02
16.9   2.758E+00   3.312E+02
17.6   3.492E+00   3.307E+02
18.2   4.389E+00   3.300E+02
18.9   5.490E+00   3.292E+02
19.5   6.818E+00   3.282E+02
20.2   8.410E+00   3.271E+02
20.8   1.030E+01   3.257E+02
21.5   1.252E+01   3.240E+02
22.1   1.506E+01   3.221E+02
22.8   1.792E+01   3.200E+02
23.4   2.104E+01   3.177E+02
24.1   2.432E+01   3.153E+02
24.7   2.763E+01   3.129E+02
25.4   3.082E+01   3.105E+02
26.0   3.378E+01   3.083E+02
26.7   3.651E+01   3.063E+02
27.3   3.904E+01   3.045E+02
28.0   4.148E+01   3.027E+02
28.6   4.390E+01   3.009E+02
29.3   4.637E+01   2.990E+02
29.9   4.893E+01   2.972E+02
30.6   5.158E+01   2.952E+02
31.2   5.436E+01   2.931E+02
31.9   5.726E+01   2.910E+02
32.5   6.029E+01   2.888E+02
33.2   6.348E+01   2.864E+02
33.8   6.682E+01   2.839E+02
34.5   7.031E+01   2.814E+02
35.1   7.396E+01   2.787E+02
35.8   7.774E+01   2.759E+02
36.4   8.165E+01   2.730E+02
37.1   8.567E+01   2.700E+02
37.7   8.979E+01   2.670E+02
38.4   9.399E+01   2.639E+02
39.0   9.827E+01   2.607E+02
39.7   1.026E+02   2.575E+02
40.3   1.070E+02   2.543E+02
41.0   1.115E+02   2.510E+02
41.6   1.160E+02   2.477E+02
42.3   1.205E+02   2.443E+02
42.9   1.250E+02   2.410E+02
43.6   1.295E+02   2.377E+02
44.2   1.340E+02   2.344E+02
44.9   1.384E+02   2.311E+02
45.5   1.427E+02   2.279E+02
46.2   1.469E+02   2.248E+02
46.8   1.510E+02   2.218E+02
47.5   1.549E+02   2.189E+02
48.1   1.586E+02   2.162E+02
48.8   1.622E+02   2.136E+02
49.4   1.655E+02   2.111E+02
50.1   1.687E+02   2.088E+02
50.7   1.717E+02   2.066E+02
51.4   1.745E+02   2.045E+02
52.0   1.771E+02   2.025E+02
52.7   1.797E+02   2.006E+02
53.3   1.822E+02   1.988E+02
54.0   1.846E+02   1.970E+02
54.6   1.870E+02   1.953E+02
55.3   1.893E+02   1.935E+02
55.9   1.916E+02   1.918E+02
56.6   1.939E+02   1.901E+02
57.2   1.962E+02   1.884E+02
57.9   1.985E+02   1.867E+02
58.5   2.008E+02   1.850E+02
59.2   2.031E+02   1.833E+02
59.8   2.055E+02   1.816E+02
60.5   2.078E+02   1.799E+02
61.1   2.102E+02   1.781E+02
61.8   2.126E+02   1.764E+02
62.4   2.150E+02   1.746E+02
63.1   2.174E+02   1.728E+02
63.7   2.199E+02   1.710E+02
64.4   2.223E+02   1.692E+02
65.0   2.248E+02   1.673E+02
65.7   2.273E+02   1.655E+02
66.3   2.299E+02   1.636E+02
67.0   2.324E+02   1.617E+02
67.6   2.350E+02   1.598E+02
68.3   2.375E+02   1.579E+02
68.9   2.401E+02   1.560E+02
69.6   2.427E+02   1.541E+02
70.2   2.453E+02   1.522E+02
70.9   2.479E+02   1.503E+02
71.5   2.505E+02   1.484E+02
72.2   2.530E+02   1.465E+02
72.8   2.556E+02   1.446E+02
73.5   2.582E+02   1.427E+02
74.1   2.607E+02   1.408E+02
74.8   2.632E+02   1.390E+02
75.4   2.657E+02   1.371E+02
76.1   2.682E+02   1.353E+02
76.7   2.707E+02   1.335E+02
77.4   2.731E+02   1.317E+02
78.0   2.754E+02   1.300E+02
78.7   2.778E+02   1.282E+02
79.3   2.801E+02   1.265E+02
80.0   2.824E+02   1.249E+02
80.6   2.846E+02   1.232E+02
81.3   2.868E+02   1.216E+02
81.9   2.889E+02   1.200E+02
82.6   2.910E+02   1.185E+02
83.2   2.930E+02   1.170E+02
83.9   2.950E+02   1.155E+02
84.5   2.969E+02   1.141E+02
85.2   2.988E+02   1.127E+02
85.8   3.007E+02   1.114E+02
86.5   3.025E+02   1.100E+02
87.1   3.042E+02   1.087E+02
87.8   3.059E+02   1.075E+02
88.4   3.076E+02   1.062E+02
89.1   3.092E+02   1.050E+02
89.7   3.108E+02   1.038E+02
90.4   3.124E+02   1.027E+02
91.0   3.140E+02   1.015E+02
91.7   3.155E+02   1.004E+02
92.3   3.170E+02   9.930E+01
93.0   3.185E+02   9.819E+01
93.6   3.200E+02   9.710E+01
94.3   3.215E+02   9.601E+01
94.9   3.229E+02   9.492E+01
95.6   3.244E+02   9.384E+01
96.2   3.258E+02   9.276E+01
96.9   3.273E+02   9.169E+01
97.5   3.288E+02   9.061E+01
98.2   3.302E+02   8.952E+01
98.8   3.317E+02   8.844E+01
99.5   3.332E+02   8.735E+01
100.1  3.347E+02   8.626E+01
100.8  3.362E+02   8.516E+01
101.4  3.376E+02   8.405E+01
102.1  3.391E+02   8.295E+01
102.7  3.407E+02   8.184E+01
103.4  3.422E+02   8.072E+01
104.0  3.437E+02   7.960E+01
104.7  3.452E+02   7.847E+01
105.3  3.467E+02   7.734E+01
106.0  3.483E+02   7.620E+01
106.6  3.498E+02   7.507E+01
107.3  3.514E+02   7.393E+01
107.9  3.529E+02   7.279E+01
108.6  3.545E+02   7.164E+01
109.2  3.560E+02   7.050E+01
109.9  3.576E+02   6.935E+01
110.5  3.591E+02   6.820E+01
111.2  3.607E+02   6.705E+01
111.8  3.622E+02   6.591E+01
112.5  3.638E+02   6.476E+01
113.1  3.653E+02   6.362E+01
113.8  3.669E+02   6.247E+01
114.4  3.684E+02   6.134E+01
115.1  3.700E+02   6.020E+01
115.7  3.715E+02   5.907E+01
116.4  3.730E+02   5.795E+01
117.0  3.745E+02   5.682E+01
117.7  3.761E+02   5.571E+01
118.3  3.776E+02   5.460E+01
119.0  3.790E+02   5.350E+01
119.6  3.805E+02   5.241E+01
120.3  3.820E+02   5.133E+01
120.9  3.834E+02   5.026E+01
121.6  3.849E+02   4.920E+01
122.2  3.863E+02   4.815E+01
122.9  3.877E+02   4.711E+01
123.5  3.891E+02   4.609E+01
124.2  3.905E+02   4.507E+01
124.8  3.918E+02   4.408E+01
125.5  3.931E+02   4.310E+01
126.1  3.944E+02   4.213E+01
126.8  3.957E+02   4.118E+01
127.4  3.970E+02   4.025E+01
128.1  3.982E+02   3.933E+01
128.7  3.995E+02   3.843E+01
129.4  4.007E+02   3.755E+01
130.0  4.018E+02   3.668E+01
130.7  4.030E+02   3.583E+01
131.3  4.041E+02   3.500E+01
132.0  4.052E+02   3.418E+01
132.6  4.063E+02   3.338E+01
133.3  4.074E+02   3.260E+01
133.9  4.084E+02   3.184E+01
134.6  4.094E+02   3.108E+01
135.2  4.104E+02   3.035E+01
135.9  4.114E+02   2.962E+01
136.5  4.124E+02   2.891E+01
137.2  4.133E+02   2.822E+01
137.8  4.142E+02   2.753E+01
138.5  4.151E+02   2.686E+01
139.1  4.160E+02   2.620E+01
139.8  4.169E+02   2.556E+01
140.4  4.178E+02   2.492E+01
141.1  4.186E+02   2.429E+01
141.7  4.195E+02   2.367E+01
142.4  4.203E+02   2.306E+01
143.0  4.211E+02   2.246E+01
143.7  4.219E+02   2.186E+01
144.3  4.227E+02   2.128E+01
145.0  4.235E+02   2.070E+01
145.6  4.243E+02   2.013E+01
146.3  4.250E+02   1.956E+01
146.9  4.258E+02   1.901E+01
147.6  4.265E+02   1.846E+01
148.2  4.273E+02   1.791E+01
148.9  4.280E+02   1.737E+01
149.5  4.287E+02   1.684E+01
150.2  4.294E+02   1.631E+01
150.8  4.301E+02   1.579E+01
151.5  4.308E+02   1.527E+01
152.1  4.315E+02   1.475E+01
152.8  4.322E+02   1.425E+01
153.4  4.329E+02   1.374E+01
154.1  4.336E+02   1.325E+01
154.7  4.343E+02   1.275E+01
155.4  4.349E+02   1.227E+01
156.0  4.356E+02   1.179E+01
156.7  4.362E+02   1.131E+01
157.3  4.368E+02   1.084E+01
158.0  4.375E+02   1.037E+01
158.6  4.381E+02   9.917E+00
159.3  4.387E+02   9.467E+00
159.9  4.393E+02   9.024E+00
160.6  4.399E+02   8.590E+00
161.2  4.405E+02   8.165E+00
161.9  4.410E+02   7.748E+00
162.5  4.416E+02   7.339E+00
163.2  4.421E+02   6.942E+00
163.8  4.426E+02   6.555E+00
164.5  4.432E+02   6.179E+00
165.1  4.437E+02   5.815E+00
165.8  4.441E+02   5.463E+00
166.4  4.446E+02   5.124E+00
167.1  4.450E+02   4.799E+00
167.7  4.455E+02   4.487E+00
168.4  4.459E+02   4.188E+00
169.0  4.462E+02   3.904E+00
169.7  4.466E+02   3.633E+00
170.3  4.470E+02   3.376E+00
171.0  4.473E+02   3.133E+00
171.6  4.476E+02   2.904E+00
172.3  4.479E+02   2.689E+00
172.9  4.482E+02   2.487E+00
173.6  4.484E+02   2.297E+00
174.2  4.487E+02   2.120E+00
174.9  4.489E+02   1.955E+00
175.5  4.491E+02   1.801E+00
176.2  4.493E+02   1.659E+00
176.8  4.495E+02   1.526E+00
177.5  4.496E+02   1.404E+00
178.1  4.498E+02   1.290E+00
178.8  4.499E+02   1.186E+00
179.4  4.501E+02   1.089E+00
180.1  4.502E+02   1.001E+00
180.7  4.503E+02   9.186E-01
181.4  4.504E+02   8.430E-01
182.0  4.505E+02   7.735E-01
182.7  4.506E+02   7.096E-01
183.3  4.506E+02   6.511E-01
184.0  4.507E+02   5.976E-01
184.6  4.508E+02   5.489E-01
185.3  4.508E+02   5.043E-01
185.9  4.509E+02   4.633E-01
186.6  4.510E+02   4.258E-01
187.2  4.510E+02   3.914E-01
187.9  4.510E+02   3.598E-01
188.5  4.511E+02   3.310E-01
189.2  4.511E+02   3.048E-01
189.8  4.511E+02   2.810E-01
190.5  4.512E+02   2.592E-01
191.1  4.512E+02   2.392E-01
191.8  4.512E+02   2.210E-01
192.4  4.513E+02   2.045E-01
193.1  4.513E+02   1.894E-01
193.7  4.513E+02   1.756E-01
194.4  4.513E+02   1.631E-01
195.0  4.513E+02   1.517E-01
195.7  4.513E+02   1.413E-01
196.3  4.514E+02   1.317E-01
197.0  4.514E+02   1.230E-01
197.6  4.514E+02   1.151E-01
198.3  4.514E+02   1.079E-01
198.9  4.514E+02   1.013E-01
199.6  4.514E+02   9.530E-02
200.2  4.514E+02   8.985E-02
200.9  4.514E+02   8.496E-02
201.5  4.514E+02   8.053E-02
202.2  4.514E+02   7.642E-02
202.8  4.514E+02   7.268E-02
203.5  4.514E+02   6.929E-02
204.1  4.514E+02   6.622E-02
204.8  4.514E+02   6.344E-02
205.4  4.514E+02   6.089E-02
206.1  4.515E+02   5.857E-02
206.7  4.515E+02   5.648E-02
207.4  4.515E+02   5.459E-02
208.0  4.515E+02   5.287E-02
208.7  4.515E+02   5.130E-02
209.3  4.515E+02   4.987E-02
210.0  4.515E+02   4.857E-02
210.6  4.515E+02   4.740E-02
211.3  4.515E+02   4.634E-02
211.9  4.515E+02   4.536E-02
212.6  4.515E+02   4.447E-02
213.2  4.515E+02   4.367E-02
213.9  4.515E+02   4.295E-02
214.5  4.515E+02   4.229E-02
215.2  4.515E+02   4.168E-02
215.8  4.515E+02   4.113E-02
216.5  4.515E+02   4.063E-02
217.1  4.515E+02   4.018E-02
217.8  4.515E+02   3.974E-02
218.4  4.515E+02   3.934E-02
219.1  4.515E+02   3.896E-02
219.7  4.515E+02   3.861E-02
220.4  4.515E+02   3.829E-02
221.0  4.515E+02   3.800E-02
221.7  4.515E+02   3.775E-02
222.3  4.515E+02   3.752E-02
223.0  4.515E+02   3.734E-02
223.6  4.515E+02   3.719E-02
224.3  4.515E+02   3.700E-02
224.9  4.515E+02   3.681E-02
225.6  4.515E+02   3.664E-02
226.2  4.515E+02   3.648E-02
226.9  4.515E+02   3.633E-02
227.5  4.515E+02   3.620E-02
228.2  4.515E+02   3.610E-02
228.8  4.515E+02   3.601E-02
229.5  4.515E+02   3.596E-02
230.1  4.515E+02   3.593E-02
230.8  4.515E+02   3.585E-02
231.4  4.515E+02   3.578E-02



Variable Influent Data to Bed Number 6 is given below:
Time   Cin(1,T)    Cin(2, T)   Cin(3, T)   Cin(4, T)   Cin(5, T)   Cin(6, T)
(min)  (mg/L)      (mg/L)      (mg/L)      (mg/L)      (mg/L)      (mg/L)
0.0    2.258E-01   3.331E+02
0.7    2.258E-01   3.331E+02
1.3    2.258E-01   3.331E+02
2.0    2.258E-01   3.331E+02
2.6    2.258E-01   3.331E+02
3.3    2.258E-01   3.331E+02
3.9    2.258E-01   3.331E+02
4.6    2.258E-01   3.331E+02
5.2    2.258E-01   3.331E+02
5.9    2.258E-01   3.331E+02
6.5    2.258E-01   3.331E+02
7.2    2.258E-01   3.331E+02
7.8    2.258E-01   3.331E+02
8.5    2.258E-01   3.331E+02
9.1    2.258E-01   3.331E+02
9.8    2.258E-01   3.331E+02
10.4   2.258E-01   3.331E+02
11.1   2.258E-01   3.331E+02
11.7   2.258E-01   3.331E+02
12.4   2.258E-01   3.331E+02
13.0   2.258E-01   3.331E+02
13.7   2.258E-01   3.331E+02
14.3   2.258E-01   3.331E+02
15.0   2.258E-01   3.331E+02
15.6   2.258E-01   3.331E+02
16.3   2.258E-01   3.331E+02
16.9   2.258E-01   3.331E+02
17.6   2.258E-01   3.331E+02
18.2   2.258E-01   3.331E+02
18.9   2.258E-01   3.331E+02
19.5   2.258E-01   3.331E+02
20.2   2.258E-01   3.331E+02
20.8   2.258E-01   3.331E+02
21.5   2.346E-01   3.331E+02
22.1   2.935E-01   3.330E+02
22.8   3.661E-01   3.330E+02
23.4   4.558E-01   3.329E+02
24.1   5.654E-01   3.328E+02
24.7   7.001E-01   3.327E+02
25.4   8.661E-01   3.326E+02
26.0   1.072E+00   3.325E+02
26.7   1.323E+00   3.323E+02
27.3   1.625E+00   3.321E+02
28.0   1.985E+00   3.318E+02
28.6   2.417E+00   3.315E+02
29.3   2.931E+00   3.311E+02
29.9   3.543E+00   3.307E+02
30.6   4.274E+00   3.301E+02
31.2   5.139E+00   3.295E+02
31.9   6.152E+00   3.287E+02
32.5   7.339E+00   3.278E+02
33.2   8.723E+00   3.268E+02
33.8   1.031E+01   3.257E+02
34.5   1.210E+01   3.243E+02
35.1   1.412E+01   3.228E+02
35.8   1.633E+01   3.212E+02
36.4   1.869E+01   3.195E+02
37.1   2.114E+01   3.177E+02
37.7   2.362E+01   3.158E+02
38.4   2.604E+01   3.140E+02
39.0   2.833E+01   3.124E+02
39.7   3.048E+01   3.108E+02
40.3   3.250E+01   3.093E+02
41.0   3.443E+01   3.079E+02
41.6   3.631E+01   3.065E+02
42.3   3.821E+01   3.051E+02
42.9   4.013E+01   3.036E+02
43.6   4.212E+01   3.022E+02
44.2   4.417E+01   3.007E+02
44.9   4.631E+01   2.991E+02
45.5   4.854E+01   2.974E+02
46.2   5.085E+01   2.957E+02
46.8   5.327E+01   2.939E+02
47.5   5.579E+01   2.921E+02
48.1   5.843E+01   2.901E+02
48.8   6.119E+01   2.881E+02
49.4   6.406E+01   2.860E+02
50.1   6.704E+01   2.838E+02
50.7   7.012E+01   2.815E+02
51.4   7.329E+01   2.792E+02
52.0   7.656E+01   2.768E+02
52.7   7.990E+01   2.743E+02
53.3   8.332E+01   2.718E+02
54.0   8.681E+01   2.692E+02
54.6   9.037E+01   2.666E+02
55.3   9.399E+01   2.639E+02
55.9   9.767E+01   2.612E+02
56.6   1.014E+02   2.584E+02
57.2   1.052E+02   2.556E+02
57.9   1.090E+02   2.528E+02
58.5   1.128E+02   2.500E+02
59.2   1.167E+02   2.472E+02
59.8   1.205E+02   2.443E+02
60.5   1.243E+02   2.415E+02
61.1   1.281E+02   2.387E+02
61.8   1.318E+02   2.360E+02
62.4   1.354E+02   2.333E+02
63.1   1.390E+02   2.307E+02
63.7   1.424E+02   2.281E+02
64.4   1.457E+02   2.257E+02
65.0   1.489E+02   2.233E+02
65.7   1.520E+02   2.211E+02
66.3   1.549E+02   2.189E+02
67.0   1.577E+02   2.168E+02
67.6   1.604E+02   2.148E+02
68.3   1.630E+02   2.129E+02
68.9   1.655E+02   2.111E+02
69.6   1.680E+02   2.093E+02
70.2   1.704E+02   2.075E+02
70.9   1.727E+02   2.058E+02
71.5   1.750E+02   2.041E+02
72.2   1.773E+02   2.024E+02
72.8   1.796E+02   2.007E+02
73.5   1.819E+02   1.990E+02
74.1   1.841E+02   1.974E+02
74.8   1.864E+02   1.957E+02
75.4   1.887E+02   1.940E+02
76.1   1.910E+02   1.923E+02
76.7   1.933E+02   1.906E+02
77.4   1.956E+02   1.889E+02
78.0   1.979E+02   1.872E+02
78.7   2.002E+02   1.855E+02
79.3   2.026E+02   1.837E+02
80.0   2.049E+02   1.820E+02
80.6   2.073E+02   1.802E+02
81.3   2.097E+02   1.785E+02
81.9   2.121E+02   1.767E+02
82.6   2.145E+02   1.749E+02
83.2   2.170E+02   1.731E+02
83.9   2.194E+02   1.713E+02
84.5   2.219E+02   1.695E+02
85.2   2.244E+02   1.676E+02
85.8   2.269E+02   1.658E+02
86.5   2.294E+02   1.640E+02
87.1   2.319E+02   1.621E+02
87.8   2.344E+02   1.603E+02
88.4   2.369E+02   1.584E+02
89.1   2.394E+02   1.565E+02
89.7   2.420E+02   1.547E+02
90.4   2.445E+02   1.528E+02
91.0   2.470E+02   1.510E+02
91.7   2.495E+02   1.491E+02
92.3   2.520E+02   1.473E+02
93.0   2.545E+02   1.454E+02
93.6   2.570E+02   1.436E+02
94.3   2.594E+02   1.418E+02
94.9   2.619E+02   1.400E+02
95.6   2.643E+02   1.382E+02
96.2   2.667E+02   1.364E+02
96.9   2.691E+02   1.346E+02
97.5   2.715E+02   1.329E+02
98.2   2.738E+02   1.312E+02
98.8   2.761E+02   1.295E+02
99.5   2.784E+02   1.278E+02
100.1  2.807E+02   1.261E+02
100.8  2.829E+02   1.245E+02
101.4  2.851E+02   1.229E+02
102.1  2.872E+02   1.213E+02
102.7  2.893E+02   1.197E+02
103.4  2.914E+02   1.182E+02
104.0  2.934E+02   1.167E+02
104.7  2.955E+02   1.152E+02
105.3  2.974E+02   1.137E+02
106.0  2.994E+02   1.123E+02
106.6  3.013E+02   1.109E+02
107.3  3.031E+02   1.095E+02
107.9  3.050E+02   1.082E+02
108.6  3.068E+02   1.068E+02
109.2  3.086E+02   1.055E+02
109.9  3.104E+02   1.042E+02
110.5  3.121E+02   1.029E+02
111.2  3.139E+02   1.016E+02
111.8  3.156E+02   1.003E+02
112.5  3.173E+02   9.908E+01
113.1  3.190E+02   9.784E+01
113.8  3.207E+02   9.660E+01
114.4  3.223E+02   9.536E+01
115.1  3.240E+02   9.414E+01
115.7  3.256E+02   9.292E+01
116.4  3.273E+02   9.170E+01
117.0  3.289E+02   9.049E+01
117.7  3.306E+02   8.928E+01
118.3  3.322E+02   8.807E+01
119.0  3.338E+02   8.686E+01
119.6  3.355E+02   8.565E+01
120.3  3.371E+02   8.445E+01
120.9  3.387E+02   8.325E+01
121.6  3.404E+02   8.205E+01
122.2  3.420E+02   8.085E+01
122.9  3.436E+02   7.965E+01
123.5  3.452E+02   7.845E+01
124.2  3.469E+02   7.725E+01
124.8  3.485E+02   7.606E+01
125.5  3.501E+02   7.486E+01
126.1  3.517E+02   7.367E+01
126.8  3.533E+02   7.248E+01
127.4  3.549E+02   7.129E+01
128.1  3.566E+02   7.010E+01
128.7  3.582E+02   6.892E+01
129.4  3.598E+02   6.773E+01
130.0  3.614E+02   6.655E+01
130.7  3.630E+02   6.538E+01
131.3  3.645E+02   6.421E+01
132.0  3.661E+02   6.304E+01
132.6  3.677E+02   6.188E+01
133.3  3.693E+02   6.072E+01
133.9  3.708E+02   5.957E+01
134.6  3.724E+02   5.842E+01
135.2  3.739E+02   5.728E+01
135.9  3.755E+02   5.615E+01
136.5  3.770E+02   5.503E+01
137.2  3.785E+02   5.391E+01
137.8  3.800E+02   5.281E+01
138.5  3.815E+02   5.171E+01
139.1  3.829E+02   5.063E+01
139.8  3.844E+02   4.956E+01
140.4  3.858E+02   4.850E+01
141.1  3.872E+02   4.745E+01
141.7  3.886E+02   4.642E+01
142.4  3.900E+02   4.540E+01
143.0  3.914E+02   4.439E+01
143.7  3.927E+02   4.340E+01
144.3  3.940E+02   4.243E+01
145.0  3.953E+02   4.147E+01
145.6  3.966E+02   4.053E+01
146.3  3.979E+02   3.960E+01
146.9  3.991E+02   3.870E+01
147.6  4.003E+02   3.781E+01
148.2  4.015E+02   3.693E+01
148.9  4.026E+02   3.608E+01
149.5  4.038E+02   3.524E+01
150.2  4.049E+02   3.442E+01
150.8  4.060E+02   3.361E+01
151.5  4.071E+02   3.282E+01
152.1  4.081E+02   3.205E+01
152.8  4.091E+02   3.129E+01
153.4  4.101E+02   3.055E+01
154.1  4.111E+02   2.982E+01
154.7  4.121E+02   2.911E+01
155.4  4.130E+02   2.841E+01
156.0  4.140E+02   2.772E+01
156.7  4.149E+02   2.705E+01
157.3  4.158E+02   2.638E+01
158.0  4.167E+02   2.573E+01
158.6  4.175E+02   2.509E+01
159.3  4.184E+02   2.445E+01
159.9  4.192E+02   2.383E+01
160.6  4.201E+02   2.322E+01
161.2  4.209E+02   2.262E+01
161.9  4.217E+02   2.202E+01
162.5  4.225E+02   2.143E+01
163.2  4.233E+02   2.085E+01
163.8  4.241E+02   2.028E+01
164.5  4.248E+02   1.971E+01
165.1  4.256E+02   1.915E+01
165.8  4.263E+02   1.860E+01
166.4  4.271E+02   1.805E+01
167.1  4.278E+02   1.751E+01
167.7  4.285E+02   1.698E+01
168.4  4.292E+02   1.645E+01
169.0  4.300E+02   1.592E+01
169.7  4.307E+02   1.540E+01
170.3  4.314E+02   1.489E+01
171.0  4.320E+02   1.438E+01
171.6  4.327E+02   1.387E+01
172.3  4.334E+02   1.337E+01
172.9  4.341E+02   1.288E+01
173.6  4.347E+02   1.239E+01
174.2  4.354E+02   1.191E+01
174.9  4.360E+02   1.143E+01
175.5  4.367E+02   1.096E+01
176.2  4.373E+02   1.049E+01
176.8  4.379E+02   1.003E+01
177.5  4.385E+02   9.582E+00
178.1  4.392E+02   9.137E+00
178.8  4.397E+02   8.701E+00
179.4  4.403E+02   8.273E+00
180.1  4.409E+02   7.854E+00
180.7  4.414E+02   7.444E+00
181.4  4.420E+02   7.043E+00
182.0  4.425E+02   6.653E+00
182.7  4.430E+02   6.274E+00
183.3  4.435E+02   5.907E+00
184.0  4.440E+02   5.552E+00
184.6  4.445E+02   5.210E+00
185.3  4.449E+02   4.881E+00
185.9  4.453E+02   4.565E+00
186.6  4.458E+02   4.263E+00
187.2  4.461E+02   3.974E+00
187.9  4.465E+02   3.700E+00
188.5  4.469E+02   3.440E+00
189.2  4.472E+02   3.193E+00
189.8  4.475E+02   2.961E+00
190.5  4.478E+02   2.743E+00
191.1  4.481E+02   2.537E+00
191.8  4.484E+02   2.345E+00
192.4  4.486E+02   2.165E+00
193.1  4.488E+02   1.997E+00
193.7  4.490E+02   1.840E+00
194.4  4.492E+02   1.695E+00
195.0  4.494E+02   1.560E+00
195.7  4.496E+02   1.435E+00
196.3  4.497E+02   1.319E+00
197.0  4.499E+02   1.212E+00
197.6  4.500E+02   1.114E+00
198.3  4.501E+02   1.023E+00
198.9  4.503E+02   9.389E-01
199.6  4.504E+02   8.617E-01
200.2  4.505E+02   7.909E-01
200.9  4.505E+02   7.259E-01
201.5  4.506E+02   6.663E-01
202.2  4.507E+02   6.117E-01
202.8  4.508E+02   5.616E-01
203.5  4.508E+02   5.156E-01
204.1  4.509E+02   4.736E-01
204.8  4.509E+02   4.351E-01
205.4  4.510E+02   3.999E-01
206.1  4.510E+02   3.677E-01
206.7  4.511E+02   3.382E-01
207.4  4.511E+02   3.113E-01
208.0  4.511E+02   2.868E-01
208.7  4.512E+02   2.646E-01
209.3  4.512E+02   2.445E-01
210.0  4.512E+02   2.265E-01
210.6  4.512E+02   2.097E-01
211.3  4.513E+02   1.942E-01
211.9  4.513E+02   1.795E-01
212.6  4.513E+02   1.658E-01
213.2  4.513E+02   1.539E-01
213.9  4.513E+02   1.433E-01
214.5  4.513E+02   1.338E-01
215.2  4.514E+02   1.248E-01
215.8  4.514E+02   1.168E-01
216.5  4.514E+02   1.099E-01
217.1  4.514E+02   1.039E-01
217.8  4.514E+02   9.785E-02
218.4  4.514E+02   9.225E-02
219.1  4.514E+02   8.696E-02
219.7  4.514E+02   8.199E-02
220.4  4.514E+02   7.774E-02
221.0  4.514E+02   7.394E-02
221.7  4.514E+02   7.056E-02
222.3  4.514E+02   6.757E-02
223.0  4.514E+02   6.478E-02
223.6  4.514E+02   6.224E-02
224.3  4.514E+02   5.990E-02
224.9  4.515E+02   5.774E-02
225.6  4.515E+02   5.579E-02
226.2  4.515E+02   5.399E-02
226.9  4.515E+02   5.229E-02
227.5  4.515E+02   5.071E-02
228.2  4.515E+02   4.942E-02
228.8  4.515E+02   4.826E-02
229.5  4.515E+02   4.721E-02
230.1  4.515E+02   4.625E-02
230.8  4.515E+02   4.536E-02
231.4  4.515E+02   4.452E-02
232.1  4.515E+02   4.372E-02
232.7  4.515E+02   4.306E-02
233.4  4.515E+02   4.250E-02
234.0  4.515E+02   4.199E-02
234.7  4.515E+02   4.153E-02
235.3  4.515E+02   4.110E-02
236.0  4.515E+02   4.070E-02
236.6  4.515E+02   4.031E-02
237.3  4.515E+02   3.996E-02
237.9  4.515E+02   3.967E-02
238.6  4.515E+02   3.941E-02
239.2  4.515E+02   3.916E-02
239.9  4.515E+02   3.892E-02
240.5  4.515E+02   3.869E-02
241.2  4.515E+02   3.845E-02
241.8  4.515E+02   3.822E-02
242.5  4.515E+02   3.804E-02
243.1  4.515E+02   3.788E-02
243.8  4.515E+02   3.773E-02
244.4  4.515E+02   3.759E-02
245.1  4.515E+02   3.745E-02
245.7  4.515E+02   3.732E-02
246.4  4.515E+02   3.719E-02
247.0  4.515E+02   3.704E-02
247.7  4.515E+02   3.695E-02
248.3  4.515E+02   3.687E-02
249.0  4.515E+02   3.679E-02
249.6  4.515E+02   3.671E-02
250.0  4.515E+02   3.667E-02



Variable Influent Data to Bed Number 7 is given below:
Time   Cin(1,T)    Cin(2, T)   Cin(3, T)   Cin(4, T)   Cin(5, T)   Cin(6, T)
(min)  (mg/L)      (mg/L)      (mg/L)      (mg/L)      (mg/L)      (mg/L)
0.0    2.258E-01   3.331E+02
0.7    2.258E-01   3.331E+02
1.3    2.258E-01   3.331E+02
2.0    2.258E-01   3.331E+02
2.6    2.258E-01   3.331E+02
3.3    2.258E-01   3.331E+02
3.9    2.258E-01   3.331E+02
4.6    2.258E-01   3.331E+02
5.2    2.258E-01   3.331E+02
5.9    2.258E-01   3.331E+02
6.5    2.258E-01   3.331E+02
7.2    2.258E-01   3.331E+02
7.8    2.258E-01   3.331E+02
8.5    2.258E-01   3.331E+02
9.1    2.258E-01   3.331E+02
9.8    2.258E-01   3.331E+02
10.4   2.258E-01   3.331E+02
11.1   2.258E-01   3.331E+02
11.7   2.258E-01   3.331E+02
12.4   2.258E-01   3.331E+02
13.0   2.258E-01   3.331E+02
13.7   2.258E-01   3.331E+02
14.3   2.258E-01   3.331E+02
15.0   2.258E-01   3.331E+02
15.6   2.258E-01   3.331E+02
16.3   2.258E-01   3.331E+02
16.9   2.258E-01   3.331E+02
17.6   2.258E-01   3.331E+02
18.2   2.258E-01   3.331E+02
18.9   2.258E-01   3.331E+02
19.5   2.258E-01   3.331E+02
20.2   2.258E-01   3.331E+02
20.8   2.258E-01   3.331E+02
21.5   2.258E-01   3.331E+02
22.1   2.258E-01   3.331E+02
22.8   2.258E-01   3.331E+02
23.4   2.258E-01   3.331E+02
24.1   2.258E-01   3.331E+02
24.7   2.258E-01   3.331E+02
25.4   2.258E-01   3.331E+02
26.0   2.258E-01   3.331E+02
26.7   2.258E-01   3.331E+02
27.3   2.258E-01   3.331E+02
28.0   2.258E-01   3.331E+02
28.6   2.258E-01   3.331E+02
29.3   2.258E-01   3.331E+02
29.9   2.258E-01   3.331E+02
30.6   2.258E-01   3.331E+02
31.2   2.258E-01   3.331E+02
31.9   2.258E-01   3.331E+02
32.5   2.258E-01   3.331E+02
33.2   2.258E-01   3.331E+02
33.8   2.258E-01   3.331E+02
34.5   2.361E-01   3.331E+02
35.1   2.860E-01   3.331E+02
35.8   3.460E-01   3.330E+02
36.4   4.175E-01   3.330E+02
37.1   5.036E-01   3.329E+02
37.7   6.062E-01   3.328E+02
38.4   7.300E-01   3.327E+02
39.0   8.794E-01   3.326E+02
39.7   1.058E+00   3.325E+02
40.3   1.268E+00   3.323E+02
41.0   1.514E+00   3.321E+02
41.6   1.802E+00   3.319E+02
42.3   2.139E+00   3.317E+02
42.9   2.532E+00   3.314E+02
43.6   2.990E+00   3.311E+02
44.2   3.527E+00   3.307E+02
44.9   4.152E+00   3.302E+02
45.5   4.871E+00   3.297E+02
46.2   5.701E+00   3.291E+02
46.8   6.656E+00   3.284E+02
47.5   7.745E+00   3.275E+02
48.1   8.976E+00   3.266E+02
48.8   1.035E+01   3.256E+02
49.4   1.189E+01   3.245E+02
50.1   1.356E+01   3.233E+02
50.7   1.536E+01   3.219E+02
51.4   1.726E+01   3.205E+02
52.0   1.921E+01   3.191E+02
52.7   2.118E+01   3.176E+02
53.3   2.310E+01   3.162E+02
54.0   2.495E+01   3.149E+02
54.6   2.670E+01   3.136E+02
55.3   2.836E+01   3.123E+02
55.9   2.996E+01   3.112E+02
56.6   3.152E+01   3.100E+02
57.2   3.308E+01   3.088E+02
57.9   3.466E+01   3.077E+02
58.5   3.628E+01   3.065E+02
59.2   3.796E+01   3.053E+02
59.8   3.969E+01   3.040E+02
60.5   4.150E+01   3.026E+02
61.1   4.337E+01   3.013E+02
61.8   4.533E+01   2.998E+02
62.4   4.737E+01   2.983E+02
63.1   4.951E+01   2.967E+02
63.7   5.173E+01   2.951E+02
64.4   5.406E+01   2.934E+02
65.0   5.649E+01   2.916E+02
65.7   5.902E+01   2.897E+02
66.3   6.164E+01   2.878E+02
67.0   6.436E+01   2.858E+02
67.6   6.716E+01   2.837E+02
68.3   7.005E+01   2.816E+02
68.9   7.302E+01   2.794E+02
69.6   7.606E+01   2.771E+02
70.2   7.917E+01   2.748E+02
70.9   8.235E+01   2.725E+02
71.5   8.559E+01   2.701E+02
72.2   8.889E+01   2.677E+02
72.8   9.225E+01   2.652E+02
73.5   9.565E+01   2.627E+02
74.1   9.910E+01   2.601E+02
74.8   1.026E+02   2.575E+02
75.4   1.061E+02   2.550E+02
76.1   1.096E+02   2.524E+02
76.7   1.131E+02   2.498E+02
77.4   1.167E+02   2.472E+02
78.0   1.202E+02   2.446E+02
78.7   1.236E+02   2.420E+02
79.3   1.270E+02   2.395E+02
80.0   1.303E+02   2.371E+02
80.6   1.336E+02   2.347E+02
81.3   1.367E+02   2.323E+02
81.9   1.398E+02   2.301E+02
82.6   1.427E+02   2.279E+02
83.2   1.456E+02   2.258E+02
83.9   1.483E+02   2.238E+02
84.5   1.509E+02   2.219E+02
85.2   1.534E+02   2.200E+02
85.8   1.559E+02   2.182E+02
86.5   1.582E+02   2.165E+02
87.1   1.606E+02   2.148E+02
87.8   1.628E+02   2.131E+02
88.4   1.651E+02   2.114E+02
89.1   1.673E+02   2.098E+02
89.7   1.695E+02   2.082E+02
90.4   1.717E+02   2.065E+02
91.0   1.739E+02   2.049E+02
91.7   1.761E+02   2.033E+02
92.3   1.783E+02   2.016E+02
93.0   1.806E+02   2.000E+02
93.6   1.828E+02   1.984E+02
94.3   1.851E+02   1.967E+02
94.9   1.873E+02   1.950E+02
95.6   1.896E+02   1.933E+02
96.2   1.919E+02   1.916E+02
96.9   1.943E+02   1.899E+02
97.5   1.967E+02   1.881E+02
98.2   1.990E+02   1.864E+02
98.8   2.015E+02   1.846E+02
99.5   2.039E+02   1.828E+02
100.1  2.064E+02   1.810E+02
100.8  2.088E+02   1.791E+02
101.4  2.113E+02   1.773E+02
102.1  2.139E+02   1.754E+02
102.7  2.164E+02   1.735E+02
103.4  2.190E+02   1.716E+02
104.0  2.216E+02   1.697E+02
104.7  2.242E+02   1.678E+02
105.3  2.268E+02   1.658E+02
106.0  2.295E+02   1.639E+02
106.6  2.321E+02   1.619E+02
107.3  2.348E+02   1.600E+02
107.9  2.374E+02   1.580E+02
108.6  2.401E+02   1.561E+02
109.2  2.428E+02   1.541E+02
109.9  2.454E+02   1.521E+02
110.5  2.481E+02   1.502E+02
111.2  2.507E+02   1.482E+02
111.8  2.533E+02   1.463E+02
112.5  2.560E+02   1.444E+02
113.1  2.586E+02   1.424E+02
113.8  2.611E+02   1.405E+02
114.4  2.637E+02   1.386E+02
115.1  2.662E+02   1.368E+02
115.7  2.687E+02   1.349E+02
116.4  2.712E+02   1.331E+02
117.0  2.736E+02   1.313E+02
117.7  2.760E+02   1.295E+02
118.3  2.784E+02   1.278E+02
119.0  2.808E+02   1.260E+02
119.6  2.831E+02   1.243E+02
120.3  2.853E+02   1.227E+02
120.9  2.875E+02   1.210E+02
121.6  2.897E+02   1.194E+02
122.2  2.918E+02   1.179E+02
122.9  2.939E+02   1.163E+02
123.5  2.960E+02   1.148E+02
124.2  2.980E+02   1.133E+02
124.8  3.000E+02   1.118E+02
125.5  3.019E+02   1.104E+02
126.1  3.038E+02   1.090E+02
126.8  3.057E+02   1.076E+02
127.4  3.076E+02   1.063E+02
128.1  3.094E+02   1.049E+02
128.7  3.112E+02   1.036E+02
129.4  3.130E+02   1.023E+02
130.0  3.147E+02   1.010E+02
130.7  3.165E+02   9.968E+01
131.3  3.182E+02   9.841E+01
132.0  3.199E+02   9.714E+01
132.6  3.216E+02   9.589E+01
133.3  3.233E+02   9.464E+01
133.9  3.250E+02   9.340E+01
134.6  3.267E+02   9.217E+01
135.2  3.283E+02   9.094E+01
135.9  3.300E+02   8.972E+01
136.5  3.316E+02   8.850E+01
137.2  3.333E+02   8.728E+01
137.8  3.349E+02   8.606E+01
138.5  3.366E+02   8.485E+01
139.1  3.382E+02   8.364E+01
139.8  3.398E+02   8.243E+01
140.4  3.415E+02   8.122E+01
141.1  3.431E+02   8.002E+01
141.7  3.447E+02   7.882E+01
142.4  3.464E+02   7.761E+01
143.0  3.480E+02   7.641E+01
143.7  3.496E+02   7.521E+01
144.3  3.513E+02   7.401E+01
145.0  3.529E+02   7.282E+01
145.6  3.545E+02   7.163E+01
146.3  3.561E+02   7.044E+01
146.9  3.577E+02   6.925E+01
147.6  3.593E+02   6.806E+01
148.2  3.609E+02   6.688E+01
148.9  3.625E+02   6.570E+01
149.5  3.641E+02   6.453E+01
150.2  3.657E+02   6.336E+01
150.8  3.673E+02   6.219E+01
151.5  3.688E+02   6.103E+01
152.1  3.704E+02   5.988E+01
152.8  3.720E+02   5.873E+01
153.4  3.735E+02   5.758E+01
154.1  3.750E+02   5.645E+01
154.7  3.766E+02   5.532E+01
155.4  3.781E+02   5.421E+01
156.0  3.796E+02   5.310E+01
156.7  3.811E+02   5.200E+01
157.3  3.826E+02   5.091E+01
158.0  3.840E+02   4.984E+01
158.6  3.855E+02   4.877E+01
159.3  3.869E+02   4.772E+01
159.9  3.883E+02   4.668E+01
160.6  3.897E+02   4.566E+01
161.2  3.910E+02   4.465E+01
161.9  3.924E+02   4.365E+01
162.5  3.937E+02   4.268E+01
163.2  3.950E+02   4.171E+01
163.8  3.963E+02   4.077E+01
164.5  3.976E+02   3.984E+01
165.1  3.988E+02   3.893E+01
165.8  4.000E+02   3.803E+01
166.4  4.012E+02   3.715E+01
167.1  4.024E+02   3.629E+01
167.7  4.035E+02   3.545E+01
168.4  4.046E+02   3.463E+01
169.0  4.057E+02   3.382E+01
169.7  4.068E+02   3.302E+01
170.3  4.078E+02   3.225E+01
171.0  4.089E+02   3.149E+01
171.6  4.099E+02   3.074E+01
172.3  4.109E+02   3.001E+01
172.9  4.118E+02   2.929E+01
173.6  4.128E+02   2.859E+01
174.2  4.137E+02   2.789E+01
174.9  4.147E+02   2.722E+01
175.5  4.156E+02   2.655E+01
176.2  4.164E+02   2.589E+01
176.8  4.173E+02   2.525E+01
177.5  4.182E+02   2.462E+01
178.1  4.190E+02   2.399E+01
178.8  4.199E+02   2.338E+01
179.4  4.207E+02   2.277E+01
180.1  4.215E+02   2.217E+01
180.7  4.223E+02   2.158E+01
181.4  4.231E+02   2.100E+01
182.0  4.239E+02   2.042E+01
182.7  4.246E+02   1.986E+01
183.3  4.254E+02   1.929E+01
184.0  4.261E+02   1.874E+01
184.6  4.269E+02   1.819E+01
185.3  4.276E+02   1.765E+01
185.9  4.283E+02   1.711E+01
186.6  4.291E+02   1.658E+01
187.2  4.298E+02   1.605E+01
187.9  4.305E+02   1.553E+01
188.5  4.312E+02   1.502E+01
189.2  4.319E+02   1.451E+01
189.8  4.326E+02   1.400E+01
190.5  4.332E+02   1.350E+01
191.1  4.339E+02   1.300E+01
191.8  4.346E+02   1.251E+01
192.4  4.352E+02   1.203E+01
193.1  4.359E+02   1.155E+01
193.7  4.365E+02   1.108E+01
194.4  4.372E+02   1.061E+01
195.0  4.378E+02   1.015E+01
195.7  4.384E+02   9.696E+00
196.3  4.390E+02   9.249E+00
197.0  4.396E+02   8.810E+00
197.6  4.402E+02   8.379E+00
198.3  4.407E+02   7.957E+00
198.9  4.413E+02   7.544E+00
199.6  4.419E+02   7.142E+00
200.2  4.424E+02   6.749E+00
200.9  4.429E+02   6.368E+00
201.5  4.434E+02   5.998E+00
202.2  4.439E+02   5.640E+00
202.8  4.444E+02   5.295E+00
203.5  4.448E+02   4.962E+00
204.1  4.452E+02   4.643E+00
204.8  4.457E+02   4.337E+00
205.4  4.460E+02   4.045E+00
206.1  4.464E+02   3.767E+00
206.7  4.468E+02   3.503E+00
207.4  4.471E+02   3.254E+00
208.0  4.474E+02   3.018E+00
208.7  4.477E+02   2.796E+00
209.3  4.480E+02   2.587E+00
210.0  4.483E+02   2.392E+00
210.6  4.485E+02   2.209E+00
211.3  4.488E+02   2.039E+00
211.9  4.490E+02   1.879E+00
212.6  4.492E+02   1.730E+00
213.2  4.494E+02   1.591E+00
213.9  4.495E+02   1.464E+00
214.5  4.497E+02   1.347E+00
215.2  4.499E+02   1.238E+00
215.8  4.500E+02   1.137E+00
216.5  4.501E+02   1.045E+00
217.1  4.502E+02   9.593E-01
217.8  4.503E+02   8.812E-01
218.4  4.504E+02   8.092E-01
219.1  4.505E+02   7.427E-01
219.7  4.506E+02   6.809E-01
220.4  4.507E+02   6.245E-01
221.0  4.508E+02   5.731E-01
221.7  4.508E+02   5.266E-01
222.3  4.509E+02   4.839E-01
223.0  4.509E+02   4.447E-01
223.6  4.510E+02   4.089E-01
224.3  4.510E+02   3.762E-01
224.9  4.511E+02   3.461E-01
225.6  4.511E+02   3.186E-01
226.2  4.511E+02   2.935E-01
226.9  4.512E+02   2.707E-01
227.5  4.512E+02   2.499E-01
228.2  4.512E+02   2.309E-01
228.8  4.512E+02   2.137E-01
229.5  4.513E+02   1.979E-01
230.1  4.513E+02   1.836E-01
230.8  4.513E+02   1.705E-01
231.4  4.513E+02   1.585E-01
232.1  4.513E+02   1.474E-01
232.7  4.513E+02   1.373E-01
233.4  4.514E+02   1.282E-01
234.0  4.514E+02   1.201E-01
234.7  4.514E+02   1.127E-01
235.3  4.514E+02   1.059E-01
236.0  4.514E+02   9.978E-02
236.6  4.514E+02   9.418E-02
237.3  4.514E+02   8.902E-02
237.9  4.514E+02   8.428E-02
238.6  4.514E+02   7.997E-02
239.2  4.514E+02   7.607E-02
239.9  4.514E+02   7.251E-02
240.5  4.514E+02   6.924E-02
241.2  4.514E+02   6.626E-02
241.8  4.514E+02   6.354E-02
242.5  4.514E+02   6.108E-02
243.1  4.515E+02   5.886E-02
243.8  4.515E+02   5.683E-02
244.4  4.515E+02   5.498E-02
245.1  4.515E+02   5.329E-02
245.7  4.515E+02   5.178E-02
246.4  4.515E+02   5.039E-02
247.0  4.515E+02   4.911E-02
247.7  4.515E+02   4.792E-02
248.3  4.515E+02   4.681E-02
249.0  4.515E+02   4.586E-02
249.6  4.515E+02   4.501E-02
250.0  4.515E+02   4.453E-02



Variable Influent Data to Bed Number 8 is given below:
Time   Cin(1,T)    Cin(2, T)   Cin(3, T)   Cin(4, T)   Cin(5, T)   Cin(6, T)
(min)  (mg/L)      (mg/L)      (mg/L)      (mg/L)      (mg/L)      (mg/L)
0.0    2.258E-01   3.331E+02
0.7    2.258E-01   3.331E+02
1.3    2.258E-01   3.331E+02
2.0    2.258E-01   3.331E+02
2.6    2.258E-01   3.331E+02
3.3    2.258E-01   3.331E+02
3.9    2.258E-01   3.331E+02
4.6    2.258E-01   3.331E+02
5.2    2.258E-01   3.331E+02
5.9    2.258E-01   3.331E+02
6.5    2.258E-01   3.331E+02
7.2    2.258E-01   3.331E+02
7.8    2.258E-01   3.331E+02
8.5    2.258E-01   3.331E+02
9.1    2.258E-01   3.331E+02
9.8    2.258E-01   3.331E+02
10.4   2.258E-01   3.331E+02
11.1   2.258E-01   3.331E+02
11.7   2.258E-01   3.331E+02
12.4   2.258E-01   3.331E+02
13.0   2.258E-01   3.331E+02
13.7   2.258E-01   3.331E+02
14.3   2.258E-01   3.331E+02
15.0   2.258E-01   3.331E+02
15.6   2.258E-01   3.331E+02
16.3   2.258E-01   3.331E+02
16.9   2.258E-01   3.331E+02
17.6   2.258E-01   3.331E+02
18.2   2.258E-01   3.331E+02
18.9   2.258E-01   3.331E+02
19.5   2.258E-01   3.331E+02
20.2   2.258E-01   3.331E+02
20.8   2.258E-01   3.331E+02
21.5   2.258E-01   3.331E+02
22.1   2.258E-01   3.331E+02
22.8   2.258E-01   3.331E+02
23.4   2.258E-01   3.331E+02
24.1   2.258E-01   3.331E+02
24.7   2.258E-01   3.331E+02
25.4   2.258E-01   3.331E+02
26.0   2.258E-01   3.331E+02
26.7   2.258E-01   3.331E+02
27.3   2.258E-01   3.331E+02
28.0   2.258E-01   3.331E+02
28.6   2.258E-01   3.331E+02
29.3   2.258E-01   3.331E+02
29.9   2.258E-01   3.331E+02
30.6   2.258E-01   3.331E+02
31.2   2.258E-01   3.331E+02
31.9   2.258E-01   3.331E+02
32.5   2.258E-01   3.331E+02
33.2   2.258E-01   3.331E+02
33.8   2.258E-01   3.331E+02
34.5   2.258E-01   3.331E+02
35.1   2.258E-01   3.331E+02
35.8   2.258E-01   3.331E+02
36.4   2.258E-01   3.331E+02
37.1   2.258E-01   3.331E+02
37.7   2.258E-01   3.331E+02
38.4   2.258E-01   3.331E+02
39.0   2.258E-01   3.331E+02
39.7   2.258E-01   3.331E+02
40.3   2.258E-01   3.331E+02
41.0   2.258E-01   3.331E+02
41.6   2.258E-01   3.331E+02
42.3   2.258E-01   3.331E+02
42.9   2.258E-01   3.331E+02
43.6   2.258E-01   3.331E+02
44.2   2.258E-01   3.331E+02
44.9   2.258E-01   3.331E+02
45.5   2.258E-01   3.331E+02
46.2   2.258E-01   3.331E+02
46.8   2.258E-01   3.331E+02
47.5   2.258E-01   3.331E+02
48.1   2.258E-01   3.331E+02
48.8   2.258E-01   3.331E+02
49.4   2.413E-01   3.331E+02
50.1   2.858E-01   3.331E+02
50.7   3.381E-01   3.330E+02
51.4   3.999E-01   3.330E+02
52.0   4.725E-01   3.329E+02
52.7   5.579E-01   3.329E+02
53.3   6.592E-01   3.328E+02
54.0   7.790E-01   3.327E+02
54.6   9.197E-01   3.326E+02
55.3   1.083E+00   3.325E+02
55.9   1.271E+00   3.323E+02
56.6   1.488E+00   3.322E+02
57.2   1.738E+00   3.320E+02
57.9   2.028E+00   3.318E+02
58.5   2.360E+00   3.315E+02
59.2   2.743E+00   3.312E+02
59.8   3.186E+00   3.309E+02
60.5   3.696E+00   3.305E+02
61.1   4.278E+00   3.301E+02
61.8   4.942E+00   3.296E+02
62.4   5.699E+00   3.291E+02
63.1   6.560E+00   3.284E+02
63.7   7.528E+00   3.277E+02
64.4   8.610E+00   3.269E+02
65.0   9.814E+00   3.260E+02
65.7   1.114E+01   3.250E+02
66.3   1.258E+01   3.240E+02
67.0   1.412E+01   3.228E+02
67.6   1.575E+01   3.216E+02
68.3   1.743E+01   3.204E+02
68.9   1.914E+01   3.191E+02
69.6   2.083E+01   3.179E+02
70.2   2.247E+01   3.167E+02
70.9   2.405E+01   3.155E+02
71.5   2.557E+01   3.144E+02
72.2   2.702E+01   3.133E+02
72.8   2.843E+01   3.123E+02
73.5   2.984E+01   3.112E+02
74.1   3.125E+01   3.102E+02
74.8   3.268E+01   3.091E+02
75.4   3.416E+01   3.081E+02
76.1   3.568E+01   3.069E+02
76.7   3.726E+01   3.058E+02
77.4   3.890E+01   3.046E+02
78.0   4.060E+01   3.033E+02
78.7   4.238E+01   3.020E+02
79.3   4.422E+01   3.006E+02
80.0   4.615E+01   2.992E+02
80.6   4.816E+01   2.977E+02
81.3   5.026E+01   2.962E+02
81.9   5.244E+01   2.946E+02
82.6   5.472E+01   2.929E+02
83.2   5.708E+01   2.911E+02
83.9   5.954E+01   2.893E+02
84.5   6.207E+01   2.875E+02
85.2   6.468E+01   2.855E+02
85.8   6.737E+01   2.835E+02
86.5   7.012E+01   2.815E+02
87.1   7.294E+01   2.794E+02
87.8   7.583E+01   2.773E+02
88.4   7.879E+01   2.751E+02
89.1   8.181E+01   2.729E+02
89.7   8.488E+01   2.706E+02
90.4   8.801E+01   2.683E+02
91.0   9.118E+01   2.660E+02
91.7   9.441E+01   2.636E+02
92.3   9.767E+01   2.612E+02
93.0   1.010E+02   2.587E+02
93.6   1.043E+02   2.563E+02
94.3   1.076E+02   2.538E+02
94.9   1.110E+02   2.514E+02
95.6   1.143E+02   2.489E+02
96.2   1.176E+02   2.464E+02
96.9   1.209E+02   2.440E+02
97.5   1.242E+02   2.416E+02
98.2   1.273E+02   2.393E+02
98.8   1.305E+02   2.370E+02
99.5   1.335E+02   2.347E+02
100.1  1.364E+02   2.326E+02
100.8  1.393E+02   2.304E+02
101.4  1.421E+02   2.284E+02
102.1  1.448E+02   2.264E+02
102.7  1.474E+02   2.245E+02
103.4  1.499E+02   2.226E+02
104.0  1.524E+02   2.208E+02
104.7  1.548E+02   2.190E+02
105.3  1.571E+02   2.173E+02
106.0  1.595E+02   2.156E+02
106.6  1.618E+02   2.139E+02
107.3  1.641E+02   2.122E+02
107.9  1.663E+02   2.105E+02
108.6  1.686E+02   2.088E+02
109.2  1.709E+02   2.071E+02
109.9  1.732E+02   2.054E+02
110.5  1.755E+02   2.037E+02
111.2  1.778E+02   2.020E+02
111.8  1.802E+02   2.003E+02
112.5  1.825E+02   1.985E+02
113.1  1.849E+02   1.968E+02
113.8  1.873E+02   1.950E+02
114.4  1.897E+02   1.933E+02
115.1  1.921E+02   1.915E+02
115.7  1.946E+02   1.897E+02
116.4  1.970E+02   1.878E+02
117.0  1.995E+02   1.860E+02
117.7  2.020E+02   1.841E+02
118.3  2.046E+02   1.823E+02
119.0  2.071E+02   1.804E+02
119.6  2.097E+02   1.785E+02
120.3  2.123E+02   1.766E+02
120.9  2.149E+02   1.746E+02
121.6  2.175E+02   1.727E+02
122.2  2.202E+02   1.708E+02
122.9  2.228E+02   1.688E+02
123.5  2.255E+02   1.668E+02
124.2  2.282E+02   1.648E+02
124.8  2.309E+02   1.629E+02
125.5  2.336E+02   1.609E+02
126.1  2.363E+02   1.589E+02
126.8  2.390E+02   1.569E+02
127.4  2.417E+02   1.549E+02
128.1  2.444E+02   1.529E+02
128.7  2.470E+02   1.509E+02
129.4  2.497E+02   1.490E+02
130.0  2.524E+02   1.470E+02
130.7  2.550E+02   1.450E+02
131.3  2.577E+02   1.431E+02
132.0  2.603E+02   1.412E+02
132.6  2.628E+02   1.393E+02
133.3  2.654E+02   1.374E+02
133.9  2.679E+02   1.355E+02
134.6  2.704E+02   1.337E+02
135.2  2.729E+02   1.318E+02
135.9  2.753E+02   1.301E+02
136.5  2.777E+02   1.283E+02
137.2  2.801E+02   1.266E+02
137.8  2.824E+02   1.248E+02
138.5  2.847E+02   1.232E+02
139.1  2.869E+02   1.215E+02
139.8  2.891E+02   1.199E+02
140.4  2.912E+02   1.183E+02
141.1  2.934E+02   1.167E+02
141.7  2.954E+02   1.152E+02
142.4  2.975E+02   1.137E+02
143.0  2.994E+02   1.123E+02
143.7  3.014E+02   1.108E+02
144.3  3.033E+02   1.094E+02
145.0  3.052E+02   1.080E+02
145.6  3.071E+02   1.066E+02
146.3  3.089E+02   1.053E+02
146.9  3.107E+02   1.039E+02
147.6  3.125E+02   1.026E+02
148.2  3.143E+02   1.013E+02
148.9  3.160E+02   1.000E+02
149.5  3.177E+02   9.875E+01
150.2  3.195E+02   9.748E+01
150.8  3.212E+02   9.622E+01
151.5  3.229E+02   9.497E+01
152.1  3.245E+02   9.373E+01
152.8  3.262E+02   9.250E+01
153.4  3.279E+02   9.126E+01
154.1  3.295E+02   9.004E+01
154.7  3.312E+02   8.881E+01
155.4  3.329E+02   8.759E+01
156.0  3.345E+02   8.638E+01
156.7  3.361E+02   8.516E+01
157.3  3.378E+02   8.395E+01
158.0  3.394E+02   8.274E+01
158.6  3.411E+02   8.153E+01
159.3  3.427E+02   8.032E+01
159.9  3.443E+02   7.912E+01
160.6  3.460E+02   7.792E+01
161.2  3.476E+02   7.672E+01
161.9  3.492E+02   7.551E+01
162.5  3.508E+02   7.432E+01
163.2  3.525E+02   7.312E+01
163.8  3.541E+02   7.192E+01
164.5  3.557E+02   7.073E+01
165.1  3.573E+02   6.954E+01
165.8  3.589E+02   6.836E+01
166.4  3.605E+02   6.717E+01
167.1  3.621E+02   6.599E+01
167.7  3.637E+02   6.482E+01
168.4  3.653E+02   6.365E+01
169.0  3.669E+02   6.248E+01
169.7  3.685E+02   6.132E+01
170.3  3.700E+02   6.016E+01
171.0  3.716E+02   5.901E+01
171.6  3.731E+02   5.787E+01
172.3  3.747E+02   5.673E+01
172.9  3.762E+02   5.560E+01
173.6  3.777E+02   5.448E+01
174.2  3.792E+02   5.337E+01
174.9  3.807E+02   5.227E+01
175.5  3.822E+02   5.118E+01
176.2  3.836E+02   5.010E+01
176.8  3.851E+02   4.903E+01
177.5  3.865E+02   4.798E+01
178.1  3.879E+02   4.694E+01
178.8  3.893E+02   4.591E+01
179.4  3.907E+02   4.490E+01
180.1  3.921E+02   4.390E+01
180.7  3.934E+02   4.292E+01
181.4  3.947E+02   4.195E+01
182.0  3.960E+02   4.100E+01
182.7  3.972E+02   4.007E+01
183.3  3.985E+02   3.915E+01
184.0  3.997E+02   3.825E+01
184.6  4.009E+02   3.737E+01
185.3  4.021E+02   3.650E+01
185.9  4.032E+02   3.566E+01
186.6  4.043E+02   3.483E+01
187.2  4.054E+02   3.401E+01
187.9  4.065E+02   3.322E+01
188.5  4.076E+02   3.244E+01
189.2  4.086E+02   3.167E+01
189.8  4.096E+02   3.092E+01
190.5  4.106E+02   3.018E+01
191.1  4.116E+02   2.946E+01
191.8  4.126E+02   2.876E+01
192.4  4.135E+02   2.806E+01
193.1  4.144E+02   2.738E+01
193.7  4.153E+02   2.671E+01
194.4  4.162E+02   2.605E+01
195.0  4.171E+02   2.541E+01
195.7  4.180E+02   2.477E+01
196.3  4.188E+02   2.414E+01
197.0  4.197E+02   2.353E+01
197.6  4.205E+02   2.292E+01
198.3  4.213E+02   2.232E+01
198.9  4.221E+02   2.172E+01
199.6  4.229E+02   2.114E+01
200.2  4.237E+02   2.056E+01
200.9  4.244E+02   1.999E+01
201.5  4.252E+02   1.943E+01
202.2  4.260E+02   1.887E+01
202.8  4.267E+02   1.832E+01
203.5  4.274E+02   1.778E+01
204.1  4.282E+02   1.724E+01
204.8  4.289E+02   1.671E+01
205.4  4.296E+02   1.618E+01
206.1  4.303E+02   1.566E+01
206.7  4.310E+02   1.514E+01
207.4  4.317E+02   1.463E+01
208.0  4.324E+02   1.412E+01
208.7  4.331E+02   1.362E+01
209.3  4.338E+02   1.312E+01
210.0  4.344E+02   1.263E+01
210.6  4.351E+02   1.215E+01
211.3  4.357E+02   1.167E+01
211.9  4.364E+02   1.119E+01
212.6  4.370E+02   1.072E+01
213.2  4.376E+02   1.026E+01
213.9  4.383E+02   9.801E+00
214.5  4.389E+02   9.354E+00
215.2  4.395E+02   8.915E+00
215.8  4.400E+02   8.483E+00
216.5  4.406E+02   8.059E+00
217.1  4.412E+02   7.643E+00
217.8  4.417E+02   7.238E+00
218.4  4.423E+02   6.844E+00
219.1  4.428E+02   6.459E+00
219.7  4.433E+02   6.086E+00
220.4  4.438E+02   5.725E+00
221.0  4.442E+02   5.376E+00
221.7  4.447E+02   5.040E+00
222.3  4.451E+02   4.718E+00
223.0  4.456E+02   4.409E+00
223.6  4.460E+02   4.114E+00
224.3  4.463E+02   3.833E+00
224.9  4.467E+02   3.566E+00
225.6  4.470E+02   3.313E+00
226.2  4.474E+02   3.074E+00
226.9  4.477E+02   2.848E+00
227.5  4.480E+02   2.636E+00
228.2  4.482E+02   2.437E+00
228.8  4.485E+02   2.251E+00
229.5  4.487E+02   2.078E+00
230.1  4.489E+02   1.916E+00
230.8  4.491E+02   1.765E+00
231.4  4.493E+02   1.626E+00
232.1  4.495E+02   1.496E+00
232.7  4.497E+02   1.375E+00
233.4  4.498E+02   1.264E+00
234.0  4.500E+02   1.162E+00
234.7  4.501E+02   1.067E+00
235.3  4.502E+02   9.802E-01
236.0  4.503E+02   9.001E-01
236.6  4.504E+02   8.265E-01
237.3  4.505E+02   7.588E-01
237.9  4.506E+02   6.965E-01
238.6  4.507E+02   6.391E-01
239.2  4.507E+02   5.865E-01
239.9  4.508E+02   5.386E-01
240.5  4.509E+02   4.953E-01
241.2  4.509E+02   4.562E-01
241.8  4.510E+02   4.198E-01
242.5  4.510E+02   3.860E-01
243.1  4.510E+02   3.543E-01
243.8  4.511E+02   3.257E-01
244.4  4.511E+02   2.995E-01
245.1  4.512E+02   2.759E-01
245.7  4.512E+02   2.543E-01
246.4  4.512E+02   2.346E-01
247.0  4.512E+02   2.168E-01
247.7  4.513E+02   2.007E-01
248.3  4.513E+02   1.861E-01
249.0  4.513E+02   1.730E-01
249.6  4.513E+02   1.611E-01
250.0  4.513E+02   1.544E-01
