       75070,       6.111126989172799,     416.500480498348000
       75058,      14.717433970072000,    6293.593949457100000
       62533,       8.741929192762949,    1538.269322668155000
       71432,       2.223474294840780,    -514.243080863934000
       92524,       3.331765148123140,      79.888174513869980
      106990,       4.751378796794800,    -262.743886524260000
       75150,      11.449780469977000,    2940.427984118900000
       56235,       9.855629141153500,    1723.271169305300000
      108907,       4.935355163133850,     190.225706904245000
       67663,       9.920475714534399,    1670.732769311000000
       95487,       8.036147425635221,     965.570193710674100
      106445,       8.036147425635221,     965.570193710674100
       98828,       1.267592467579850,    -639.277218295669100
      106467,       7.647236031426920,     894.694494672424000
      100414,       2.774435098441550,    -242.216420150207000
       75003,       5.035032512524100,      11.808602646601000
      106934,       6.942060716848310,     966.424661707136000
      107062,       4.293135156134400,     -42.643764303194000
       75218,       2.893648860260920,  6.955156001743799E-001
       75343,       5.708682653770699,     341.042139347648000
      110543,       5.718935318711219,     304.549063974908000
       67561,       8.645895076620601,     802.149380278670000
       74839,       6.373993930431700,     456.770792057138000
       71556,       5.318170410797300,     249.700727347228000
       78933,       8.892065380131955,    1474.789683686026000
       74884,       7.119560846436000,     732.545543210598000
       75092,       9.912589358475200,    1563.414508197100000
       91203,       2.590607049842880,     251.302534801848000
      108952,       6.909812604519750,     616.427131938014900
       78875,      10.790518197028900,    3018.755569870201000
      100425,       4.041571972458970,     -91.427856005195010
      127184,       6.442916611364401,     732.072226292429900
      108883,       3.349809115956250,    -165.100019091275000
       95534,       9.868264013878420,    1887.412384440814000
      120821,      10.359116899719990,    1599.163282440603000
      540841,       5.408318826380356,     292.994984871457000
       95476,       4.476143937071720,     184.043042681384000
      108383,       4.476143937071720,     184.043042681384000
      106423,       4.476143937071720,     184.043042681384000
       75047,       4.782709037250900,     -71.884059794222000
      124403,       3.060974859802640,    -366.056508961412000
       64197,       7.581394490392700,    1172.489442048998000
      107186,       7.804241986573155,     731.016626608288100
      106978,       5.747932593812510,     185.405016785652000
      106989,       5.249655695303655,     -38.669434869304010
       60297,       5.106499118745234,      60.945177661490010
      107153,       3.788488205588000,    -210.029089184840000
      646048,       5.694572870770740,     252.414910381184000
      627203,       5.694572870770740,     252.414910381184000
      107120,      17.684392599130900,    8555.788495255798000
      109922,       4.608222220236380,    -163.129273993466000
      629141,       4.436068368576670,      55.629385726584000
      120127,       2.957739804844980,    1016.848150467630000
