 PASS:   500001
  FRAG #        A              B      
 -------  -------------  -------------

 0.245666530547D+01,-.565886309576D+00
 0.218531973301D+00,0.985782611063D+00
 -.157160591488D+01,0.289056590600D+01
 -.371403895753D+01,0.435893770260D+01
 0.280467990462D+01,0.189089392158D+00
 0.176768635749D+01,0.374881269422D+01
 0.148961435205D+01,0.303956353344D+01
 -.979866397387D+00,0.435391637264D+01
 -.216689924435D+01,0.766412871022D+01
 0.969893316296D+00,0.615421863864D+00
 -.177520301337D+01,-.509768996823D+00
 0.126290152283D+01,0.150237120397D+01
 -.549472697720D+00,0.371313262958D+01
 -.260582639172D+01,0.512989362095D+01
 0.381620878516D+01,0.399542484723D+01
 0.816361798886D+01,0.619618474293D+01
 0.000000000000D+00,0.000000000000D+00
 0.303493655182D+01,0.689112165850D+01
 0.367022408851D+01,0.313896976974D+01
 0.297162544500D+01,0.678161234524D+01
 0.322442489198D+01,0.171406101378D+01
 0.429978148051D+01,0.418325294657D+01
 0.149945537660D+01,0.478992541381D+01
 0.425133768718D+01,0.351962116448D+01
 0.262752913925D+01,0.169283273548D-01
 0.920753016032D+00,0.240455529811D+01
 -.858122439914D+00,0.428355068318D+01
 0.000000000000D+00,0.000000000000D+00
 0.000000000000D+00,0.000000000000D+00
 0.339784775302D+01,0.232080066751D+01
 0.559046278295D+01,0.101331017923D+02
 -.131781746472D+01,-.602218895901D+01
 0.211090482807D+00,0.147248734826D+01
 -.700133376774D+00,0.491822712414D+01
 -.423085219327D+01,-.958473038530D+01
 -.241826599171D+01,0.177370647157D+01
 0.258084688598D+01,0.574808341845D+01
 0.755074042304D+01,0.645078956909D+01
 0.490620467576D+01,0.735948800452D+01
 0.353357593444D+01,0.990002078506D+01
 0.773484052413D+01,0.577861480339D+01
 0.533166703594D+01,0.740506671838D+01
 0.341030188477D+01,0.459086358665D+01
 0.758583556861D+01,0.606339684898D+01
 0.350673965285D+01,0.235648483542D+01
 0.141733285224D+01,0.357060991563D+01
 -.293414093014D+00,0.552016300997D+01
 0.771291514585D+01,0.463342305310D+01
 0.368657495032D+01,0.319267809868D+01
 0.221404699729D+00,-.782878069985D+01
 0.755210032457D+01,0.491667961179D+01
 0.402423215894D+01,0.414655540304D+01
 0.749286748550D+01,0.520078145261D+01
 0.145613453160D+01,0.205843640365D+01
 0.000000000000D+00,0.000000000000D+00
 0.000000000000D+00,0.000000000000D+00
 0.000000000000D+00,0.000000000000D+00
 0.000000000000D+00,0.000000000000D+00
 0.751328890253D+01,0.445047769388D+01
 0.000000000000D+00,0.000000000000D+00
 0.328194992407D+01,0.215436231858D+01
 0.000000000000D+00,0.000000000000D+00
 0.778234283780D+01,0.105346248987D+02
 0.300134900649D+01,0.190983925413D+01
 0.299741928676D+01,0.141875658484D+01
 0.401304725388D+01,0.209366368434D+01
 0.176022590535D+01,0.386126754400D+01
 0.000000000000D+00,0.000000000000D+00
 0.756005983262D+01,0.536441553332D+01
 0.259662168604D+01,0.365079838591D-01
 0.131105749662D+01,0.984587330202D+00
 0.000000000000D+00,0.000000000000D+00
 0.000000000000D+00,0.000000000000D+00
 0.354441172784D+01,0.711071817804D+00
 -.786420144136D+00,-.315937483713D+01
 0.000000000000D+00,0.000000000000D+00
 0.100315092333D+01,0.419889465377D+01
 0.000000000000D+00,0.000000000000D+00
 0.000000000000D+00,0.000000000000D+00
 0.000000000000D+00,0.000000000000D+00
 -.763646593629D+01,-.538523403851D+00
 0.000000000000D+00,0.000000000000D+00
 0.000000000000D+00,0.000000000000D+00
 -.271242594834D+01,0.398863531189D+01
 0.000000000000D+00,0.000000000000D+00
 0.762665312599D+01,0.407863273525D+01
 0.417761209797D+01,0.335772763415D+01
 0.777904695450D+01,0.394847428477D+01
 0.402519161329D+01,0.276891095873D+01
 0.335137098202D+01,0.102798297541D+01
 0.000000000000D+00,0.000000000000D+00
 0.000000000000D+00,0.000000000000D+00
 0.000000000000D+00,0.000000000000D+00
 0.000000000000D+00,0.000000000000D+00
 0.000000000000D+00,0.000000000000D+00
 0.000000000000D+00,0.000000000000D+00
 0.000000000000D+00,0.000000000000D+00
 0.000000000000D+00,0.000000000000D+00
 0.000000000000D+00,0.000000000000D+00
 0.000000000000D+00,0.000000000000D+00
 0.000000000000D+00,0.000000000000D+00
 0.393091051427D+01,0.323093102167D+01
 0.212073011447D+01,0.341884606361D+01
 0.000000000000D+00,0.000000000000D+00
 0.000000000000D+00,0.000000000000D+00
 0.757466737287D+01,0.559044744014D+01
 0.519713574153D+01,0.716700686701D+01
 0.000000000000D+00,0.000000000000D+00
 0.695308152157D+00,0.793880146903D-01
 0.746983714193D-01,0.277521048416D+01
 0.443651397874D+00,0.647652446287D+01
 0.385495118012D+01,0.334941226871D+01
 -.423764834301D+01,-.596804312765D+01
 0.152204510276D+01,-.171031414123D+01
 0.435772648950D+01,0.469166616737D+01
