'CAS#','Formula','RG','MX','G1','N1','G2','N2','G3','N3','G4','N4','G5','N5','G6','N6','G7','N7','G8','N8','G9','N9','G10','N10'
50215,'C3H6O3',0,4,43,1,15,1,3,1,1,1,0,0,0,0,0,0,0,0,0,0,0,0
50293,'C14H9Cl5',2,5,54,2,52,1,14,1,11,1,10,8,0,0,0,0,0,0,0,0,0,0
50328,'C20H12',5,2,11,8,10,12,0,0,0,0,0,0,0,0,0,0,0,0,0,0,0,0
50704,'C6H14O6',0,3,15,6,3,4,2,2,0,0,0,0,0,0,0,0,0,0,0,0,0,0
51285,'C6H4N2O5',1,3,58,2,18,1,10,3,0,0,0,0,0,0,0,0,0,0,0,0,0,0
53703,'C22H14',5,2,11,8,10,14,0,0,0,0,0,0,0,0,0,0,0,0,0,0,0,0
56235,'C1Cl4',0,1,53,1,0,0,0,0,0,0,0,0,0,0,0,0,0,0,0,0,0,0
56495,'C21H16',5,4,13,2,12,1,11,6,10,9,0,0,0,0,0,0,0,0,0,0,0,0
56531,'C18H20O2',2,6,18,2,11,2,10,8,9,1,2,2,1,2,0,0,0,0,0,0,0,0
56553,'C18H12',4,2,11,6,10,12,0,0,0,0,0,0,0,0,0,0,0,0,0,0,0,0
56815,'C3H8O3',0,3,15,3,3,1,2,2,0,0,0,0,0,0,0,0,0,0,0,0,0,0
56860,'C5H9N1O4',0,3,43,2,31,1,2,2,0,0,0,0,0,0,0,0,0,0,0,0,0,0
56871,'C6H14N2O2',0,4,43,1,31,1,30,1,2,3,0,0,0,0,0,0,0,0,0,0,0,0
57103,'C16H32O2',0,3,43,1,2,14,1,1,0,0,0,0,0,0,0,0,0,0,0,0,0,0
57114,'C18H36O2',0,3,43,1,2,16,1,1,0,0,0,0,0,0,0,0,0,0,0,0,0,0
57556,'C3H8O2',0,4,15,2,3,1,2,1,1,1,0,0,0,0,0,0,0,0,0,0,0,0
57578,'C3H4O2',1,2,23,1,2,1,0,0,0,0,0,0,0,0,0,0,0,0,0,0,0,0
57976,'C20H16',4,3,12,2,11,6,10,10,0,0,0,0,0,0,0,0,0,0,0,0,0,0
58720,'C20H16',3,3,11,3,10,15,8,1,0,0,0,0,0,0,0,0,0,0,0,0,0,0
58899,'C6H6Cl6',1,1,46,6,0,0,0,0,0,0,0,0,0,0,0,0,0,0,0,0,0,0
58902,'C6H2Cl4O1',1,3,54,4,18,1,10,1,0,0,0,0,0,0,0,0,0,0,0,0,0,0
59507,'C7H7Cl1O1',1,4,54,1,18,1,12,1,10,3,0,0,0,0,0,0,0,0,0,0,0,0
59676,'C6H5N1O2',1,2,43,1,39,1,0,0,0,0,0,0,0,0,0,0,0,0,0,0,0,0
60128,'C8H10O1',1,4,15,1,13,1,10,5,2,1,0,0,0,0,0,0,0,0,0,0,0,0
60297,'C4H10O1',0,3,26,1,2,1,1,2,0,0,0,0,0,0,0,0,0,0,0,0,0,0
60333,'C18H32O2',0,4,43,1,6,2,2,12,1,1,0,0,0,0,0,0,0,0,0,0,0,0
60571,'C12H8Cl6O1',5,7,70,2,50,1,47,2,27,1,9,1,3,5,2,1,0,0,0,0,0,0
62533,'C6H7N1',1,2,37,1,10,5,0,0,0,0,0,0,0,0,0,0,0,0,0,0,0,0
64175,'C2H6O1',0,3,15,1,2,1,1,1,0,0,0,0,0,0,0,0,0,0,0,0,0,0
64186,'C1H2O2',0,1,44,1,0,0,0,0,0,0,0,0,0,0,0,0,0,0,0,0,0,0
64197,'C2H4O2',0,2,43,1,1,1,0,0,0,0,0,0,0,0,0,0,0,0,0,0,0,0
65850,'C7H6O2',1,3,43,1,11,1,10,5,0,0,0,0,0,0,0,0,0,0,0,0,0,0
66251,'C6H12O1',0,3,21,1,2,4,1,1,0,0,0,0,0,0,0,0,0,0,0,0,0,0
66568,'C6H4O5N2',1,3,58,2,18,1,10,3,0,0,0,0,0,0,0,0,0,0,0,0,0,0
67561,'C1H4O1',0,1,16,1,0,0,0,0,0,0,0,0,0,0,0,0,0,0,0,0,0,0
67630,'C3H8O1',0,3,15,1,3,1,1,2,0,0,0,0,0,0,0,0,0,0,0,0,0,0
67641,'C3H6O1',0,2,19,1,1,1,0,0,0,0,0,0,0,0,0,0,0,0,0,0,0,0
67663,'C1H1Cl3',0,1,51,1,0,0,0,0,0,0,0,0,0,0,0,0,0,0,0,0,0,0
67685,'C2H6O1S1',0,1,68,1,0,0,0,0,0,0,0,0,0,0,0,0,0,0,0,0,0,0
67721,'C2Cl6',0,1,52,2,0,0,0,0,0,0,0,0,0,0,0,0,0,0,0,0,0,0
68111,'C2H4O2S1',0,2,61,1,43,1,0,0,0,0,0,0,0,0,0,0,0,0,0,0,0,0
68122,'C3H7N1O1',0,1,72,1,0,0,0,0,0,0,0,0,0,0,0,0,0,0,0,0,0,0
69727,'C7H6O3',1,4,43,1,18,1,11,1,10,4,0,0,0,0,0,0,0,0,0,0,0,0
70304,'C13H6Cl6O2',2,5,54,6,18,2,13,1,11,1,10,2,0,0,0,0,0,0,0,0,0,0
71238,'C3H8O1',0,3,15,1,2,2,1,1,0,0,0,0,0,0,0,0,0,0,0,0,0,0
71363,'C4H10O1',0,3,15,1,2,3,1,1,0,0,0,0,0,0,0,0,0,0,0,0,0,0
71410,'C5H12O1',0,3,15,1,2,4,1,1,0,0,0,0,0,0,0,0,0,0,0,0,0,0
71432,'C6H6',1,1,10,6,0,0,0,0,0,0,0,0,0,0,0,0,0,0,0,0,0,0
71556,'C2H3Cl3',0,2,52,1,1,1,0,0,0,0,0,0,0,0,0,0,0,0,0,0,0,0
72548,'C14H10Cl4',2,5,54,2,49,1,14,1,11,1,10,8,0,0,0,0,0,0,0,0,0,0
72559,'C14H8Cl4',2,5,70,2,54,2,11,2,10,8,9,1,0,0,0,0,0,0,0,0,0,0
74839,'C1H3Br1',0,2,65,1,1,1,0,0,0,0,0,0,0,0,0,0,0,0,0,0,0,0
74840,'C2H6',0,1,1,2,0,0,0,0,0,0,0,0,0,0,0,0,0,0,0,0,0,0
74884,'C1H3I1',0,2,64,1,1,1,0,0,0,0,0,0,0,0,0,0,0,0,0,0,0,0
74895,'C1H5N1',0,1,29,1,0,0,0,0,0,0,0,0,0,0,0,0,0,0,0,0,0,0
74931,'C1H4S1',0,1,60,1,0,0,0,0,0,0,0,0,0,0,0,0,0,0,0,0,0,0
74953,'C1H2Br2',0,2,65,2,2,1,0,0,0,0,0,0,0,0,0,0,0,0,0,0,0,0
74964,'C2H5Br1',0,3,65,1,2,1,1,1,0,0,0,0,0,0,0,0,0,0,0,0,0,0
74975,'C1H2Br1Cl1',0,2,65,1,45,1,0,0,0,0,0,0,0,0,0,0,0,0,0,0,0,0
74986,'C3H8',0,2,2,1,1,2,0,0,0,0,0,0,0,0,0,0,0,0,0,0,0,0
74997,'C3H4',0,2,66,1,1,1,0,0,0,0,0,0,0,0,0,0,0,0,0,0,0,0
75003,'C2H5Cl1',0,2,45,1,1,1,0,0,0,0,0,0,0,0,0,0,0,0,0,0,0,0
75014,'C2H3Cl1',0,2,70,1,5,1,0,0,0,0,0,0,0,0,0,0,0,0,0,0,0,0
75036,'C2H5I1',0,3,64,1,2,1,1,1,0,0,0,0,0,0,0,0,0,0,0,0,0,0
75047,'C2H7N1',0,2,30,1,1,1,0,0,0,0,0,0,0,0,0,0,0,0,0,0,0,0
75058,'C2H3N1',0,1,41,1,0,0,0,0,0,0,0,0,0,0,0,0,0,0,0,0,0,0
75070,'C2H4O1',0,2,21,1,1,1,0,0,0,0,0,0,0,0,0,0,0,0,0,0,0,0
75081,'C2H6S1',0,2,61,1,1,1,0,0,0,0,0,0,0,0,0,0,0,0,0,0,0,0
75092,'C1H2Cl2',0,1,48,1,0,0,0,0,0,0,0,0,0,0,0,0,0,0,0,0,0,0
75116,'C1H2I2',0,2,64,2,2,1,0,0,0,0,0,0,0,0,0,0,0,0,0,0,0,0
75150,'C1S2',0,1,59,1,0,0,0,0,0,0,0,0,0,0,0,0,0,0,0,0,0,0
75194,'C3H6',1,1,2,3,0,0,0,0,0,0,0,0,0,0,0,0,0,0,0,0,0,0
75218,'C2H4O1',1,2,26,1,2,1,0,0,0,0,0,0,0,0,0,0,0,0,0,0,0,0
75252,'C1H1Br3',0,2,65,3,3,1,0,0,0,0,0,0,0,0,0,0,0,0,0,0,0,0
75263,'C3H7Br1',0,3,65,1,3,1,1,2,0,0,0,0,0,0,0,0,0,0,0,0,0,0
75274,'C1H1Br1Cl2',0,2,65,1,49,1,0,0,0,0,0,0,0,0,0,0,0,0,0,0,0,0
75285,'C4H10',0,2,3,1,1,3,0,0,0,0,0,0,0,0,0,0,0,0,0,0,0,0
75296,'C3H7Cl1',0,2,46,1,1,2,0,0,0,0,0,0,0,0,0,0,0,0,0,0,0,0
75309,'C3H7I1',0,3,64,1,3,1,1,2,0,0,0,0,0,0,0,0,0,0,0,0,0,0
75310,'C3H9N1',0,2,31,1,1,2,0,0,0,0,0,0,0,0,0,0,0,0,0,0,0,0
75343,'C2H4Cl2',0,2,49,1,1,1,0,0,0,0,0,0,0,0,0,0,0,0,0,0,0,0
75354,'C2H2Cl2',0,2,70,2,7,1,0,0,0,0,0,0,0,0,0,0,0,0,0,0,0,0
75434,'C1H1Cl2F1',0,1,88,1,0,0,0,0,0,0,0,0,0,0,0,0,0,0,0,0,0,0
505602,'C4H8Cl2S1',0,3,103,1,45,2,2,1,0,0,0,0,0,0,0,0,0,0,0,0,0,0
75456,'C1H1Cl1F2',0,1,91,1,0,0,0,0,0,0,0,0,0,0,0,0,0,0,0,0,0,0
75478,'C1H1I3',0,2,64,3,3,1,0,0,0,0,0,0,0,0,0,0,0,0,0,0,0,0
75503,'C3H9N1',0,2,35,1,1,2,0,0,0,0,0,0,0,0,0,0,0,0,0,0,0,0
75525,'C1H3N1O2',0,1,55,1,0,0,0,0,0,0,0,0,0,0,0,0,0,0,0,0,0,0
75558,'C3H7N1',1,3,34,1,2,1,1,1,0,0,0,0,0,0,0,0,0,0,0,0,0,0
75569,'C3H6O1',1,3,26,1,3,1,1,1,0,0,0,0,0,0,0,0,0,0,0,0,0,0
75616,'C1Br2F2',0,2,75,1,65,2,0,0,0,0,0,0,0,0,0,0,0,0,0,0,0,0
75627,'C1Br1Cl3',0,2,65,1,52,1,0,0,0,0,0,0,0,0,0,0,0,0,0,0,0,0
75638,'C1Br1F3',0,2,74,1,65,1,0,0,0,0,0,0,0,0,0,0,0,0,0,0,0,0
75650,'C4H10O1',0,3,15,1,4,1,1,3,0,0,0,0,0,0,0,0,0,0,0,0,0,0
75694,'C1Cl3F1',0,1,86,1,0,0,0,0,0,0,0,0,0,0,0,0,0,0,0,0,0,0
75718,'C1Cl2F2',0,1,93,1,0,0,0,0,0,0,0,0,0,0,0,0,0,0,0,0,0,0
75729,'C1Cl1F3',0,1,92,1,0,0,0,0,0,0,0,0,0,0,0,0,0,0,0,0,0,0
75832,'C6H14',0,3,4,1,2,1,1,4,0,0,0,0,0,0,0,0,0,0,0,0,0,0
75843,'C5H12O1',0,4,15,1,4,1,2,1,1,3,0,0,0,0,0,0,0,0,0,0,0,0
75854,'C5H12O1',0,4,15,1,4,1,2,1,1,3,0,0,0,0,0,0,0,0,0,0,0,0
75876,'C2H1Cl3O1',0,2,52,1,21,1,0,0,0,0,0,0,0,0,0,0,0,0,0,0,0,0
76017,'C2H1Cl5',0,2,52,1,49,1,0,0,0,0,0,0,0,0,0,0,0,0,0,0,0,0
76039,'C2H1Cl3O2',0,2,52,1,43,1,0,0,0,0,0,0,0,0,0,0,0,0,0,0,0,0
76051,'C2H1F3O2',0,2,74,1,43,1,0,0,0,0,0,0,0,0,0,0,0,0,0,0,0,0
76131,'C2Cl3F3',0,2,90,1,87,1,0,0,0,0,0,0,0,0,0,0,0,0,0,0,0,0
76142,'C2Cl2F4',0,1,90,2,0,0,0,0,0,0,0,0,0,0,0,0,0,0,0,0,0,0
76153,'C2Cl1F5',0,2,90,1,74,1,0,0,0,0,0,0,0,0,0,0,0,0,0,0,0,0
76164,'C2F6',0,1,74,2,0,0,0,0,0,0,0,0,0,0,0,0,0,0,0,0,0,0
76197,'C3F8',0,2,75,1,74,2,0,0,0,0,0,0,0,0,0,0,0,0,0,0,0,0
76222,'C10H16O1',2,5,20,1,4,2,3,1,2,2,1,3,0,0,0,0,0,0,0,0,0,0
76448,'C10H5Cl7',3,7,70,2,50,1,47,2,46,1,9,1,6,1,3,2,0,0,0,0,0,0
77474,'C5Cl6',1,3,70,4,50,1,9,2,0,0,0,0,0,0,0,0,0,0,0,0,0,0
77929,'C6H8O7',0,4,43,3,15,1,4,1,2,2,0,0,0,0,0,0,0,0,0,0,0,0
77996,'C6H14O3',0,4,15,3,4,1,2,4,1,1,0,0,0,0,0,0,0,0,0,0,0,0
78591,'C9H14O1',1,5,20,1,8,1,4,1,2,1,1,3,0,0,0,0,0,0,0,0,0,0
78751,'C3H6Br2',0,4,65,2,3,1,2,1,1,1,0,0,0,0,0,0,0,0,0,0,0,0
78762,'C4H9Br1',0,4,65,1,3,1,2,1,1,2,0,0,0,0,0,0,0,0,0,0,0,0
78784,'C5H12',0,3,3,1,2,1,1,3,0,0,0,0,0,0,0,0,0,0,0,0,0,0
78795,'C5H8',0,3,7,1,5,1,1,1,0,0,0,0,0,0,0,0,0,0,0,0,0,0
78819,'C4H11N1',0,3,30,1,3,1,1,2,0,0,0,0,0,0,0,0,0,0,0,0,0,0
78831,'C4H10O1',0,4,15,1,3,1,2,1,1,2,0,0,0,0,0,0,0,0,0,0,0,0
78842,'C4H8O1',0,3,21,1,3,1,1,2,0,0,0,0,0,0,0,0,0,0,0,0,0,0
78864,'C4H9Cl1',0,3,46,1,2,1,1,2,0,0,0,0,0,0,0,0,0,0,0,0,0,0
78875,'C3H6Cl2',0,3,46,1,45,1,1,1,0,0,0,0,0,0,0,0,0,0,0,0,0,0
78897,'C3H7Cl1O1',0,4,46,1,15,1,2,1,1,1,0,0,0,0,0,0,0,0,0,0,0,0
78922,'C4H10O1',0,4,15,1,3,1,2,1,1,2,0,0,0,0,0,0,0,0,0,0,0,0
78933,'C4H8O1',0,3,19,1,2,1,1,1,0,0,0,0,0,0,0,0,0,0,0,0,0,0
78955,'C3H5Cl1O1',0,2,45,1,19,1,0,0,0,0,0,0,0,0,0,0,0,0,0,0,0,0
78966,'C3H9N1O1',0,4,30,1,15,1,3,1,1,1,0,0,0,0,0,0,0,0,0,0,0,0
79005,'C2H3Cl3',0,2,49,1,45,1,0,0,0,0,0,0,0,0,0,0,0,0,0,0,0,0
79027,'C2H2Cl2O1',0,2,49,1,21,1,0,0,0,0,0,0,0,0,0,0,0,0,0,0,0,0
79094,'C3H6O2',0,3,43,1,2,1,1,1,0,0,0,0,0,0,0,0,0,0,0,0,0,0
79107,'C3H4O2',0,2,43,1,5,1,0,0,0,0,0,0,0,0,0,0,0,0,0,0,0,0
79118,'C2H3Cl1O2',0,2,45,1,43,1,0,0,0,0,0,0,0,0,0,0,0,0,0,0,0,0
79141,'C2H4O3',0,3,43,1,15,1,2,1,0,0,0,0,0,0,0,0,0,0,0,0,0,0
79243,'C2H5N1O2',0,2,56,1,1,1,0,0,0,0,0,0,0,0,0,0,0,0,0,0,0,0
79276,'C2H2Br4',0,2,65,4,3,2,0,0,0,0,0,0,0,0,0,0,0,0,0,0,0,0
79298,'C6H14',0,2,3,2,1,4,0,0,0,0,0,0,0,0,0,0,0,0,0,0,0,0
79312,'C4H8O2',0,3,43,1,3,1,1,2,0,0,0,0,0,0,0,0,0,0,0,0,0,0
79345,'C2H2Cl4',0,1,49,2,0,0,0,0,0,0,0,0,0,0,0,0,0,0,0,0,0,0
79414,'C4H6O2',0,3,43,1,7,1,1,1,0,0,0,0,0,0,0,0,0,0,0,0,0,0
79469,'C3H7N1O2',0,2,57,1,1,2,0,0,0,0,0,0,0,0,0,0,0,0,0,0,0,0
80057,'C15H16O2',2,5,18,2,11,2,10,8,4,1,1,2,0,0,0,0,0,0,0,0,0,0
80466,'C11H16O1',1,6,18,1,11,1,10,4,4,1,2,1,1,3,0,0,0,0,0,0,0,0
80568,'C10H16',2,5,8,1,4,1,3,2,2,2,1,3,0,0,0,0,0,0,0,0,0,0
80626,'C5H8O2',0,3,77,1,7,1,1,2,0,0,0,0,0,0,0,0,0,0,0,0,0,0
82688,'C6Cl5N1O2',1,2,58,1,54,5,0,0,0,0,0,0,0,0,0,0,0,0,0,0,0,0
83329,'C12H10',3,3,13,2,11,2,10,6,0,0,0,0,0,0,0,0,0,0,0,0,0,0
84617,'C20H26O4',3,5,77,2,11,2,10,4,3,2,2,10,0,0,0,0,0,0,0,0,0,0
84628,'C20H14O4',3,3,77,2,11,4,10,14,0,0,0,0,0,0,0,0,0,0,0,0,0,0
84662,'C12H14O4',1,5,77,2,11,2,10,4,2,2,1,2,0,0,0,0,0,0,0,0,0,0
84742,'C16H22O4',1,5,77,2,11,2,10,4,2,6,1,2,0,0,0,0,0,0,0,0,0,0
85018,'C14H10',3,2,11,4,10,10,0,0,0,0,0,0,0,0,0,0,0,0,0,0,0,0
85223,'C8H5Br5',1,4,65,5,13,1,11,5,1,1,0,0,0,0,0,0,0,0,0,0,0,0
85450,'C7H8N2O3',1,5,58,1,37,1,25,1,11,1,10,3,0,0,0,0,0,0,0,0,0,0
85687,'C19H20O4',2,6,77,2,13,1,11,2,10,9,2,3,1,1,0,0,0,0,0,0,0,0
86000,'C12H9O2N1',2,3,58,1,11,2,10,9,0,0,0,0,0,0,0,0,0,0,0,0,0,0
86737,'C13H10',3,3,13,1,11,3,10,8,0,0,0,0,0,0,0,0,0,0,0,0,0,0
87661,'C6H6O3',1,2,18,3,10,3,0,0,0,0,0,0,0,0,0,0,0,0,0,0,0,0
87683,'C4Cl6',0,2,70,6,9,2,0,0,0,0,0,0,0,0,0,0,0,0,0,0,0,0
87821,'C6Br6',1,2,65,6,11,6,0,0,0,0,0,0,0,0,0,0,0,0,0,0,0,0
87865,'C6H1Cl5O1',1,2,54,5,18,1,0,0,0,0,0,0,0,0,0,0,0,0,0,0,0,0
88062,'C6H3Cl3O1',1,3,54,3,18,1,10,2,0,0,0,0,0,0,0,0,0,0,0,0,0,0
88095,'C6H12O2',0,4,43,1,3,1,2,2,1,2,0,0,0,0,0,0,0,0,0,0,0,0
88186,'C10H14O1',1,5,18,1,11,1,10,4,4,1,1,3,0,0,0,0,0,0,0,0,0,0
88733,'C6H4Cl1N1O2',1,3,58,1,54,1,10,4,0,0,0,0,0,0,0,0,0,0,0,0,0,0
88891,'C6H3N3O7',1,3,58,3,18,1,10,2,0,0,0,0,0,0,0,0,0,0,0,0,0,0
88993,'C8H6O4',1,3,43,2,11,2,10,4,0,0,0,0,0,0,0,0,0,0,0,0,0,0
89054,'C10H6O8',1,3,43,4,11,4,10,2,0,0,0,0,0,0,0,0,0,0,0,0,0,0
90028,'C7H6O2',1,4,21,1,18,1,11,1,10,4,0,0,0,0,0,0,0,0,0,0,0,0
90040,'C7H9N1O1',1,4,37,1,25,1,11,1,10,4,0,0,0,0,0,0,0,0,0,0,0,0
90051,'C7H8O2',1,4,25,1,18,1,11,1,10,4,0,0,0,0,0,0,0,0,0,0,0,0
90119,'C10H7Br1',2,3,65,1,11,3,10,7,0,0,0,0,0,0,0,0,0,0,0,0,0,0
90120,'C11H10',2,3,12,1,11,2,10,7,0,0,0,0,0,0,0,0,0,0,0,0,0,0
90131,'C10H7Cl1',2,3,54,1,11,2,10,7,0,0,0,0,0,0,0,0,0,0,0,0,0,0
90153,'C10H8O1',2,3,18,1,11,2,10,7,0,0,0,0,0,0,0,0,0,0,0,0,0,0
91010,'C13H12O1',2,4,15,1,14,1,11,1,10,10,0,0,0,0,0,0,0,0,0,0,0,0
91178,'C10H18',2,2,3,2,2,8,0,0,0,0,0,0,0,0,0,0,0,0,0,0,0,0
91203,'C10H8',2,2,11,2,10,8,0,0,0,0,0,0,0,0,0,0,0,0,0,0,0,0
91225,'C9H7N1',2,2,40,1,10,4,0,0,0,0,0,0,0,0,0,0,0,0,0,0,0,0
91236,'C7H7N1O3',1,4,58,1,25,1,11,1,10,4,0,0,0,0,0,0,0,0,0,0,0,0
91576,'C11H10',2,3,12,1,11,2,10,7,0,0,0,0,0,0,0,0,0,0,0,0,0,0
91598,'C10H9N1',2,3,37,1,11,2,10,7,0,0,0,0,0,0,0,0,0,0,0,0,0,0
91667,'C10H15N1',1,5,36,1,11,1,10,5,2,1,1,2,0,0,0,0,0,0,0,0,0,0
91941,'C12H10N2Cl2',2,4,54,2,37,2,11,2,10,6,0,0,0,0,0,0,0,0,0,0,0,0
92068,'C18H14',3,2,11,4,10,14,0,0,0,0,0,0,0,0,0,0,0,0,0,0,0,0
92513,'C12H22',2,2,3,2,2,10,0,0,0,0,0,0,0,0,0,0,0,0,0,0,0,0
92524,'C12H10',2,2,11,2,10,10,0,0,0,0,0,0,0,0,0,0,0,0,0,0,0,0
92671,'C12H11N1',2,3,37,1,11,2,10,9,0,0,0,0,0,0,0,0,0,0,0,0,0,0
92875,'C12H12N2',2,3,37,2,11,2,10,8,0,0,0,0,0,0,0,0,0,0,0,0,0,0
93550,'C9H10O1',1,4,20,1,11,1,10,5,1,1,0,0,0,0,0,0,0,0,0,0,0,0
93583,'C8H8O2',1,4,77,1,11,1,10,5,1,1,0,0,0,0,0,0,0,0,0,0,0,0
93890,'C9H10O2',1,5,77,1,11,1,10,5,2,1,1,1,0,0,0,0,0,0,0,0,0,0
94757,'C8H6Cl2O3',1,5,54,2,43,1,26,1,11,1,10,3,0,0,0,0,0,0,0,0,0,0
95136,'C9H8',2,4,13,1,11,1,10,4,6,1,0,0,0,0,0,0,0,0,0,0,0,0
95465,'C7H7Br1',1,4,65,1,12,1,11,1,10,4,0,0,0,0,0,0,0,0,0,0,0,0
95476,'C8H10',1,2,12,2,10,4,0,0,0,0,0,0,0,0,0,0,0,0,0,0,0,0
95487,'C7H8O1',1,3,18,1,12,1,10,4,0,0,0,0,0,0,0,0,0,0,0,0,0,0
95498,'C7H7Cl1',1,3,54,1,12,1,10,4,0,0,0,0,0,0,0,0,0,0,0,0,0,0
95501,'C6H4Cl2',1,2,54,2,10,4,0,0,0,0,0,0,0,0,0,0,0,0,0,0,0,0
95512,'C6H6Cl1N1',1,3,54,1,37,1,10,4,0,0,0,0,0,0,0,0,0,0,0,0,0,0
95534,'C7H9N1',1,3,37,1,12,1,10,4,0,0,0,0,0,0,0,0,0,0,0,0,0,0
95578,'C6H5Cl1O1',1,3,54,1,18,1,10,4,0,0,0,0,0,0,0,0,0,0,0,0,0,0
95738,'C7H6Cl2',1,3,54,2,12,1,10,3,0,0,0,0,0,0,0,0,0,0,0,0,0,0
95807,'C7H10N2',1,3,37,2,12,1,10,3,0,0,0,0,0,0,0,0,0,0,0,0,0,0
95830,'C6H7Cl1N2',1,3,54,1,37,2,10,3,0,0,0,0,0,0,0,0,0,0,0,0,0,0
95943,'C6H2Cl4',1,2,54,4,10,2,0,0,0,0,0,0,0,0,0,0,0,0,0,0,0,0
95954,'C6H3Cl3O1',1,3,54,3,18,1,10,2,0,0,0,0,0,0,0,0,0,0,0,0,0,0
96128,'C3H5Br2Cl1',0,4,65,2,45,1,3,1,2,1,0,0,0,0,0,0,0,0,0,0,0,0
96140,'C6H14',0,3,3,1,2,2,1,3,0,0,0,0,0,0,0,0,0,0,0,0,0,0
96184,'C3H5Cl3',0,2,46,1,45,2,0,0,0,0,0,0,0,0,0,0,0,0,0,0,0,0
96220,'C5H10O1',0,3,20,1,2,1,1,2,0,0,0,0,0,0,0,0,0,0,0,0,0,0
96231,'C3H6Cl2O1',0,3,45,2,15,1,3,1,0,0,0,0,0,0,0,0,0,0,0,0,0,0
96242,'C3H7Cl1O2',0,4,45,1,15,2,3,1,2,1,0,0,0,0,0,0,0,0,0,0,0,0
96264,'C3H6O3',0,3,20,1,15,2,2,1,0,0,0,0,0,0,0,0,0,0,0,0,0,0
96377,'C6H12',1,3,3,1,2,4,1,1,0,0,0,0,0,0,0,0,0,0,0,0,0,0
96480,'C4H6O2',1,2,23,1,2,2,0,0,0,0,0,0,0,0,0,0,0,0,0,0,0,0
97007,'C6H3Cl1N2O4',1,3,58,2,54,1,10,3,0,0,0,0,0,0,0,0,0,0,0,0,0,0
87616,'C6H3Cl3',1,2,54,3,10,3,0,0,0,0,0,0,0,0,0,0,0,0,0,0,0,0
97950,'C6H14O1',0,4,15,1,3,1,2,3,1,2,0,0,0,0,0,0,0,0,0,0,0,0
98011,'C5H4O2',1,1,62,1,0,0,0,0,0,0,0,0,0,0,0,0,0,0,0,0,0,0
98066,'C10H14',1,4,11,1,10,5,4,1,1,3,0,0,0,0,0,0,0,0,0,0,0,0
98077,'C7H5Cl3',1,3,52,1,11,1,10,5,0,0,0,0,0,0,0,0,0,0,0,0,0,0
98088,'C7H5F3',1,3,74,1,11,1,10,5,0,0,0,0,0,0,0,0,0,0,0,0,0,0
98293,'C10H14O2',1,5,18,2,11,1,10,3,4,1,1,3,0,0,0,0,0,0,0,0,0,0
98464,'C7H4F3N1O2',1,4,74,1,58,1,11,1,10,4,0,0,0,0,0,0,0,0,0,0,0,0
98566,'C7H4Cl1F3',1,4,74,1,54,1,11,1,10,4,0,0,0,0,0,0,0,0,0,0,0,0
98828,'C9H12',1,3,14,1,10,5,1,2,0,0,0,0,0,0,0,0,0,0,0,0,0,0
98839,'C9H10',1,4,10,5,11,1,7,1,1,1,0,0,0,0,0,0,0,0,0,0,0,0
98862,'C8H8O1',1,3,19,1,11,1,10,5,0,0,0,0,0,0,0,0,0,0,0,0,0,0
98873,'C7H6Cl2',1,3,49,1,11,1,10,5,0,0,0,0,0,0,0,0,0,0,0,0,0,0
98895,'C7H12O2',1,3,43,1,3,1,2,5,0,0,0,0,0,0,0,0,0,0,0,0,0,0
98953,'C6H5N1O2',1,2,58,1,10,5,0,0,0,0,0,0,0,0,0,0,0,0,0,0,0,0
99081,'C7H7N1O2',1,3,58,1,12,1,10,4,0,0,0,0,0,0,0,0,0,0,0,0,0,0
99092,'C6H6N2O2',1,3,58,1,37,1,10,4,0,0,0,0,0,0,0,0,0,0,0,0,0,0
99354,'C6H3N3O6',1,2,58,3,10,3,0,0,0,0,0,0,0,0,0,0,0,0,0,0,0,0
99547,'C6H3Cl2N1O2',1,3,58,1,54,2,10,3,0,0,0,0,0,0,0,0,0,0,0,0,0,0
99627,'C12H18',1,3,14,2,10,4,1,4,0,0,0,0,0,0,0,0,0,0,0,0,0,0
99650,'C6H4N2O4',1,2,58,2,10,4,0,0,0,0,0,0,0,0,0,0,0,0,0,0,0,0
99887,'C9H13N1',1,4,37,1,14,1,10,4,1,2,0,0,0,0,0,0,0,0,0,0,0,0
100107,'C9H11N1O1',1,5,35,1,21,1,11,2,10,4,1,1,0,0,0,0,0,0,0,0,0,0
100210,'C8H6O4',1,3,43,2,11,2,10,4,0,0,0,0,0,0,0,0,0,0,0,0,0,0
100414,'C8H10',1,3,13,1,10,5,1,1,0,0,0,0,0,0,0,0,0,0,0,0,0,0
100425,'C8H8',1,3,11,1,10,5,5,1,0,0,0,0,0,0,0,0,0,0,0,0,0,0
100447,'C7H7Cl1',1,3,45,1,11,1,10,5,0,0,0,0,0,0,0,0,0,0,0,0,0,0
100469,'C7H9N1',1,3,30,1,11,1,10,5,0,0,0,0,0,0,0,0,0,0,0,0,0,0
100516,'C7H8O1',1,3,15,1,13,1,10,5,0,0,0,0,0,0,0,0,0,0,0,0,0,0
100527,'C7H6O1',1,3,21,1,11,1,10,5,0,0,0,0,0,0,0,0,0,0,0,0,0,0
100607,'C7H15N1',1,3,32,1,3,1,2,5,0,0,0,0,0,0,0,0,0,0,0,0,0,0
100618,'C7H9N1',1,3,32,1,11,1,10,5,0,0,0,0,0,0,0,0,0,0,0,0,0,0
100663,'C7H8O1',1,3,25,1,11,1,10,5,0,0,0,0,0,0,0,0,0,0,0,0,0,0
100743,'C6H13N1O1',1,4,36,1,26,1,2,3,1,1,0,0,0,0,0,0,0,0,0,0,0,0
101815,'C13H12',2,3,13,1,11,1,10,10,0,0,0,0,0,0,0,0,0,0,0,0,0,0
102045,'C15H14O1',2,4,20,1,13,1,11,1,10,10,0,0,0,0,0,0,0,0,0,0,0,0
102512,'C7H10N2O1',1,4,37,2,25,1,11,1,10,3,0,0,0,0,0,0,0,0,0,0,0,0
102692,'C9H21N1',0,3,36,1,2,5,1,3,0,0,0,0,0,0,0,0,0,0,0,0,0,0
102716,'C6H15N1O3',0,3,36,1,15,3,2,5,0,0,0,0,0,0,0,0,0,0,0,0,0,0
102761,'C9H14O6',0,3,22,3,3,1,2,2,0,0,0,0,0,0,0,0,0,0,0,0,0,0
102829,'C12H27N1',0,3,36,1,2,8,1,3,0,0,0,0,0,0,0,0,0,0,0,0,0,0
103093,'C10H20O2',0,4,22,1,3,1,2,5,1,2,0,0,0,0,0,0,0,0,0,0,0,0
103297,'C14H14',2,2,13,2,10,10,0,0,0,0,0,0,0,0,0,0,0,0,0,0,0,0
103651,'C9H12',1,4,13,1,10,5,2,1,1,1,0,0,0,0,0,0,0,0,0,0,0,0
103695,'C8H11N1',1,4,33,1,11,1,10,5,1,1,0,0,0,0,0,0,0,0,0,0,0,0
103731,'C8H10O1',1,4,26,1,11,1,10,5,1,1,0,0,0,0,0,0,0,0,0,0,0,0
103822,'C8H8O2',1,3,43,1,13,1,10,5,0,0,0,0,0,0,0,0,0,0,0,0,0,0
104461,'C10H12O1',1,5,25,1,11,2,10,4,6,1,1,1,0,0,0,0,0,0,0,0,0,0
104518,'C10H14',1,4,13,1,10,5,2,2,1,1,0,0,0,0,0,0,0,0,0,0,0,0
104552,'C9H8O1',1,4,21,1,11,1,10,5,6,1,0,0,0,0,0,0,0,0,0,0,0,0
104723,'C16H26',1,4,13,1,10,5,2,8,1,1,0,0,0,0,0,0,0,0,0,0,0,0
104767,'C8H18O1',0,4,15,1,3,1,2,5,1,2,0,0,0,0,0,0,0,0,0,0,0,0
104870,'C8H8O1',1,4,21,1,12,1,11,1,10,4,0,0,0,0,0,0,0,0,0,0,0,0
105306,'C6H14O1',0,4,15,1,3,1,2,3,1,2,0,0,0,0,0,0,0,0,0,0,0,0
105373,'C5H10O2',0,3,23,1,2,1,1,2,0,0,0,0,0,0,0,0,0,0,0,0,0,0
105384,'C5H8O2',0,3,23,1,5,1,1,1,0,0,0,0,0,0,0,0,0,0,0,0,0,0
105453,'C5H8O3',0,3,23,1,19,1,1,1,0,0,0,0,0,0,0,0,0,0,0,0,0,0
105464,'C6H12O2',0,4,22,1,3,1,2,1,1,2,0,0,0,0,0,0,0,0,0,0,0,0
105533,'C7H12O4',0,4,77,1,23,1,2,2,1,2,0,0,0,0,0,0,0,0,0,0,0,0
105599,'C5H13N1O2',0,3,35,1,15,2,2,4,0,0,0,0,0,0,0,0,0,0,0,0,0,0
105602,'C6H11O1N1',1,2,96,1,2,4,0,0,0,0,0,0,0,0,0,0,0,0,0,0,0,0
105668,'C7H14O2',0,3,23,1,2,3,1,2,0,0,0,0,0,0,0,0,0,0,0,0,0,0
105679,'C8H10O1',1,3,18,1,12,2,10,3,0,0,0,0,0,0,0,0,0,0,0,0,0,0
106241,'C10H18O1',0,4,15,1,8,2,2,3,1,3,0,0,0,0,0,0,0,0,0,0,0,0
106365,'C6H12O2',0,3,23,1,2,2,1,2,0,0,0,0,0,0,0,0,0,0,0,0,0,0
106387,'C7H7Br1',1,4,65,1,12,1,11,1,10,4,0,0,0,0,0,0,0,0,0,0,0,0
106423,'C8H10',1,2,12,2,10,4,0,0,0,0,0,0,0,0,0,0,0,0,0,0,0,0
106445,'C7H8O1',1,3,18,1,12,1,10,4,0,0,0,0,0,0,0,0,0,0,0,0,0,0
106467,'C6H4Cl2',1,2,54,2,10,4,0,0,0,0,0,0,0,0,0,0,0,0,0,0,0,0
106503,'C6H8N2',1,2,37,2,10,4,0,0,0,0,0,0,0,0,0,0,0,0,0,0,0,0
106887,'C4H8O1',1,4,26,1,3,1,2,1,1,1,0,0,0,0,0,0,0,0,0,0,0,0
106898,'C3H5O1Cl1',1,3,45,1,26,1,3,1,0,0,0,0,0,0,0,0,0,0,0,0,0,0
106945,'C3H7Br1',0,3,65,1,2,2,1,1,0,0,0,0,0,0,0,0,0,0,0,0,0,0
106956,'C3H5Br1',0,3,65,1,5,1,2,1,0,0,0,0,0,0,0,0,0,0,0,0,0,0
106978,'C4H10',0,2,2,2,1,2,0,0,0,0,0,0,0,0,0,0,0,0,0,0,0,0
106989,'C4H8',0,3,5,1,2,1,1,1,0,0,0,0,0,0,0,0,0,0,0,0,0,0
106990,'C4H6',0,1,5,2,0,0,0,0,0,0,0,0,0,0,0,0,0,0,0,0,0,0
107006,'C4H6',0,3,66,1,2,1,1,1,0,0,0,0,0,0,0,0,0,0,0,0,0,0
107028,'C3H4O1',0,2,21,1,5,1,0,0,0,0,0,0,0,0,0,0,0,0,0,0,0,0
107039,'C3H8S1',0,3,61,1,2,1,1,1,0,0,0,0,0,0,0,0,0,0,0,0,0,0
107051,'C3H5Cl1',0,2,45,1,5,1,0,0,0,0,0,0,0,0,0,0,0,0,0,0,0,0
107062,'C2H4Cl2',0,1,45,2,0,0,0,0,0,0,0,0,0,0,0,0,0,0,0,0,0,0
107073,'C2H5Cl1O1',0,3,45,1,15,1,2,1,0,0,0,0,0,0,0,0,0,0,0,0,0,0
107084,'C3H7I1',0,3,64,1,2,2,1,1,0,0,0,0,0,0,0,0,0,0,0,0,0,0
107108,'C3H9N1',0,3,30,1,2,1,1,1,0,0,0,0,0,0,0,0,0,0,0,0,0,0
107119,'C3H7N1',0,2,30,1,5,1,0,0,0,0,0,0,0,0,0,0,0,0,0,0,0,0
107120,'C3H5N1',0,2,42,1,1,1,0,0,0,0,0,0,0,0,0,0,0,0,0,0,0,0
107131,'C3H3N1',0,1,69,1,0,0,0,0,0,0,0,0,0,0,0,0,0,0,0,0,0,0
107153,'C2H8N2',0,1,30,2,0,0,0,0,0,0,0,0,0,0,0,0,0,0,0,0,0,0
107186,'C3H6O1',0,3,15,1,5,1,2,1,0,0,0,0,0,0,0,0,0,0,0,0,0,0
107197,'C3H4O1',0,3,66,1,15,1,2,1,0,0,0,0,0,0,0,0,0,0,0,0,0,0
107200,'C2H3Cl1O1',0,2,45,1,21,1,0,0,0,0,0,0,0,0,0,0,0,0,0,0,0,0
107211,'C2H6O2',0,1,63,1,0,0,0,0,0,0,0,0,0,0,0,0,0,0,0,0,0,0
107255,'C3H6O1',0,2,25,1,5,1,0,0,0,0,0,0,0,0,0,0,0,0,0,0,0,0
107302,'C2H5Cl1O1',0,2,45,1,25,1,0,0,0,0,0,0,0,0,0,0,0,0,0,0,0,0
107313,'C2H4O2',0,2,24,1,1,1,0,0,0,0,0,0,0,0,0,0,0,0,0,0,0,0
107404,'C8H16',0,3,8,1,4,1,1,5,0,0,0,0,0,0,0,0,0,0,0,0,0,0
107415,'C6H14O2',0,5,15,2,4,1,3,1,2,1,1,3,0,0,0,0,0,0,0,0,0,0
107835,'C6H14',0,3,3,1,2,2,1,3,0,0,0,0,0,0,0,0,0,0,0,0,0,0
107879,'C5H10O1',0,3,19,1,2,2,1,1,0,0,0,0,0,0,0,0,0,0,0,0,0,0
107880,'C4H10O2',0,4,15,2,3,1,2,2,1,1,0,0,0,0,0,0,0,0,0,0,0,0
107926,'C4H8O2',0,3,43,1,2,2,1,1,0,0,0,0,0,0,0,0,0,0,0,0,0,0
107982,'C4H10O2',0,2,101,1,1,2,0,0,0,0,0,0,0,0,0,0,0,0,0,0,0,0
108010,'C4H11N1O1',0,4,35,1,15,1,2,2,1,1,0,0,0,0,0,0,0,0,0,0,0,0
108032,'C3H7N1O2',0,3,56,1,2,1,1,1,0,0,0,0,0,0,0,0,0,0,0,0,0,0
108054,'C4H6O2',0,2,22,1,5,1,0,0,0,0,0,0,0,0,0,0,0,0,0,0,0,0
108087,'C7H16',0,3,3,2,2,1,1,4,0,0,0,0,0,0,0,0,0,0,0,0,0,0
108101,'C6H12O1',0,4,19,1,3,1,2,1,1,2,0,0,0,0,0,0,0,0,0,0,0,0
108112,'C6H14O1',0,4,15,1,3,2,2,1,1,3,0,0,0,0,0,0,0,0,0,0,0,0
108189,'C6H15N1',0,3,34,1,3,1,1,4,0,0,0,0,0,0,0,0,0,0,0,0,0,0
108203,'C6H14O1',0,3,27,1,3,1,1,4,0,0,0,0,0,0,0,0,0,0,0,0,0,0
108214,'C5H10O2',0,3,22,1,3,1,1,2,0,0,0,0,0,0,0,0,0,0,0,0,0,0
108383,'C8H10',1,2,12,2,10,4,0,0,0,0,0,0,0,0,0,0,0,0,0,0,0,0
108394,'C7H8O1',1,3,18,1,12,1,10,4,0,0,0,0,0,0,0,0,0,0,0,0,0,0
108429,'C6H6Cl1N1',1,3,54,1,37,1,10,4,0,0,0,0,0,0,0,0,0,0,0,0,0,0
108430,'C6H5Cl1O1',1,3,54,1,18,1,10,4,0,0,0,0,0,0,0,0,0,0,0,0,0,0
108441,'C7H9N1',1,3,37,1,12,1,10,4,0,0,0,0,0,0,0,0,0,0,0,0,0,0
108452,'C6H8N2',1,2,37,2,10,4,0,0,0,0,0,0,0,0,0,0,0,0,0,0,0,0
108463,'C6H6O2',1,2,18,2,10,4,0,0,0,0,0,0,0,0,0,0,0,0,0,0,0,0
108485,'C7H9N1',1,2,40,1,1,2,0,0,0,0,0,0,0,0,0,0,0,0,0,0,0,0
108576,'C10H10',1,3,11,2,10,4,5,2,0,0,0,0,0,0,0,0,0,0,0,0,0,0
108645,'C7H14O2',0,4,23,1,3,1,2,1,1,3,0,0,0,0,0,0,0,0,0,0,0,0
108678,'C9H12',1,2,12,3,10,3,0,0,0,0,0,0,0,0,0,0,0,0,0,0,0,0
108861,'C6H5Br1',1,3,65,1,11,1,10,5,0,0,0,0,0,0,0,0,0,0,0,0,0,0
108872,'C7H14',1,3,3,1,2,5,1,1,0,0,0,0,0,0,0,0,0,0,0,0,0,0
108883,'C7H8',1,2,12,1,10,5,0,0,0,0,0,0,0,0,0,0,0,0,0,0,0,0
108907,'C6H5Cl1',1,2,54,1,10,5,0,0,0,0,0,0,0,0,0,0,0,0,0,0,0,0
108918,'C6H13N1',1,2,31,1,2,5,0,0,0,0,0,0,0,0,0,0,0,0,0,0,0,0
108930,'C6H12O1',1,3,15,1,3,1,2,5,0,0,0,0,0,0,0,0,0,0,0,0,0,0
108941,'C6H10O1',1,2,20,1,2,4,0,0,0,0,0,0,0,0,0,0,0,0,0,0,0,0
108952,'C6H6O1',1,2,18,1,10,5,0,0,0,0,0,0,0,0,0,0,0,0,0,0,0,0
108996,'C6H7N1',1,2,39,1,1,1,0,0,0,0,0,0,0,0,0,0,0,0,0,0,0,0
109068,'C6H7N1',1,2,39,1,1,1,0,0,0,0,0,0,0,0,0,0,0,0,0,0,0,0
109217,'C8H16O2',0,3,23,1,2,4,1,2,0,0,0,0,0,0,0,0,0,0,0,0,0,0
109433,'C18H34O4',0,3,23,2,2,12,1,2,0,0,0,0,0,0,0,0,0,0,0,0,0,0
109524,'C5H10O2',0,3,43,1,2,3,1,1,0,0,0,0,0,0,0,0,0,0,0,0,0,0
109604,'C5H10O2',0,3,22,1,2,2,1,1,0,0,0,0,0,0,0,0,0,0,0,0,0,0
109659,'C4H9Br1',0,3,65,1,2,3,1,1,0,0,0,0,0,0,0,0,0,0,0,0,0,0
109660,'C5H12',0,2,2,3,1,2,0,0,0,0,0,0,0,0,0,0,0,0,0,0,0,0
109671,'C5H10',0,3,5,1,2,2,1,1,0,0,0,0,0,0,0,0,0,0,0,0,0,0
109693,'C4H9Cl1',0,3,45,1,2,2,1,1,0,0,0,0,0,0,0,0,0,0,0,0,0,0
109739,'C4H11N1',0,3,30,1,2,2,1,1,0,0,0,0,0,0,0,0,0,0,0,0,0,0
109751,'C4H5N1',0,2,42,1,5,1,0,0,0,0,0,0,0,0,0,0,0,0,0,0,0,0
109784,'C3H5N1O1',0,3,42,1,15,1,2,1,0,0,0,0,0,0,0,0,0,0,0,0,0,0
109795,'C4H10S1',0,3,61,1,2,2,1,1,0,0,0,0,0,0,0,0,0,0,0,0,0,0
109864,'C3H8O2',0,2,100,1,1,1,2,2,0,0,0,0,0,0,0,0,0,0,0,0,0,0
109897,'C4H11N1',0,3,33,1,2,1,1,2,0,0,0,0,0,0,0,0,0,0,0,0,0,0
109922,'C4H8O1',0,3,26,1,5,1,1,1,0,0,0,0,0,0,0,0,0,0,0,0,0,0
109944,'C3H6O2',0,3,24,1,2,1,1,1,0,0,0,0,0,0,0,0,0,0,0,0,0,0
109999,'C4H8O1',1,2,28,1,2,3,0,0,0,0,0,0,0,0,0,0,0,0,0,0,0,0
110021,'C4H4S1',1,1,106,1,0,0,0,0,0,0,0,0,0,0,0,0,0,0,0,0,0,0
110123,'C7H14O1',0,4,19,1,3,1,2,2,1,2,0,0,0,0,0,0,0,0,0,0,0,0
110156,'C4H6O4',0,2,43,2,2,2,0,0,0,0,0,0,0,0,0,0,0,0,0,0,0,0
110167,'C4H4O4',0,2,43,2,6,1,0,0,0,0,0,0,0,0,0,0,0,0,0,0,0,0
110178,'C4H4O4',0,2,43,2,6,1,0,0,0,0,0,0,0,0,0,0,0,0,0,0,0,0
110190,'C6H12O2',0,4,22,1,3,1,2,1,1,2,0,0,0,0,0,0,0,0,0,0,0,0
110270,'C17H34O2',0,4,23,1,3,1,2,11,1,3,0,0,0,0,0,0,0,0,0,0,0,0
110338,'C18H34O4',0,3,23,2,2,12,1,2,0,0,0,0,0,0,0,0,0,0,0,0,0,0
110532,'C5H11Br1',0,3,65,1,2,4,1,1,0,0,0,0,0,0,0,0,0,0,0,0,0,0
110543,'C6H14',0,2,2,4,1,2,0,0,0,0,0,0,0,0,0,0,0,0,0,0,0,0
110565,'C4H8Cl2',0,2,45,2,2,2,0,0,0,0,0,0,0,0,0,0,0,0,0,0,0,0
110576,'C4H6Cl2',0,2,45,2,6,1,0,0,0,0,0,0,0,0,0,0,0,0,0,0,0,0
110587,'C5H13N1',0,3,30,1,2,3,1,1,0,0,0,0,0,0,0,0,0,0,0,0,0,0
110598,'C5H9N1',0,3,42,1,2,2,1,1,0,0,0,0,0,0,0,0,0,0,0,0,0,0
110612,'C4H4N2',0,1,42,2,0,0,0,0,0,0,0,0,0,0,0,0,0,0,0,0,0,0
110623,'C5H10O1',0,3,21,1,2,3,1,1,0,0,0,0,0,0,0,0,0,0,0,0,0,0
110634,'C4H10O2',0,2,15,2,2,4,0,0,0,0,0,0,0,0,0,0,0,0,0,0,0,0
110645,'C4H8O2',0,3,15,2,6,1,2,2,0,0,0,0,0,0,0,0,0,0,0,0,0,0
110656,'C4H6O2',0,3,67,1,15,2,2,2,0,0,0,0,0,0,0,0,0,0,0,0,0,0
110667,'C5H12S1',0,3,61,1,2,3,1,1,0,0,0,0,0,0,0,0,0,0,0,0,0,0
110678,'C4H7N1O1',0,3,42,1,25,1,2,1,0,0,0,0,0,0,0,0,0,0,0,0,0,0
110714,'C4H10O2',0,2,25,2,2,2,0,0,0,0,0,0,0,0,0,0,0,0,0,0,0,0
110747,'C4H8O2',0,3,24,1,2,2,1,1,0,0,0,0,0,0,0,0,0,0,0,0,0,0
110758,'C4H7Cl1O1',0,3,45,1,26,1,5,1,0,0,0,0,0,0,0,0,0,0,0,0,0,0
110805,'C4H10O2',0,3,100,1,2,1,1,1,0,0,0,0,0,0,0,0,0,0,0,0,0,0
110827,'C6H12',1,1,2,6,0,0,0,0,0,0,0,0,0,0,0,0,0,0,0,0,0,0
110838,'C6H10',1,2,6,1,2,4,0,0,0,0,0,0,0,0,0,0,0,0,0,0,0,0
110850,'C4H10N2',1,2,33,2,2,2,0,0,0,0,0,0,0,0,0,0,0,0,0,0,0,0
110861,'C5H5N1',1,1,38,1,0,0,0,0,0,0,0,0,0,0,0,0,0,0,0,0,0,0
110883,'C3H6O3',1,1,26,3,0,0,0,0,0,0,0,0,0,0,0,0,0,0,0,0,0,0
110894,'C5H11N1',1,2,33,1,2,4,0,0,0,0,0,0,0,0,0,0,0,0,0,0,0,0
110918,'C4H9N1O1',1,1,105,1,0,0,0,0,0,0,0,0,0,0,0,0,0,0,0,0,0,0
110941,'C5H8O4',0,2,43,2,2,3,0,0,0,0,0,0,0,0,0,0,0,0,0,0,0,0
111148,'C7H14O2',0,3,43,1,2,5,1,1,0,0,0,0,0,0,0,0,0,0,0,0,0,0
111159,'C6H12O3',0,4,26,1,22,1,2,2,1,1,0,0,0,0,0,0,0,0,0,0,0,0
111206,'C10H18O4',0,2,43,2,2,8,0,0,0,0,0,0,0,0,0,0,0,0,0,0,0,0
111262,'C6H15N1',0,3,30,1,2,4,1,1,0,0,0,0,0,0,0,0,0,0,0,0,0,0
111273,'C6H14O1',0,3,15,1,2,5,1,1,0,0,0,0,0,0,0,0,0,0,0,0,0,0
111295,'C5H12O2',0,2,15,2,2,5,0,0,0,0,0,0,0,0,0,0,0,0,0,0,0,0
111319,'C6H14S1',0,3,61,1,2,4,1,1,0,0,0,0,0,0,0,0,0,0,0,0,0,0
111342,'C6H12O1',0,4,26,1,5,1,2,2,1,1,0,0,0,0,0,0,0,0,0,0,0,0
111400,'C4H13N3',0,3,33,1,30,2,2,1,0,0,0,0,0,0,0,0,0,0,0,0,0,0
111422,'C4H11N1O2',0,3,33,1,15,2,2,3,0,0,0,0,0,0,0,0,0,0,0,0,0,0
111433,'C6H14O1',0,3,26,1,2,3,1,2,0,0,0,0,0,0,0,0,0,0,0,0,0,0
111444,'C4H8Cl2O1',0,3,45,2,26,1,2,1,0,0,0,0,0,0,0,0,0,0,0,0,0,0
111557,'C6H10O4',0,2,22,2,2,2,0,0,0,0,0,0,0,0,0,0,0,0,0,0,0,0
111659,'C8H18',0,2,2,6,1,2,0,0,0,0,0,0,0,0,0,0,0,0,0,0,0,0
111682,'C7H17N1',0,3,30,1,2,5,1,1,0,0,0,0,0,0,0,0,0,0,0,0,0,0
111706,'C7H16O1',0,3,15,1,2,6,1,1,0,0,0,0,0,0,0,0,0,0,0,0,0,0
111717,'C7H14O1',0,3,21,1,2,5,1,1,0,0,0,0,0,0,0,0,0,0,0,0,0,0
111762,'C6H14O2',0,3,100,1,2,3,1,1,0,0,0,0,0,0,0,0,0,0,0,0,0,0
111773,'C5H12O3',0,3,100,1,25,1,2,2,0,0,0,0,0,0,0,0,0,0,0,0,0,0
111842,'C9H20',0,2,2,7,1,2,0,0,0,0,0,0,0,0,0,0,0,0,0,0,0,0
111864,'C8H19N1',0,3,30,1,2,6,1,1,0,0,0,0,0,0,0,0,0,0,0,0,0,0
111875,'C8H18O1',0,3,15,1,2,7,1,1,0,0,0,0,0,0,0,0,0,0,0,0,0,0
111922,'C8H19N1',0,3,33,1,2,5,1,2,0,0,0,0,0,0,0,0,0,0,0,0,0,0
111966,'C6H14O3',0,3,26,1,25,2,2,3,0,0,0,0,0,0,0,0,0,0,0,0,0,0
112050,'C9H18O2',0,3,43,1,2,7,1,1,0,0,0,0,0,0,0,0,0,0,0,0,0,0
112152,'C8H16O4',0,4,26,2,22,1,2,3,1,1,0,0,0,0,0,0,0,0,0,0,0,0
112209,'C9H21N1',0,3,30,1,2,7,1,1,0,0,0,0,0,0,0,0,0,0,0,0,0,0
112276,'C6H14O4',0,2,100,2,2,2,0,0,0,0,0,0,0,0,0,0,0,0,0,0,0,0
112301,'C10H22O1',0,3,15,1,2,9,1,1,0,0,0,0,0,0,0,0,0,0,0,0,0,0
112312,'C10H20O1',0,3,21,1,2,8,1,1,0,0,0,0,0,0,0,0,0,0,0,0,0,0
112345,'C8H18O3',0,4,100,1,26,1,2,4,1,1,0,0,0,0,0,0,0,0,0,0,0,0
112403,'C12H26',0,2,2,10,1,2,0,0,0,0,0,0,0,0,0,0,0,0,0,0,0,0
112425,'C11H24O1',0,3,15,1,2,10,1,1,0,0,0,0,0,0,0,0,0,0,0,0,0,0
112447,'C11H22O1',0,3,21,1,2,9,1,1,0,0,0,0,0,0,0,0,0,0,0,0,0,0
112538,'C12H26O1',0,3,15,1,2,11,1,1,0,0,0,0,0,0,0,0,0,0,0,0,0,0
112549,'C12H24O1',0,3,21,1,2,10,1,1,0,0,0,0,0,0,0,0,0,0,0,0,0,0
112550,'C12H26S1',0,3,61,1,2,10,1,1,0,0,0,0,0,0,0,0,0,0,0,0,0,0
112572,'C8H23N5',0,3,33,3,30,2,2,3,0,0,0,0,0,0,0,0,0,0,0,0,0,0
112583,'C12H26O1',0,3,26,1,2,9,1,2,0,0,0,0,0,0,0,0,0,0,0,0,0,0
112607,'C8H18O5',0,3,100,2,26,1,2,3,0,0,0,0,0,0,0,0,0,0,0,0,0,0
112629,'C19H36O2',0,4,23,1,6,1,2,13,1,2,0,0,0,0,0,0,0,0,0,0,0,0
112709,'C13H28O1',0,3,15,1,2,12,1,1,0,0,0,0,0,0,0,0,0,0,0,0,0,0
112721,'C14H30O1',0,3,15,1,2,13,1,1,0,0,0,0,0,0,0,0,0,0,0,0,0,0
112801,'C18H34O2',0,4,43,1,6,1,2,14,1,1,0,0,0,0,0,0,0,0,0,0,0,0
112889,'C18H36',0,3,5,1,2,15,1,1,0,0,0,0,0,0,0,0,0,0,0,0,0,0
112925,'C18H38O1',0,3,15,1,2,17,1,1,0,0,0,0,0,0,0,0,0,0,0,0,0,0
112958,'C20H42',0,2,2,18,1,2,0,0,0,0,0,0,0,0,0,0,0,0,0,0,0,0
115071,'C3H6',0,2,5,1,1,1,0,0,0,0,0,0,0,0,0,0,0,0,0,0,0,0
115106,'C2H6O1',0,2,25,1,1,1,0,0,0,0,0,0,0,0,0,0,0,0,0,0,0,0
115117,'C4H8',0,2,7,1,1,2,0,0,0,0,0,0,0,0,0,0,0,0,0,0,0,0
115253,'C4F8',1,1,75,4,0,0,0,0,0,0,0,0,0,0,0,0,0,0,0,0,0,0
115775,'C5H12O4',0,3,15,4,4,1,2,4,0,0,0,0,0,0,0,0,0,0,0,0,0,0
117817,'C24H38O4',1,6,77,2,11,2,10,4,3,2,2,10,1,4,0,0,0,0,0,0,0,0
117840,'C24H38O4',1,5,77,2,11,2,10,4,2,14,1,2,0,0,0,0,0,0,0,0,0,0
118741,'C6Cl6',1,1,54,6,0,0,0,0,0,0,0,0,0,0,0,0,0,0,0,0,0,0
118901,'C8H8O2',1,4,43,1,12,1,11,1,10,4,0,0,0,0,0,0,0,0,0,0,0,0
118912,'C7H5Cl1O2',1,4,54,1,43,1,11,1,10,4,0,0,0,0,0,0,0,0,0,0,0,0
118967,'C7H5N3O6',1,3,58,3,12,1,10,2,0,0,0,0,0,0,0,0,0,0,0,0,0,0
119368,'C8H8O3',1,5,77,1,18,1,11,1,10,4,1,1,0,0,0,0,0,0,0,0,0,0
119642,'C10H12',2,3,11,2,10,4,2,4,0,0,0,0,0,0,0,0,0,0,0,0,0,0
119937,'C14H16N2',2,4,37,2,12,2,11,2,10,6,0,0,0,0,0,0,0,0,0,0,0,0
120127,'C14H10',3,2,11,4,10,10,0,0,0,0,0,0,0,0,0,0,0,0,0,0,0,0
120514,'C14H12O2',2,4,77,1,13,1,11,1,10,10,0,0,0,0,0,0,0,0,0,0,0,0
120809,'C6H6O2',1,2,18,2,10,4,0,0,0,0,0,0,0,0,0,0,0,0,0,0,0,0
120821,'C6H3Cl3',1,2,54,3,10,3,0,0,0,0,0,0,0,0,0,0,0,0,0,0,0,0
120832,'C6H4Cl2O1',1,3,54,2,18,1,10,3,0,0,0,0,0,0,0,0,0,0,0,0,0,0
120923,'C5H8O1',1,2,20,1,2,3,0,0,0,0,0,0,0,0,0,0,0,0,0,0,0,0
120945,'C5H11N1',1,2,35,1,2,4,0,0,0,0,0,0,0,0,0,0,0,0,0,0,0,0
121142,'C7H6N2O4',1,3,58,2,12,1,10,3,0,0,0,0,0,0,0,0,0,0,0,0,0,0
121175,'C7H3Cl1F3N1O2',1,5,74,1,58,1,54,1,11,1,10,3,0,0,0,0,0,0,0,0,0,0
121335,'C8H8O3',1,5,25,1,21,1,18,1,11,2,10,3,0,0,0,0,0,0,0,0,0,0
121448,'C6H15N1',0,3,36,1,2,2,1,3,0,0,0,0,0,0,0,0,0,0,0,0,0,0
121697,'C8H11N1',1,4,35,1,11,1,10,5,1,1,0,0,0,0,0,0,0,0,0,0,0,0
121733,'C6H4Cl1N1O2',1,3,58,1,54,1,10,4,0,0,0,0,0,0,0,0,0,0,0,0,0,0
123013,'C18H30',1,4,13,1,10,5,2,10,1,1,0,0,0,0,0,0,0,0,0,0,0,0
123024,'C19H32',1,4,13,1,10,5,2,11,1,1,0,0,0,0,0,0,0,0,0,0,0,0
123057,'C8H16O1',0,4,21,1,3,1,2,4,1,2,0,0,0,0,0,0,0,0,0,0,0,0
123079,'C8H10O1',1,4,18,1,13,1,10,4,1,1,0,0,0,0,0,0,0,0,0,0,0,0
123251,'C8H14O4',0,3,23,2,2,2,1,2,0,0,0,0,0,0,0,0,0,0,0,0,0,0
123319,'C6H6O2',1,2,18,2,10,4,0,0,0,0,0,0,0,0,0,0,0,0,0,0,0,0
123386,'C3H6O1',0,3,21,1,2,1,1,1,0,0,0,0,0,0,0,0,0,0,0,0,0,0
123422,'C6H12O2',0,5,19,1,15,1,4,1,2,1,1,2,0,0,0,0,0,0,0,0,0,0
123513,'C5H12O1',0,4,15,1,3,1,2,2,1,2,0,0,0,0,0,0,0,0,0,0,0,0
123546,'C5H8O2',0,2,19,2,2,1,0,0,0,0,0,0,0,0,0,0,0,0,0,0,0,0
123728,'C4H8O1',0,3,21,1,2,2,1,1,0,0,0,0,0,0,0,0,0,0,0,0,0,0
123751,'C4H9N1',1,2,33,1,2,3,0,0,0,0,0,0,0,0,0,0,0,0,0,0,0,0
123762,'C5H8O3',0,3,43,1,19,1,2,2,0,0,0,0,0,0,0,0,0,0,0,0,0,0
123864,'C6H12O2',0,3,22,1,2,3,1,1,0,0,0,0,0,0,0,0,0,0,0,0,0,0
123911,'C4H8O2',1,2,26,2,2,2,0,0,0,0,0,0,0,0,0,0,0,0,0,0,0,0
123922,'C7H14O2',0,4,22,1,3,1,2,2,1,2,0,0,0,0,0,0,0,0,0,0,0,0
123955,'C22H44O2',0,3,23,1,2,18,1,2,0,0,0,0,0,0,0,0,0,0,0,0,0,0
123966,'C8H18O1',0,4,15,1,3,1,2,5,1,2,0,0,0,0,0,0,0,0,0,0,0,0
123999,'C9H16O4',0,2,43,2,2,7,0,0,0,0,0,0,0,0,0,0,0,0,0,0,0,0
124049,'C6H10O4',0,2,43,2,2,4,0,0,0,0,0,0,0,0,0,0,0,0,0,0,0,0
124072,'C8H16O2',0,3,43,1,2,6,1,1,0,0,0,0,0,0,0,0,0,0,0,0,0,0
124094,'C6H16N2',0,2,30,2,2,4,0,0,0,0,0,0,0,0,0,0,0,0,0,0,0,0
124118,'C9H18',0,3,5,1,2,6,1,1,0,0,0,0,0,0,0,0,0,0,0,0,0,0
124130,'C8H16O1',0,3,21,1,2,6,1,1,0,0,0,0,0,0,0,0,0,0,0,0,0,0
124185,'C10H22',0,2,2,8,1,2,0,0,0,0,0,0,0,0,0,0,0,0,0,0,0,0
124196,'C9H18O1',0,3,21,1,2,7,1,1,0,0,0,0,0,0,0,0,0,0,0,0,0,0
124221,'C12H27N1',0,3,30,1,2,10,1,1,0,0,0,0,0,0,0,0,0,0,0,0,0,0
124403,'C2H7N1',0,2,32,1,1,1,0,0,0,0,0,0,0,0,0,0,0,0,0,0,0,0
124481,'C1H1Br2Cl1',0,2,65,2,46,1,0,0,0,0,0,0,0,0,0,0,0,0,0,0,0,0
124732,'C2Br2F4',0,2,75,2,65,2,0,0,0,0,0,0,0,0,0,0,0,0,0,0,0,0
126307,'C5H12O2',0,4,15,2,4,1,2,2,1,2,0,0,0,0,0,0,0,0,0,0,0,0
126998,'C4H5Cl1',0,3,70,1,7,1,5,1,0,0,0,0,0,0,0,0,0,0,0,0,0,0
127184,'C2Cl4',0,2,70,4,9,1,0,0,0,0,0,0,0,0,0,0,0,0,0,0,0,0
127195,'C4H9N1O1',0,2,97,1,1,1,0,0,0,0,0,0,0,0,0,0,0,0,0,0,0,0
127913,'C10H16',2,5,7,1,4,1,3,2,2,3,1,2,0,0,0,0,0,0,0,0,0,0
128370,'C15H24O1',1,6,18,1,12,1,11,2,10,2,4,2,1,6,0,0,0,0,0,0,0,0
129000,'C16H10',4,2,11,6,10,10,0,0,0,0,0,0,0,0,0,0,0,0,0,0,0,0
131113,'C10H10O4',1,4,77,2,11,2,10,4,1,2,0,0,0,0,0,0,0,0,0,0,0,0
133379,'C4H6O6',0,3,43,2,15,2,3,2,0,0,0,0,0,0,0,0,0,0,0,0,0,0
134327,'C10H9N1',2,3,37,1,11,2,10,7,0,0,0,0,0,0,0,0,0,0,0,0,0,0
135013,'C10H14',1,3,13,2,10,4,1,2,0,0,0,0,0,0,0,0,0,0,0,0,0,0
135988,'C10H14',1,4,14,1,10,5,2,1,1,2,0,0,0,0,0,0,0,0,0,0,0,0
138863,'C10H16',1,5,8,1,7,1,3,1,2,3,1,2,0,0,0,0,0,0,0,0,0,0
140114,'C9H10O2',1,3,22,1,13,1,10,5,0,0,0,0,0,0,0,0,0,0,0,0,0,0
140669,'C14H22O1',1,6,18,1,11,1,10,4,4,2,2,1,1,5,0,0,0,0,0,0,0,0
140885,'C5H8O2',0,4,77,1,5,1,2,1,1,1,0,0,0,0,0,0,0,0,0,0,0,0
141435,'C2H7N1O1',0,3,30,1,15,1,2,1,0,0,0,0,0,0,0,0,0,0,0,0,0,0
141786,'C4H8O2',0,3,22,1,2,1,1,1,0,0,0,0,0,0,0,0,0,0,0,0,0,0
141797,'C6H10O1',0,3,19,1,8,1,1,2,0,0,0,0,0,0,0,0,0,0,0,0,0,0
141979,'C6H10O3',0,4,23,1,19,1,2,1,1,1,0,0,0,0,0,0,0,0,0,0,0,0
142289,'C3H6Cl2',0,2,45,2,2,1,0,0,0,0,0,0,0,0,0,0,0,0,0,0,0,0
142290,'C5H8',1,2,6,1,2,3,0,0,0,0,0,0,0,0,0,0,0,0,0,0,0,0
142621,'C6H12O2',0,3,43,1,2,4,1,1,0,0,0,0,0,0,0,0,0,0,0,0,0,0
142825,'C7H16',0,2,2,5,1,2,0,0,0,0,0,0,0,0,0,0,0,0,0,0,0,0
142847,'C6H15N1',0,3,33,1,2,3,1,2,0,0,0,0,0,0,0,0,0,0,0,0,0,0
142961,'C8H18O1',0,3,26,1,2,5,1,2,0,0,0,0,0,0,0,0,0,0,0,0,0,0
143077,'C12H24O2',0,3,43,1,2,10,1,1,0,0,0,0,0,0,0,0,0,0,0,0,0,0
143088,'C9H20O1',0,3,15,1,2,8,1,1,0,0,0,0,0,0,0,0,0,0,0,0,0,0
143248,'C10H22O5',0,3,26,3,25,2,2,5,0,0,0,0,0,0,0,0,0,0,0,0,0,0
148243,'C9H7N1O1',2,3,40,1,18,1,10,3,0,0,0,0,0,0,0,0,0,0,0,0,0,0
149575,'C8H16O2',0,4,43,1,3,1,2,4,1,2,0,0,0,0,0,0,0,0,0,0,0,0
151564,'C2H5N1',1,2,33,1,2,1,0,0,0,0,0,0,0,0,0,0,0,0,0,0,0,0
151677,'C2H1Br1Cl1F3',0,3,74,1,65,1,46,1,0,0,0,0,0,0,0,0,0,0,0,0,0,0
156434,'C8H11N1O1',1,5,37,1,26,1,11,1,10,4,1,1,0,0,0,0,0,0,0,0,0,0
156592,'C2H2Cl2',0,2,70,2,6,1,0,0,0,0,0,0,0,0,0,0,0,0,0,0,0,0
156605,'C2H2Cl2',0,2,70,2,6,1,0,0,0,0,0,0,0,0,0,0,0,0,0,0,0,0
156876,'C3H9N1O1',0,3,30,1,15,1,2,2,0,0,0,0,0,0,0,0,0,0,0,0,0,0
189640,'C24H14',6,2,11,10,10,14,0,0,0,0,0,0,0,0,0,0,0,0,0,0,0,0
191242,'C22H12',6,2,11,10,10,12,0,0,0,0,0,0,0,0,0,0,0,0,0,0,0,0
193395,'C22H12',6,2,11,10,10,12,0,0,0,0,0,0,0,0,0,0,0,0,0,0,0,0
205992,'C20H12',5,2,11,8,10,12,0,0,0,0,0,0,0,0,0,0,0,0,0,0,0,0
207089,'C20H12',5,2,11,8,10,12,0,0,0,0,0,0,0,0,0,0,0,0,0,0,0,0
208968,'C12H8',3,2,11,4,10,8,0,0,0,0,0,0,0,0,0,0,0,0,0,0,0,0
218019,'C18H12',4,2,11,6,10,12,0,0,0,0,0,0,0,0,0,0,0,0,0,0,0,0
287230,'C4H8',1,1,2,4,0,0,0,0,0,0,0,0,0,0,0,0,0,0,0,0,0,0
287923,'C5H10',1,1,2,5,0,0,0,0,0,0,0,0,0,0,0,0,0,0,0,0,0,0
291645,'C7H14',1,1,2,7,0,0,0,0,0,0,0,0,0,0,0,0,0,0,0,0,0,0
292648,'C8H16',1,1,2,8,0,0,0,0,0,0,0,0,0,0,0,0,0,0,0,0,0,0
309002,'C12H8Cl6',4,7,70,2,50,1,47,2,9,1,6,1,3,4,2,1,0,0,0,0,0,0
319846,'C6H6Cl6',1,1,46,6,0,0,0,0,0,0,0,0,0,0,0,0,0,0,0,0,0,0
319857,'C6H6Cl6',1,1,46,6,0,0,0,0,0,0,0,0,0,0,0,0,0,0,0,0,0,0
319868,'C6H6Cl6',1,1,46,6,0,0,0,0,0,0,0,0,0,0,0,0,0,0,0,0,0,0
320605,'C7H3Cl2F3',1,4,74,1,54,2,11,1,10,3,0,0,0,0,0,0,0,0,0,0,0,0
334485,'C10H20O2',0,3,43,1,2,8,1,1,0,0,0,0,0,0,0,0,0,0,0,0,0,0
352932,'C4H10S1',0,3,103,1,2,1,1,2,0,0,0,0,0,0,0,0,0,0,0,0,0,0
353366,'C2H5F1',0,-1,-1,-1,-1,-1,-1,-1,-1,-1,-1,-1,-1,-1,-1,-1,-1,-1,-1,-1,-1,-1
355259,'C4F10',0,2,75,2,74,2,0,0,0,0,0,0,0,0,0,0,0,0,0,0,0,0
367113,'C6H4F2',1,2,71,2,10,4,0,0,0,0,0,0,0,0,0,0,0,0,0,0,0,0
372189,'C6H4F2',1,2,71,2,10,4,0,0,0,0,0,0,0,0,0,0,0,0,0,0,0,0
386721,'C7H4F3N1O3',1,5,74,1,58,1,18,1,11,1,10,3,0,0,0,0,0,0,0,0,0,0
392563,'C6F6',1,1,71,6,0,0,0,0,0,0,0,0,0,0,0,0,0,0,0,0,0,0
420462,'C2H3F3',0,2,74,1,1,1,0,0,0,0,0,0,0,0,0,0,0,0,0,0,0,0
460128,'C4H2',0,2,66,2,0,0,0,0,0,0,0,0,0,0,0,0,0,0,0,0,0,0
462066,'C6H5F1',1,2,71,1,10,5,0,0,0,0,0,0,0,0,0,0,0,0,0,0,0,0
463821,'C5H12',0,2,4,1,1,4,0,0,0,0,0,0,0,0,0,0,0,0,0,0,0,0
464062,'C7H16',0,3,4,1,3,1,1,5,0,0,0,0,0,0,0,0,0,0,0,0,0,0
501655,'C14H10',2,3,67,1,11,2,10,10,0,0,0,0,0,0,0,0,0,0,0,0,0,0
503173,'C4H6',0,2,67,1,1,2,0,0,0,0,0,0,0,0,0,0,0,0,0,0,0,0
503640,'C4H6O2',0,3,43,1,6,1,1,1,0,0,0,0,0,0,0,0,0,0,0,0,0,0
503742,'C5H10O2',0,4,43,1,3,1,2,1,1,2,0,0,0,0,0,0,0,0,0,0,0,0
504609,'C5H8',0,3,6,1,5,1,1,1,0,0,0,0,0,0,0,0,0,0,0,0,0,0
504632,'C3H8O2',0,2,15,2,2,3,0,0,0,0,0,0,0,0,0,0,0,0,0,0,0,0
507197,'C4H9Br1',0,3,65,1,4,1,1,3,0,0,0,0,0,0,0,0,0,0,0,0,0,0
507200,'C4H9Cl1',0,2,47,1,1,3,0,0,0,0,0,0,0,0,0,0,0,0,0,0,0,0
510156,'C16H14Cl2O3',2,8,77,1,54,2,15,1,11,2,10,8,4,1,2,1,1,1,0,0,0,0
513359,'C5H10',0,2,8,1,1,3,0,0,0,0,0,0,0,0,0,0,0,0,0,0,0,0
513360,'C4H9Cl1',0,3,45,1,3,1,1,2,0,0,0,0,0,0,0,0,0,0,0,0,0,0
514103,'C20H30O2',3,6,43,1,8,2,4,2,3,3,2,6,1,4,0,0,0,0,0,0,0,0
526750,'C8H10O1',1,3,18,1,12,2,10,3,0,0,0,0,0,0,0,0,0,0,0,0,0,0
534156,'C4H10O2',0,3,25,2,3,1,1,1,0,0,0,0,0,0,0,0,0,0,0,0,0,0
534521,'C7H6O5N2',1,4,58,2,18,1,12,1,10,2,0,0,0,0,0,0,0,0,0,0,0,0
538681,'C11H16',1,4,13,1,10,5,2,3,1,1,0,0,0,0,0,0,0,0,0,0,0,0
538932,'C10H14',1,4,13,1,10,5,3,1,1,2,0,0,0,0,0,0,0,0,0,0,0,0
539300,'C9H12O1',1,4,26,1,13,1,10,5,1,1,0,0,0,0,0,0,0,0,0,0,0,0
540363,'C6H4F2',1,2,71,2,10,4,0,0,0,0,0,0,0,0,0,0,0,0,0,0,0,0
540498,'C2H2Br2',0,2,65,2,6,1,0,0,0,0,0,0,0,0,0,0,0,0,0,0,0,0
540545,'C3H7Cl1',0,3,45,1,2,1,1,1,0,0,0,0,0,0,0,0,0,0,0,0,0,0
540590,'C2H2Cl2',0,2,70,2,6,1,0,0,0,0,0,0,0,0,0,0,0,0,0,0,0,0
540670,'C3H8O1',0,3,25,1,2,1,1,1,0,0,0,0,0,0,0,0,0,0,0,0,0,0
540841,'C8H18',0,4,4,1,3,1,2,1,1,5,0,0,0,0,0,0,0,0,0,0,0,0
541731,'C6H4Cl2',1,2,54,2,10,4,0,0,0,0,0,0,0,0,0,0,0,0,0,0,0,0
542109,'C6H10O4',0,3,22,2,3,1,1,1,0,0,0,0,0,0,0,0,0,0,0,0,0,0
542552,'C5H10O2',0,4,24,1,3,1,2,1,1,2,0,0,0,0,0,0,0,0,0,0,0,0
542756,'C3H4Cl2',0,3,70,1,45,1,6,1,0,0,0,0,0,0,0,0,0,0,0,0,0,0
542927,'C5H6',1,2,6,2,2,1,0,0,0,0,0,0,0,0,0,0,0,0,0,0,0,0
543497,'C7H16O1',0,4,15,1,3,1,2,4,1,2,0,0,0,0,0,0,0,0,0,0,0,0
543599,'C5H11Cl1',0,3,45,1,2,3,1,1,0,0,0,0,0,0,0,0,0,0,0,0,0,0
544252,'C7H8',1,2,6,3,2,1,0,0,0,0,0,0,0,0,0,0,0,0,0,0,0,0
544638,'C14H28O2',0,3,43,1,2,12,1,1,0,0,0,0,0,0,0,0,0,0,0,0,0,0
544763,'C16H34',0,2,2,14,1,2,0,0,0,0,0,0,0,0,0,0,0,0,0,0,0,0
554121,'C4H8O2',0,2,23,1,1,2,0,0,0,0,0,0,0,0,0,0,0,0,0,0,0,0
556672,'C8H24O4Si4',1,2,84,4,1,8,0,0,0,0,0,0,0,0,0,0,0,0,0,0,0,0
557982,'C3H5Cl1',0,3,70,1,7,1,1,1,0,0,0,0,0,0,0,0,0,0,0,0,0,0
560214,'C8H18',0,4,4,1,3,1,2,1,1,5,0,0,0,0,0,0,0,0,0,0,0,0
562492,'C7H16',0,3,4,1,2,2,1,4,0,0,0,0,0,0,0,0,0,0,0,0,0,0
563166,'C8H18',0,3,4,1,2,3,1,4,0,0,0,0,0,0,0,0,0,0,0,0,0,0
563451,'C5H10',0,3,5,1,3,1,1,2,0,0,0,0,0,0,0,0,0,0,0,0,0,0
563462,'C5H10',0,3,7,1,2,1,1,2,0,0,0,0,0,0,0,0,0,0,0,0,0,0
563780,'C6H12',0,3,7,1,3,1,1,3,0,0,0,0,0,0,0,0,0,0,0,0,0,0
563791,'C6H12',0,2,9,1,1,4,0,0,0,0,0,0,0,0,0,0,0,0,0,0,0,0
563804,'C5H10O1',0,3,19,1,3,1,1,2,0,0,0,0,0,0,0,0,0,0,0,0,0,0
564023,'C8H18',0,4,4,1,3,1,2,1,1,5,0,0,0,0,0,0,0,0,0,0,0,0
565593,'C7H16',0,3,3,2,2,1,1,4,0,0,0,0,0,0,0,0,0,0,0,0,0,0
565753,'C8H18',0,2,3,3,1,5,0,0,0,0,0,0,0,0,0,0,0,0,0,0,0,0
571584,'C12H12',2,3,12,2,11,2,10,6,0,0,0,0,0,0,0,0,0,0,0,0,0,0
571619,'C12H12',2,3,12,2,11,2,10,6,0,0,0,0,0,0,0,0,0,0,0,0,0,0
575417,'C12H12',2,3,12,2,11,2,10,6,0,0,0,0,0,0,0,0,0,0,0,0,0,0
579668,'C10H15N1',1,4,37,1,13,2,10,3,1,2,0,0,0,0,0,0,0,0,0,0,0,0
581408,'C12H12',2,3,12,2,11,2,10,6,0,0,0,0,0,0,0,0,0,0,0,0,0,0
581420,'C12H12',2,3,12,2,11,2,10,6,0,0,0,0,0,0,0,0,0,0,0,0,0,0
583482,'C8H18',0,3,3,2,2,2,1,4,0,0,0,0,0,0,0,0,0,0,0,0,0,0
583573,'C8H16',1,3,3,2,2,4,1,2,0,0,0,0,0,0,0,0,0,0,0,0,0,0
584941,'C8H18',0,3,3,2,2,2,1,4,0,0,0,0,0,0,0,0,0,0,0,0,0,0
589344,'C7H16',0,3,3,1,2,3,1,3,0,0,0,0,0,0,0,0,0,0,0,0,0,0
589435,'C8H18',0,3,3,2,2,2,1,4,0,0,0,0,0,0,0,0,0,0,0,0,0,0
589537,'C8H18',0,3,3,1,2,4,1,3,0,0,0,0,0,0,0,0,0,0,0,0,0,0
589811,'C8H18',0,3,3,1,2,4,1,3,0,0,0,0,0,0,0,0,0,0,0,0,0,0
590012,'C7H14O2',0,3,23,1,2,3,1,2,0,0,0,0,0,0,0,0,0,0,0,0,0,0
590352,'C7H16',0,3,4,1,2,2,1,4,0,0,0,0,0,0,0,0,0,0,0,0,0,0
590669,'C8H16',1,3,4,1,2,5,1,2,0,0,0,0,0,0,0,0,0,0,0,0,0,0
590738,'C8H18',0,3,4,1,2,3,1,4,0,0,0,0,0,0,0,0,0,0,0,0,0,0
591504,'C6H5I1',1,3,64,1,11,1,10,5,0,0,0,0,0,0,0,0,0,0,0,0,0,0
591764,'C7H16',0,3,3,1,2,3,1,3,0,0,0,0,0,0,0,0,0,0,0,0,0,0
591786,'C6H12O1',0,3,19,1,2,3,1,1,0,0,0,0,0,0,0,0,0,0,0,0,0,0
591877,'C5H8O2',0,3,22,1,5,1,2,1,0,0,0,0,0,0,0,0,0,0,0,0,0,0
591935,'C5H8',0,2,5,2,2,1,0,0,0,0,0,0,0,0,0,0,0,0,0,0,0,0
592132,'C8H18',0,3,3,2,2,2,1,4,0,0,0,0,0,0,0,0,0,0,0,0,0,0
592278,'C8H18',0,3,3,1,2,4,1,3,0,0,0,0,0,0,0,0,0,0,0,0,0,0
592767,'C7H14',0,3,5,1,2,4,1,1,0,0,0,0,0,0,0,0,0,0,0,0,0,0
592847,'C5H10O2',0,3,24,1,2,3,1,1,0,0,0,0,0,0,0,0,0,0,0,0,0,0
593453,'C18H38',0,2,2,16,1,2,0,0,0,0,0,0,0,0,0,0,0,0,0,0,0,0
593602,'C2H3Br1',0,2,65,1,5,1,0,0,0,0,0,0,0,0,0,0,0,0,0,0,0,0
593920,'C2H2Br2',0,2,65,2,7,1,0,0,0,0,0,0,0,0,0,0,0,0,0,0,0,0
594365,'C5H11Cl1',0,3,47,1,2,1,1,3,0,0,0,0,0,0,0,0,0,0,0,0,0,0
594821,'C8H18',0,2,4,2,1,6,0,0,0,0,0,0,0,0,0,0,0,0,0,0,0,0
598754,'C5H12O1',0,3,15,1,3,2,1,3,0,0,0,0,0,0,0,0,0,0,0,0,0,0
599644,'C15H16O1',2,5,18,1,11,2,10,9,4,1,1,2,0,0,0,0,0,0,0,0,0,0
600077,'C5H10O2',0,4,43,1,3,1,2,1,1,2,0,0,0,0,0,0,0,0,0,0,0,0
601887,'C6H3Cl2N1O2',1,3,58,1,54,2,10,3,0,0,0,0,0,0,0,0,0,0,0,0,0,0
602017,'C7H6N2O4',1,3,58,2,12,1,10,3,0,0,0,0,0,0,0,0,0,0,0,0,0,0
602039,'C6H5N3O4',1,3,58,2,37,1,10,3,0,0,0,0,0,0,0,0,0,0,0,0,0,0
603838,'C7H8N2O2',1,4,58,1,37,1,12,1,10,3,0,0,0,0,0,0,0,0,0,0,0,0
605027,'C16H12',3,2,11,4,10,12,0,0,0,0,0,0,0,0,0,0,0,0,0,0,0,0
606202,'C7H6N2O4',1,3,58,2,12,1,10,3,0,0,0,0,0,0,0,0,0,0,0,0,0,0
608275,'C6H4Cl2N2O2',1,3,54,2,37,1,10,3,0,0,0,0,0,0,0,0,0,0,0,0,0,0
608935,'C6H1Cl5',1,2,54,5,10,1,0,0,0,0,0,0,0,0,0,0,0,0,0,0,0,0
609267,'C8H18',0,3,3,2,2,2,1,4,0,0,0,0,0,0,0,0,0,0,0,0,0,0
609723,'C9H13N1',1,5,35,1,12,1,11,1,10,4,1,1,0,0,0,0,0,0,0,0,0,0
609938,'C7H6N2O5',1,4,58,2,18,1,12,1,10,2,0,0,0,0,0,0,0,0,0,0,0,0
610399,'C7H6N2O4',1,3,58,2,12,1,10,3,0,0,0,0,0,0,0,0,0,0,0,0,0,0
611143,'C9H12',1,4,13,1,12,1,10,4,1,1,0,0,0,0,0,0,0,0,0,0,0,0
612000,'C14H14',2,4,14,1,11,1,10,10,1,1,0,0,0,0,0,0,0,0,0,0,0,0
617787,'C7H16',0,3,3,1,2,3,1,3,0,0,0,0,0,0,0,0,0,0,0,0,0,0
619158,'C7H6N2O4',1,3,58,2,12,1,10,3,0,0,0,0,0,0,0,0,0,0,0,0,0,0
619998,'C8H18',0,3,3,1,2,4,1,3,0,0,0,0,0,0,0,0,0,0,0,0,0,0
620144,'C9H12',1,4,13,1,12,1,10,4,1,1,0,0,0,0,0,0,0,0,0,0,0,0
621636,'C6H14O3',0,4,26,2,15,1,2,3,1,1,0,0,0,0,0,0,0,0,0,0,0,0
622968,'C9H12',1,4,13,1,12,1,10,4,1,1,0,0,0,0,0,0,0,0,0,0,0,0
622979,'C9H10',1,4,12,1,11,1,10,4,5,1,0,0,0,0,0,0,0,0,0,0,0,0
623427,'C5H10O2',0,3,23,1,2,1,1,2,0,0,0,0,0,0,0,0,0,0,0,0,0,0
624657,'C3H3Cl1',0,2,66,1,45,1,0,0,0,0,0,0,0,0,0,0,0,0,0,0,0,0
625274,'C6H12',0,3,8,1,2,1,1,3,0,0,0,0,0,0,0,0,0,0,0,0,0,0
625456,'C3H6O3',0,3,43,1,25,1,2,1,0,0,0,0,0,0,0,0,0,0,0,0,0,0
627190,'C5H8',0,3,66,1,2,2,1,1,0,0,0,0,0,0,0,0,0,0,0,0,0,0
627203,'C5H10',0,3,6,1,2,1,1,2,0,0,0,0,0,0,0,0,0,0,0,0,0,0
628320,'C5H12O1',0,3,26,1,2,2,1,2,0,0,0,0,0,0,0,0,0,0,0,0,0,0
628637,'C7H14O2',0,3,22,1,2,4,1,1,0,0,0,0,0,0,0,0,0,0,0,0,0,0
628717,'C7H12',0,3,66,1,2,4,1,1,0,0,0,0,0,0,0,0,0,0,0,0,0,0
628739,'C6H11N1',0,3,42,1,2,3,1,1,0,0,0,0,0,0,0,0,0,0,0,0,0,0
628762,'C5H10Cl2',0,2,45,2,2,3,0,0,0,0,0,0,0,0,0,0,0,0,0,0,0,0
628819,'C6H14O1',0,3,26,1,2,3,1,2,0,0,0,0,0,0,0,0,0,0,0,0,0,0
629050,'C8H14',0,3,66,1,2,5,1,1,0,0,0,0,0,0,0,0,0,0,0,0,0,0
629118,'C6H14O2',0,2,15,2,2,6,0,0,0,0,0,0,0,0,0,0,0,0,0,0,0,0
629505,'C13H28',0,2,2,11,1,2,0,0,0,0,0,0,0,0,0,0,0,0,0,0,0,0
629594,'C14H30',0,2,2,12,1,2,0,0,0,0,0,0,0,0,0,0,0,0,0,0,0,0
629629,'C15H32',0,2,2,13,1,2,0,0,0,0,0,0,0,0,0,0,0,0,0,0,0,0
629732,'C16H32',0,3,5,1,2,13,1,1,0,0,0,0,0,0,0,0,0,0,0,0,0,0
629765,'C15H32O1',0,3,15,1,2,14,1,1,0,0,0,0,0,0,0,0,0,0,0,0,0,0
629787,'C17H36',0,2,2,15,1,2,0,0,0,0,0,0,0,0,0,0,0,0,0,0,0,0
629925,'C19H40',0,2,2,17,1,2,0,0,0,0,0,0,0,0,0,0,0,0,0,0,0,0
630206,'C2H2Cl4',0,2,52,1,45,1,0,0,0,0,0,0,0,0,0,0,0,0,0,0,0,0
632519,'C26H20',4,3,11,4,10,20,9,1,0,0,0,0,0,0,0,0,0,0,0,0,0,0
646048,'C5H10',0,3,6,1,2,1,1,2,0,0,0,0,0,0,0,0,0,0,0,0,0,0
646300,'C19H38O2',0,3,43,1,2,17,1,1,0,0,0,0,0,0,0,0,0,0,0,0,0,0
689974,'C4H4',0,2,66,1,5,1,0,0,0,0,0,0,0,0,0,0,0,0,0,0,0,0
691372,'C6H12',0,4,5,1,3,1,2,1,1,2,0,0,0,0,0,0,0,0,0,0,0,0
692455,'C3H4O2',0,2,24,1,5,1,0,0,0,0,0,0,0,0,0,0,0,0,0,0,0,0
693027,'C6H10',0,3,66,1,2,3,1,1,0,0,0,0,0,0,0,0,0,0,0,0,0,0
695067,'C6H10O2',1,4,23,1,3,1,2,2,1,1,0,0,0,0,0,0,0,0,0,0,0,0
760214,'C6H12',0,3,7,1,2,2,1,2,0,0,0,0,0,0,0,0,0,0,0,0,0,0
760236,'C4H6Cl2',0,3,46,1,45,1,5,1,0,0,0,0,0,0,0,0,0,0,0,0,0,0
763291,'C6H12',0,3,7,1,2,2,1,2,0,0,0,0,0,0,0,0,0,0,0,0,0,0
765344,'C3H4O2',1,3,26,1,21,1,3,1,0,0,0,0,0,0,0,0,0,0,0,0,0,0
767099,'C6H12',0,3,5,1,2,3,1,1,0,0,0,0,0,0,0,0,0,0,0,0,0,0
767599,'C10H10',2,5,14,1,11,1,10,4,6,1,1,1,0,0,0,0,0,0,0,0,0,0
770503,'C8H16',0,3,5,1,2,5,1,1,0,0,0,0,0,0,0,0,0,0,0,0,0,0
777377,'C7H3Cl1F3N1O2',1,5,74,1,58,1,54,1,11,1,10,3,0,0,0,0,0,0,0,0,0,0
789479,'C18H13N1',4,3,37,1,11,6,10,11,0,0,0,0,0,0,0,0,0,0,0,0,0,0
821954,'C11H22',0,3,5,1,2,8,1,1,0,0,0,0,0,0,0,0,0,0,0,0,0,0
827521,'C12H16',2,3,14,1,10,5,2,5,0,0,0,0,0,0,0,0,0,0,0,0,0,0
871830,'C10H22',0,3,3,1,2,6,1,3,0,0,0,0,0,0,0,0,0,0,0,0,0,0
872504,'C5H9N1O1',1,1,85,1,0,0,0,0,0,0,0,0,0,0,0,0,0,0,0,0,0,0
921471,'C9H20',0,3,3,3,2,1,1,5,0,0,0,0,0,0,0,0,0,0,0,0,0,0
922281,'C9H20',0,3,3,2,2,3,1,4,0,0,0,0,0,0,0,0,0,0,0,0,0,0
926829,'C9H20',0,3,3,2,2,3,1,4,0,0,0,0,0,0,0,0,0,0,0,0,0,0
932321,'C7H8Cl1N1',1,4,54,1,37,1,12,1,10,3,0,0,0,0,0,0,0,0,0,0,0,0
932967,'C7H8Cl1N1',1,4,54,1,37,1,12,1,10,3,0,0,0,0,0,0,0,0,0,0,0,0
939275,'C12H12',2,4,13,1,11,2,10,7,1,1,0,0,0,0,0,0,0,0,0,0,0,0
1002842,'C15H30O2',0,3,43,1,2,13,1,1,0,0,0,0,0,0,0,0,0,0,0,0,0,0
1024573,'C10H5Cl7O1',5,7,70,2,50,1,47,2,46,1,27,1,9,1,3,3,0,0,0,0,0,0
1067089,'C8H18',0,3,4,1,2,3,1,4,0,0,0,0,0,0,0,0,0,0,0,0,0,0
1067205,'C9H20',0,3,4,1,2,4,1,4,0,0,0,0,0,0,0,0,0,0,0,0,0,0
1068195,'C9H20',0,3,4,1,2,4,1,4,0,0,0,0,0,0,0,0,0,0,0,0,0,0
1068877,'C9H20',0,3,3,3,2,1,1,5,0,0,0,0,0,0,0,0,0,0,0,0,0,0
1069530,'C9H20',0,3,3,3,2,1,1,5,0,0,0,0,0,0,0,0,0,0,0,0,0,0
1070833,'C6H12O2',0,4,43,1,4,1,2,1,1,3,0,0,0,0,0,0,0,0,0,0,0,0
1070877,'C9H20',0,3,4,2,2,1,1,6,0,0,0,0,0,0,0,0,0,0,0,0,0,0
1071267,'C9H20',0,3,4,1,2,4,1,4,0,0,0,0,0,0,0,0,0,0,0,0,0,0
1071814,'C10H22',0,3,4,2,2,2,1,6,0,0,0,0,0,0,0,0,0,0,0,0,0,0
1072055,'C9H20',0,3,3,2,2,3,1,4,0,0,0,0,0,0,0,0,0,0,0,0,0,0
1072168,'C10H22',0,3,3,2,2,4,1,4,0,0,0,0,0,0,0,0,0,0,0,0,0,0
1077163,'C12H18',1,4,13,1,10,5,2,4,1,1,0,0,0,0,0,0,0,0,0,0,0,0
1081772,'C15H24',1,4,13,1,10,5,2,7,1,1,0,0,0,0,0,0,0,0,0,0,0,0
1116763,'C24H51N1',0,3,36,1,2,20,1,3,0,0,0,0,0,0,0,0,0,0,0,0,0,0
1120065,'C10H22O1',0,4,15,1,3,1,2,7,1,2,0,0,0,0,0,0,0,0,0,0,0,0
1120214,'C11H24',0,2,2,9,1,2,0,0,0,0,0,0,0,0,0,0,0,0,0,0,0,0
1120361,'C14H28',0,3,5,1,2,11,1,1,0,0,0,0,0,0,0,0,0,0,0,0,0,0
1127760,'C12H12',2,4,13,1,11,2,10,7,1,1,0,0,0,0,0,0,0,0,0,0,0,0
1186534,'C9H20',0,3,4,1,3,2,1,6,0,0,0,0,0,0,0,0,0,0,0,0,0,0
1189997,'C10H22',0,4,4,1,3,1,2,3,1,5,0,0,0,0,0,0,0,0,0,0,0,0
1190836,'C10H22',0,4,4,1,3,1,2,3,1,5,0,0,0,0,0,0,0,0,0,0,0,0
1227232,'C6H7N1O1',1,3,37,1,18,1,10,4,0,0,0,0,0,0,0,0,0,0,0,0,0,0
1300716,'C8H10O1',1,3,18,1,12,2,10,3,0,0,0,0,0,0,0,0,0,0,0,0,0,0
1319773,'C7H8O1',1,3,18,1,12,1,10,4,0,0,0,0,0,0,0,0,0,0,0,0,0,0
1321104,'C7H7Cl1O1',1,4,54,1,18,1,12,1,10,3,0,0,0,0,0,0,0,0,0,0,0,0
1321115,'C7H7N1O2',1,4,43,1,37,1,11,1,10,4,0,0,0,0,0,0,0,0,0,0,0,0
1322209,'C12H10O1',2,3,18,1,11,2,10,9,0,0,0,0,0,0,0,0,0,0,0,0,0,0
1323655,'C24H42O1',1,5,18,1,13,2,10,3,2,14,1,2,0,0,0,0,0,0,0,0,0,0
1330207,'C8H10',1,2,12,2,10,4,0,0,0,0,0,0,0,0,0,0,0,0,0,0,0,0
1335871,'C10H2Cl6',2,3,54,6,11,2,10,2,0,0,0,0,0,0,0,0,0,0,0,0,0,0
1344305,'C10H12N2O5',1,6,58,2,18,1,14,1,10,2,2,1,1,2,0,0,0,0,0,0,0,0
1441948,'C8H18O2',0,5,15,2,4,1,3,2,2,1,1,4,0,0,0,0,0,0,0,0,0,0
1446613,'C20H31N1',3,9,30,1,14,1,13,1,11,1,10,3,4,2,3,1,2,4,1,4,0,0
1454804,'C12H12N2',2,3,37,2,11,2,10,8,0,0,0,0,0,0,0,0,0,0,0,0,0,0
1454859,'C17H36O1',0,3,15,1,2,16,1,1,0,0,0,0,0,0,0,0,0,0,0,0,0,0
1476115,'C4H6Cl2',0,2,45,2,6,1,0,0,0,0,0,0,0,0,0,0,0,0,0,0,0,0
1615801,'C4H12N2',0,2,33,2,1,2,0,0,0,0,0,0,0,0,0,0,0,0,0,0,0,0
1632162,'C8H16',0,3,7,1,2,4,1,2,0,0,0,0,0,0,0,0,0,0,0,0,0,0
1634044,'C5H12O1',0,3,25,1,4,1,1,3,0,0,0,0,0,0,0,0,0,0,0,0,0,0
1638262,'C7H14',1,3,4,1,2,4,1,2,0,0,0,0,0,0,0,0,0,0,0,0,0,0
1640897,'C7H14',1,3,3,1,2,5,1,1,0,0,0,0,0,0,0,0,0,0,0,0,0,0
1678917,'C8H16',1,3,3,1,2,6,1,1,0,0,0,0,0,0,0,0,0,0,0,0,0,0
1678928,'C9H18',1,3,3,1,2,7,1,1,0,0,0,0,0,0,0,0,0,0,0,0,0,0
1678939,'C10H20',1,3,3,1,2,8,1,1,0,0,0,0,0,0,0,0,0,0,0,0,0,0
1696022,'C6H12',0,3,6,1,3,1,1,3,0,0,0,0,0,0,0,0,0,0,0,0,0,0
1708298,'C4H6O1',1,3,26,1,6,1,2,1,0,0,0,0,0,0,0,0,0,0,0,0,0,0
2016424,'C14H31N1',0,3,30,1,2,12,1,1,0,0,0,0,0,0,0,0,0,0,0,0,0,0
2016571,'C10H23N1',0,3,30,1,2,8,1,1,0,0,0,0,0,0,0,0,0,0,0,0,0,0
2040962,'C8H16',1,3,3,1,2,6,1,1,0,0,0,0,0,0,0,0,0,0,0,0,0,0
2051301,'C10H22',0,3,3,2,2,4,1,4,0,0,0,0,0,0,0,0,0,0,0,0,0,0
2051607,'C12H9Cl1',2,3,54,1,11,2,10,9,0,0,0,0,0,0,0,0,0,0,0,0,0,0
2136892,'C7H4Cl1F3',1,4,74,1,54,1,11,1,10,4,0,0,0,0,0,0,0,0,0,0,0,0
2177471,'C10H10',2,5,13,1,11,1,10,4,8,1,1,1,0,0,0,0,0,0,0,0,0,0
2207047,'C8H16',1,3,3,2,2,4,1,2,0,0,0,0,0,0,0,0,0,0,0,0,0,0
2213232,'C9H20',0,3,3,2,2,3,1,4,0,0,0,0,0,0,0,0,0,0,0,0,0,0
2216300,'C9H20',0,3,3,2,2,3,1,4,0,0,0,0,0,0,0,0,0,0,0,0,0,0
2216322,'C9H20',0,3,3,1,2,5,1,3,0,0,0,0,0,0,0,0,0,0,0,0,0,0
2216333,'C9H20',0,3,3,1,2,5,1,3,0,0,0,0,0,0,0,0,0,0,0,0,0,0
2216344,'C9H20',0,3,3,1,2,5,1,3,0,0,0,0,0,0,0,0,0,0,0,0,0,0
2437561,'C13H26',0,3,5,1,2,10,1,1,0,0,0,0,0,0,0,0,0,0,0,0,0,0
2456271,'C18H38O1',0,3,26,1,2,15,1,2,0,0,0,0,0,0,0,0,0,0,0,0,0,0
2613618,'C10H22',0,3,3,3,2,2,1,5,0,0,0,0,0,0,0,0,0,0,0,0,0,0
2622211,'C8H12',1,3,8,1,5,1,2,4,0,0,0,0,0,0,0,0,0,0,0,0,0,0
2683434,'C6H4Cl2N2O2',1,4,58,1,54,2,37,1,10,2,0,0,0,0,0,0,0,0,0,0,0,0
2849367,'C12H10Cl2N2',2,4,54,2,37,2,11,2,10,6,0,0,0,0,0,0,0,0,0,0,0,0
2870044,'C10H14',1,4,13,1,12,2,10,3,1,1,0,0,0,0,0,0,0,0,0,0,0,0
3074713,'C9H20',0,3,3,2,2,3,1,4,0,0,0,0,0,0,0,0,0,0,0,0,0,0
3074757,'C9H20',0,3,3,2,2,3,1,4,0,0,0,0,0,0,0,0,0,0,0,0,0,0
3074768,'C9H20',0,3,4,1,2,4,1,4,0,0,0,0,0,0,0,0,0,0,0,0,0,0
3074779,'C9H20',0,3,3,2,2,3,1,4,0,0,0,0,0,0,0,0,0,0,0,0,0,0
3178298,'C10H22',0,3,3,1,2,6,1,3,0,0,0,0,0,0,0,0,0,0,0,0,0,0
3221612,'C9H20',0,3,3,1,2,5,1,3,0,0,0,0,0,0,0,0,0,0,0,0,0,0
3452093,'C9H16',0,3,66,1,2,6,1,1,0,0,0,0,0,0,0,0,0,0,0,0,0,0
3522949,'C9H20',0,4,4,1,3,1,2,2,1,5,0,0,0,0,0,0,0,0,0,0,0,0
3741002,'C10H20',1,3,3,1,2,8,1,1,0,0,0,0,0,0,0,0,0,0,0,0,0,0
4032864,'C9H20',0,3,4,1,2,4,1,4,0,0,0,0,0,0,0,0,0,0,0,0,0,0
4032922,'C10H22',0,4,4,1,3,1,2,3,1,5,0,0,0,0,0,0,0,0,0,0,0,0
4032933,'C10H22',0,3,3,3,2,2,1,5,0,0,0,0,0,0,0,0,0,0,0,0,0,0
4032944,'C10H22',0,3,3,2,2,4,1,4,0,0,0,0,0,0,0,0,0,0,0,0,0,0
4048333,'C6H15N1O1',0,3,30,1,15,1,2,5,0,0,0,0,0,0,0,0,0,0,0,0,0,0
4110445,'C10H22',0,3,4,1,2,5,1,4,0,0,0,0,0,0,0,0,0,0,0,0,0,0
4170303,'C4H6O1',0,3,21,1,6,1,1,1,0,0,0,0,0,0,0,0,0,0,0,0,0,0
4352958,'C7H14O1',0,3,19,1,2,4,1,1,0,0,0,0,0,0,0,0,0,0,0,0,0,0
4773835,'C12H14',2,5,14,1,11,1,10,4,9,1,1,3,0,0,0,0,0,0,0,0,0,0
5131588,'C6H7N3O2',1,3,58,1,37,2,10,3,0,0,0,0,0,0,0,0,0,0,0,0,0,0
5171846,'C10H22',0,3,4,2,2,2,1,6,0,0,0,0,0,0,0,0,0,0,0,0,0,0
5221170,'C3H6Br2O1',0,4,65,2,15,1,3,1,2,2,0,0,0,0,0,0,0,0,0,0,0,0
5582821,'C8H18O1',0,4,15,1,4,1,2,4,1,3,0,0,0,0,0,0,0,0,0,0,0,0
5881174,'C10H22',0,3,3,1,2,6,1,3,0,0,0,0,0,0,0,0,0,0,0,0,0,0
5911046,'C10H22',0,3,3,1,2,6,1,3,0,0,0,0,0,0,0,0,0,0,0,0,0,0
6032297,'C5H12O1',0,4,15,1,3,1,2,2,1,2,0,0,0,0,0,0,0,0,0,0,0,0
6064637,'C6H12O3',0,5,43,1,15,1,3,1,2,3,1,1,0,0,0,0,0,0,0,0,0,0
6400540,'C12H23N1',2,3,34,1,3,1,2,10,0,0,0,0,0,0,0,0,0,0,0,0,0,0
6443921,'C7H14',0,3,6,1,2,3,1,2,0,0,0,0,0,0,0,0,0,0,0,0,0,0
6742547,'C17H28',1,4,13,1,10,5,2,9,1,1,0,0,0,0,0,0,0,0,0,0,0,0
7146603,'C10H22',0,3,3,2,2,4,1,4,0,0,0,0,0,0,0,0,0,0,0,0,0,0
7154792,'C9H20',0,3,4,2,2,1,1,6,0,0,0,0,0,0,0,0,0,0,0,0,0,0
7154805,'C10H22',0,4,4,1,3,1,2,3,1,5,0,0,0,0,0,0,0,0,0,0,0,0
7220260,'C10H22',0,3,3,3,2,2,1,5,0,0,0,0,0,0,0,0,0,0,0,0,0,0
7642151,'C8H16',0,3,6,1,2,4,1,2,0,0,0,0,0,0,0,0,0,0,0,0,0,0
7688213,'C6H12',0,3,6,1,2,2,1,2,0,0,0,0,0,0,0,0,0,0,0,0,0,0
7732185,'H2O1',0,1,17,1,0,0,0,0,0,0,0,0,0,0,0,0,0,0,0,0,0,0
9004959,'C16H34O1',0,3,15,1,2,15,1,1,0,0,0,0,0,0,0,0,0,0,0,0,0,0
10486198,'C13H26O1',0,3,21,1,2,11,1,1,0,0,0,0,0,0,0,0,0,0,0,0,0,0
12408105,'C6H2Cl4',1,2,54,4,10,2,0,0,0,0,0,0,0,0,0,0,0,0,0,0,0,0
12789036,'C10H6Cl8',4,7,70,2,50,1,47,2,46,2,9,1,3,2,2,1,0,0,0,0,0,0
13019088,'C12H8Cl2',2,3,54,2,11,2,10,8,0,0,0,0,0,0,0,0,0,0,0,0,0,0
13475780,'C10H22',0,3,3,2,2,4,1,4,0,0,0,0,0,0,0,0,0,0,0,0,0,0
13475791,'C10H22',0,2,3,4,1,6,0,0,0,0,0,0,0,0,0,0,0,0,0,0,0,0
13475815,'C10H22',0,3,4,2,2,2,1,6,0,0,0,0,0,0,0,0,0,0,0,0,0,0
13952846,'C4H11N1',0,3,31,1,2,1,1,2,0,0,0,0,0,0,0,0,0,0,0,0,0,0
14676290,'C10H22',0,3,3,2,2,4,1,4,0,0,0,0,0,0,0,0,0,0,0,0,0,0
14720742,'C10H22',0,4,4,1,3,1,2,3,1,5,0,0,0,0,0,0,0,0,0,0,0,0
15869804,'C9H20',0,3,3,1,2,5,1,3,0,0,0,0,0,0,0,0,0,0,0,0,0,0
15869859,'C10H22',0,3,3,1,2,6,1,3,0,0,0,0,0,0,0,0,0,0,0,0,0,0
15869860,'C10H22',0,3,3,1,2,6,1,3,0,0,0,0,0,0,0,0,0,0,0,0,0,0
15869871,'C10H22',0,3,4,1,2,5,1,4,0,0,0,0,0,0,0,0,0,0,0,0,0,0
15869893,'C10H22',0,3,3,2,2,4,1,4,0,0,0,0,0,0,0,0,0,0,0,0,0,0
15869928,'C10H22',0,3,3,2,2,4,1,4,0,0,0,0,0,0,0,0,0,0,0,0,0,0
15869939,'C10H22',0,3,3,2,2,4,1,4,0,0,0,0,0,0,0,0,0,0,0,0,0,0
15869940,'C10H22',0,3,3,2,2,4,1,4,0,0,0,0,0,0,0,0,0,0,0,0,0,0
15869951,'C10H22',0,3,4,1,2,5,1,4,0,0,0,0,0,0,0,0,0,0,0,0,0,0
15869962,'C10H22',0,3,3,2,2,4,1,4,0,0,0,0,0,0,0,0,0,0,0,0,0,0
16747254,'C9H20',0,4,4,1,3,1,2,2,1,5,0,0,0,0,0,0,0,0,0,0,0,0
16747265,'C9H20',0,4,4,1,3,1,2,2,1,5,0,0,0,0,0,0,0,0,0,0,0,0
16747287,'C9H20',0,4,4,1,3,1,2,2,1,5,0,0,0,0,0,0,0,0,0,0,0,0
16747301,'C9H20',0,4,4,1,3,1,2,2,1,5,0,0,0,0,0,0,0,0,0,0,0,0
16747312,'C9H20',0,4,4,1,3,1,2,2,1,5,0,0,0,0,0,0,0,0,0,0,0,0
16747323,'C9H20',0,4,4,1,3,1,2,2,1,5,0,0,0,0,0,0,0,0,0,0,0,0
16747334,'C9H20',0,4,4,1,3,1,2,2,1,5,0,0,0,0,0,0,0,0,0,0,0,0
16747389,'C9H20',0,3,4,1,3,2,1,6,0,0,0,0,0,0,0,0,0,0,0,0,0,0
16747425,'C10H22',0,4,4,1,3,2,2,1,1,6,0,0,0,0,0,0,0,0,0,0,0,0
16747447,'C10H22',0,3,4,2,3,1,1,7,0,0,0,0,0,0,0,0,0,0,0,0,0,0
16747458,'C10H22',0,3,4,2,3,1,1,7,0,0,0,0,0,0,0,0,0,0,0,0,0,0
16789461,'C9H20',0,3,3,2,2,3,1,4,0,0,0,0,0,0,0,0,0,0,0,0,0,0
17301949,'C10H22',0,3,3,1,2,6,1,3,0,0,0,0,0,0,0,0,0,0,0,0,0,0
17302011,'C10H22',0,3,4,1,2,5,1,4,0,0,0,0,0,0,0,0,0,0,0,0,0,0
17302022,'C10H22',0,3,4,1,2,5,1,4,0,0,0,0,0,0,0,0,0,0,0,0,0,0
17302044,'C10H22',0,3,4,1,2,5,1,4,0,0,0,0,0,0,0,0,0,0,0,0,0,0
19398777,'C10H22',0,3,3,2,2,4,1,4,0,0,0,0,0,0,0,0,0,0,0,0,0,0
20278846,'C10H22',0,3,3,3,2,2,1,5,0,0,0,0,0,0,0,0,0,0,0,0,0,0
20278857,'C10H22',0,3,3,3,2,2,1,5,0,0,0,0,0,0,0,0,0,0,0,0,0,0
20278879,'C10H22',0,4,4,1,3,1,2,3,1,5,0,0,0,0,0,0,0,0,0,0,0,0
20278880,'C10H22',0,4,4,1,3,1,2,3,1,5,0,0,0,0,0,0,0,0,0,0,0,0
20278891,'C10H22',0,3,3,3,2,2,1,5,0,0,0,0,0,0,0,0,0,0,0,0,0,0
20291912,'C10H22',0,4,4,1,3,1,2,3,1,5,0,0,0,0,0,0,0,0,0,0,0,0
20291956,'C10H22',0,4,4,1,3,1,2,3,1,5,0,0,0,0,0,0,0,0,0,0,0,0
20525375,'C10H20',0,3,5,1,2,7,1,1,0,0,0,0,0,0,0,0,0,0,0,0,0,0
20776629,'C7H5Cl2N1O2',1,5,54,2,43,1,37,1,11,1,10,2,0,0,0,0,0,0,0,0,0,0
21423869,'C10H10',2,3,6,4,3,2,0,0,0,0,0,0,0,0,0,0,0,0,0,0,0,0
25154523,'C15H24O1',1,5,18,1,13,1,10,4,2,7,1,1,0,0,0,0,0,0,0,0,0,0
25154556,'C6H5N1O3',1,3,58,1,18,1,10,4,0,0,0,0,0,0,0,0,0,0,0,0,0,0
25167811,'C6H4Cl2O1',1,3,54,2,18,1,10,3,0,0,0,0,0,0,0,0,0,0,0,0,0,0
25167822,'C6H3Cl3O1',1,3,54,3,18,1,10,2,0,0,0,0,0,0,0,0,0,0,0,0,0,0
25167833,'C6H2Cl4O1',1,3,54,4,18,1,10,1,0,0,0,0,0,0,0,0,0,0,0,0,0,0
25265718,'C6H14O3',0,3,26,1,15,2,2,5,0,0,0,0,0,0,0,0,0,0,0,0,0,0
25323686,'C12H7Cl3',2,3,54,3,11,2,10,7,0,0,0,0,0,0,0,0,0,0,0,0,0,0
25378227,'C12H24',0,3,5,1,2,9,1,1,0,0,0,0,0,0,0,0,0,0,0,0,0,0
25429292,'C12H5Cl5',2,3,54,5,11,2,10,5,0,0,0,0,0,0,0,0,0,0,0,0,0,0
25512429,'C12H8Cl2',2,3,54,2,11,2,10,8,0,0,0,0,0,0,0,0,0,0,0,0,0,0
25551137,'C9H12',1,2,12,3,10,3,0,0,0,0,0,0,0,0,0,0,0,0,0,0,0,0
25619607,'C10H14',1,2,12,4,10,2,0,0,0,0,0,0,0,0,0,0,0,0,0,0,0,0
25639423,'C7H14O1',1,4,15,1,3,2,2,4,1,1,0,0,0,0,0,0,0,0,0,0,0,0
26438266,'C19H26',2,5,13,1,11,2,10,7,2,7,1,1,0,0,0,0,0,0,0,0,0,0
26438277,'C20H28',2,5,13,1,11,2,10,7,2,8,1,1,0,0,0,0,0,0,0,0,0,0
26601649,'C12H4Cl6',2,3,54,6,11,2,10,4,0,0,0,0,0,0,0,0,0,0,0,0,0,0
26914181,'C15H12',3,3,12,1,11,4,10,9,0,0,0,0,0,0,0,0,0,0,0,0,0,0
26914330,'C12H6Cl4',2,3,54,4,11,2,10,6,0,0,0,0,0,0,0,0,0,0,0,0,0,0
27154445,'C6H6Cl6',1,1,46,6,0,0,0,0,0,0,0,0,0,0,0,0,0,0,0,0,0,0
27178832,'C7H5N1O4',1,4,58,1,43,1,11,1,10,4,0,0,0,0,0,0,0,0,0,0,0,0
27195671,'C8H16',1,3,3,2,2,4,1,2,0,0,0,0,0,0,0,0,0,0,0,0,0,0
27323188,'C12H9Cl1',2,3,54,1,11,2,10,9,0,0,0,0,0,0,0,0,0,0,0,0,0,0
27400788,'C20H40',0,3,5,1,2,17,1,1,0,0,0,0,0,0,0,0,0,0,0,0,0,0
27598818,'C8H10O2',1,3,25,2,11,2,10,4,0,0,0,0,0,0,0,0,0,0,0,0,0,0
28346705,'C10H8O2',2,3,18,2,11,2,10,6,0,0,0,0,0,0,0,0,0,0,0,0,0,0
28675174,'C18H31N1',1,5,37,1,13,1,10,4,2,10,1,1,0,0,0,0,0,0,0,0,0,0
28984852,'C12H9N1O2',2,3,58,1,11,2,10,9,0,0,0,0,0,0,0,0,0,0,0,0,0,0
29758892,'C7H3Cl2F3',1,4,74,1,54,2,11,1,10,3,0,0,0,0,0,0,0,0,0,0,0,0
32114606,'C7H10N2O1',1,4,37,2,25,1,11,1,10,3,0,0,0,0,0,0,0,0,0,0,0,0
32768540,'C7H6Cl2',1,3,54,2,12,1,10,3,0,0,0,0,0,0,0,0,0,0,0,0,0,0
43178070,'C20H16',4,3,12,2,11,6,10,10,0,0,0,0,0,0,0,0,0,0,0,0,0,0
51750653,'C10H22',0,3,4,2,2,2,1,6,0,0,0,0,0,0,0,0,0,0,0,0,0,0
52783445,'C17H36O1',0,3,15,1,2,16,1,1,0,0,0,0,0,0,0,0,0,0,0,0,0,0
52896874,'C10H22',0,3,3,2,2,4,1,4,0,0,0,0,0,0,0,0,0,0,0,0,0,0
52896885,'C10H22',0,3,3,2,2,4,1,4,0,0,0,0,0,0,0,0,0,0,0,0,0,0
52896896,'C10H22',0,3,3,2,2,4,1,4,0,0,0,0,0,0,0,0,0,0,0,0,0,0
52896910,'C10H22',0,3,3,2,2,4,1,4,0,0,0,0,0,0,0,0,0,0,0,0,0,0
52896921,'C10H22',0,4,4,1,3,1,2,3,1,5,0,0,0,0,0,0,0,0,0,0,0,0
52896932,'C10H22',0,4,4,1,3,1,2,3,1,5,0,0,0,0,0,0,0,0,0,0,0,0
52896954,'C10H22',0,3,3,3,2,2,1,5,0,0,0,0,0,0,0,0,0,0,0,0,0,0
52896998,'C10H22',0,4,4,1,3,1,2,3,1,5,0,0,0,0,0,0,0,0,0,0,0,0
52897004,'C10H22',0,4,4,1,3,1,2,3,1,5,0,0,0,0,0,0,0,0,0,0,0,0
52897015,'C10H22',0,3,3,3,2,2,1,5,0,0,0,0,0,0,0,0,0,0,0,0,0,0
52897037,'C10H22',0,4,4,1,3,1,2,3,1,5,0,0,0,0,0,0,0,0,0,0,0,0
52897048,'C10H22',0,3,3,3,2,2,1,5,0,0,0,0,0,0,0,0,0,0,0,0,0,0
52897059,'C10H22',0,4,4,1,3,1,2,3,1,5,0,0,0,0,0,0,0,0,0,0,0,0
52897060,'C10H22',0,4,4,1,3,1,2,3,1,5,0,0,0,0,0,0,0,0,0,0,0,0
52897082,'C10H22',0,4,4,1,3,2,2,1,1,6,0,0,0,0,0,0,0,0,0,0,0,0
52897093,'C10H22',0,4,4,1,3,2,2,1,1,6,0,0,0,0,0,0,0,0,0,0,0,0
52897106,'C10H22',0,4,4,1,3,2,2,1,1,6,0,0,0,0,0,0,0,0,0,0,0,0
52897117,'C10H22',0,4,4,1,3,2,2,1,1,6,0,0,0,0,0,0,0,0,0,0,0,0
52897128,'C10H22',0,4,4,1,3,2,2,1,1,6,0,0,0,0,0,0,0,0,0,0,0,0
52897151,'C10H22',0,2,3,4,1,6,0,0,0,0,0,0,0,0,0,0,0,0,0,0,0,0
52897162,'C10H22',0,4,4,1,3,1,2,3,1,5,0,0,0,0,0,0,0,0,0,0,0,0
52897173,'C10H22',0,3,4,2,2,2,1,6,0,0,0,0,0,0,0,0,0,0,0,0,0,0
52897195,'C10H22',0,4,4,1,3,2,2,1,1,6,0,0,0,0,0,0,0,0,0,0,0,0
56286487,'C6H7Cl1N2',1,3,54,1,37,2,10,3,0,0,0,0,0,0,0,0,0,0,0,0,0,0
59308484,'C6H12Cl2O1',0,3,45,2,26,1,2,3,0,0,0,0,0,0,0,0,0,0,0,0,0,0
61887078,'C8H8Cl2O2',1,4,54,2,25,2,11,2,10,2,0,0,0,0,0,0,0,0,0,0,0,0
62016131,'C10H22',0,3,3,3,2,2,1,5,0,0,0,0,0,0,0,0,0,0,0,0,0,0
62813370,'C14H11N1',3,3,37,1,11,4,10,9,0,0,0,0,0,0,0,0,0,0,0,0,0,0
63681538,'C8H8Cl2O2',1,4,54,2,25,2,11,2,10,2,0,0,0,0,0,0,0,0,0,0,0,0
65436568,'C10H22',0,3,3,2,2,4,1,4,0,0,0,0,0,0,0,0,0,0,0,0,0,0
74199636,'C14H16N2O2',2,4,37,2,25,2,11,4,10,6,0,0,0,0,0,0,0,0,0,0,0,0
76838909,'C14H16N2',2,3,10,8,11,4,32,2,0,0,0,0,0,0,0,0,0,0,0,0,0,0
80110867,'C15H10O2',3,3,43,1,11,5,10,9,0,0,0,0,0,0,0,0,0,0,0,0,0,0
50782,'C9H8O4',1,4,43,1,22,1,11,2,10,4,0,0,0,0,0,0,0,0,0,0,0,0
50817,'C6H8O6',1,5,77,1,15,4,9,1,3,2,2,1,0,0,0,0,0,0,0,0,0,0
50997,'C6H12O6',1,3,101,1,15,4,3,4,0,0,0,0,0,0,0,0,0,0,0,0,0,0
56406,'C2H5N1O2',0,2,43,1,30,1,0,0,0,0,0,0,0,0,0,0,0,0,0,0,0,0
57501,'C12H22O11',2,6,101,2,27,1,15,6,4,1,3,5,2,1,0,0,0,0,0,0,0,0
57885,'C27H46O1',4,6,15,1,8,1,4,2,3,7,2,11,1,5,0,0,0,0,0,0,0,0
60004,'C10H16N2O8',0,3,43,4,36,2,2,4,0,0,0,0,0,0,0,0,0,0,0,0,0,0
60242,'C2H6O1S1',0,3,61,1,15,1,2,1,0,0,0,0,0,0,0,0,0,0,0,0,0,0
60355,'C2H5N1O1',0,2,94,1,1,1,0,0,0,0,0,0,0,0,0,0,0,0,0,0,0,0
63912,'C9H11N1O2',1,4,43,1,31,1,13,1,10,5,0,0,0,0,0,0,0,0,0,0,0,0
75183,'C2H6S1',0,2,102,1,1,1,0,0,0,0,0,0,0,0,0,0,0,0,0,0,0,0
75683,'C2H3Cl1F2',0,2,90,1,1,1,0,0,0,0,0,0,0,0,0,0,0,0,0,0,0,0
75763,'C4H12Si1',0,2,81,1,1,4,0,0,0,0,0,0,0,0,0,0,0,0,0,0,0,0
75887,'C2H2Cl1F3',0,2,74,1,45,1,0,0,0,0,0,0,0,0,0,0,0,0,0,0,0,0
75978,'C6H12O1',0,3,19,1,4,1,1,3,0,0,0,0,0,0,0,0,0,0,0,0,0,0
75989,'C5H10O2',0,3,43,1,4,1,1,3,0,0,0,0,0,0,0,0,0,0,0,0,0,0
76119,'C2Cl4F2',0,2,90,1,52,1,0,0,0,0,0,0,0,0,0,0,0,0,0,0,0,0
76120,'C2Cl4F2',0,1,87,2,0,0,0,0,0,0,0,0,0,0,0,0,0,0,0,0,0,0
77736,'C10H12',3,3,6,2,3,4,2,2,0,0,0,0,0,0,0,0,0,0,0,0,0,0
78808,'C5H6',0,3,66,1,7,1,1,1,0,0,0,0,0,0,0,0,0,0,0,0,0,0
78853,'C4H6O1',0,3,21,1,7,1,1,1,0,0,0,0,0,0,0,0,0,0,0,0,0,0
78886,'C3H4Cl2',0,3,70,1,45,1,7,1,0,0,0,0,0,0,0,0,0,0,0,0,0,0
78900,'C3H10N2',0,3,31,1,30,1,1,1,0,0,0,0,0,0,0,0,0,0,0,0,0,0
78999,'C3H6Cl2',0,3,49,1,2,1,1,1,0,0,0,0,0,0,0,0,0,0,0,0,0,0
79016,'C2H1Cl3',0,2,70,3,8,1,0,0,0,0,0,0,0,0,0,0,0,0,0,0,0,0
79061,'C3H5N1O1',0,2,94,1,5,1,0,0,0,0,0,0,0,0,0,0,0,0,0,0,0,0
79163,'C3H7N1O1',0,2,95,1,1,1,0,0,0,0,0,0,0,0,0,0,0,0,0,0,0,0
79209,'C3H6O2',0,2,22,1,1,1,0,0,0,0,0,0,0,0,0,0,0,0,0,0,0,0
79390,'C4H7N1O1',0,3,94,1,7,1,1,1,0,0,0,0,0,0,0,0,0,0,0,0,0,0
79436,'C2H2Cl2O2',0,2,49,1,43,1,0,0,0,0,0,0,0,0,0,0,0,0,0,0,0,0
79925,'C10H16',2,5,7,1,4,1,3,2,2,3,1,2,0,0,0,0,0,0,0,0,0,0
84151,'C18H14',3,2,11,4,10,14,0,0,0,0,0,0,0,0,0,0,0,0,0,0,0,0
84695,'C16H22O4',1,6,77,2,11,2,10,4,3,2,2,2,1,4,0,0,0,0,0,0,0,0
84764,'C26H42O4',1,5,77,2,11,2,10,4,2,16,1,2,0,0,0,0,0,0,0,0,0,0
86895,'C15H18',2,5,13,1,11,2,10,7,2,3,1,1,0,0,0,0,0,0,0,0,0,0
87898,'C6H12O6',1,2,15,6,3,6,0,0,0,0,0,0,0,0,0,0,0,0,0,0,0,0
88722,'C7H7N1O2',1,3,58,1,12,1,10,4,0,0,0,0,0,0,0,0,0,0,0,0,0,0
88744,'C6H6N2O2',1,3,58,1,37,1,10,4,0,0,0,0,0,0,0,0,0,0,0,0,0,0
90426,'C12H20O1',2,3,20,1,3,2,2,8,0,0,0,0,0,0,0,0,0,0,0,0,0,0
92944,'C18H14',3,2,11,4,10,14,0,0,0,0,0,0,0,0,0,0,0,0,0,0,0,0
93549,'C9H12O1',1,5,15,1,14,1,10,5,2,1,1,1,0,0,0,0,0,0,0,0,0,0
94360,'C14H10O4',2,3,77,2,11,2,10,10,0,0,0,0,0,0,0,0,0,0,0,0,0,0
95158,'C8H6S1',2,2,108,1,10,4,0,0,0,0,0,0,0,0,0,0,0,0,0,0,0,0
95545,'C6H8N2',1,2,37,2,10,4,0,0,0,0,0,0,0,0,0,0,0,0,0,0,0,0
95636,'C9H12',1,2,12,3,10,3,0,0,0,0,0,0,0,0,0,0,0,0,0,0,0,0
95658,'C8H10O1',1,3,18,1,12,2,10,3,0,0,0,0,0,0,0,0,0,0,0,0,0,0
95761,'C6H5Cl2N1',1,3,54,2,37,1,10,3,0,0,0,0,0,0,0,0,0,0,0,0,0,0
95874,'C8H10O1',1,3,18,1,12,2,10,3,0,0,0,0,0,0,0,0,0,0,0,0,0,0
95921,'C6H10O4',0,3,77,2,2,2,1,2,0,0,0,0,0,0,0,0,0,0,0,0,0,0
95932,'C10H14',1,2,12,4,10,2,0,0,0,0,0,0,0,0,0,0,0,0,0,0,0,0
96059,'C7H10O2',0,5,77,1,7,1,5,1,2,1,1,1,0,0,0,0,0,0,0,0,0,0
96333,'C4H6O2',0,3,77,1,5,1,1,1,0,0,0,0,0,0,0,0,0,0,0,0,0,0
96344,'C3H5Cl1O2',0,3,77,1,45,1,1,1,0,0,0,0,0,0,0,0,0,0,0,0,0,0
96491,'C3H4O3',1,3,77,1,26,1,2,1,0,0,0,0,0,0,0,0,0,0,0,0,0,0
97621,'C6H12O2',0,4,77,1,3,1,2,1,1,3,0,0,0,0,0,0,0,0,0,0,0,0
97632,'C6H10O2',0,4,77,1,7,1,2,1,1,2,0,0,0,0,0,0,0,0,0,0,0,0
97643,'C5H10O3',0,5,77,1,15,1,3,1,2,1,1,2,0,0,0,0,0,0,0,0,0,0
97654,'C5H6O4',0,3,43,2,7,1,2,1,0,0,0,0,0,0,0,0,0,0,0,0,0,0
97858,'C8H16O2',0,4,77,1,3,2,2,1,1,4,0,0,0,0,0,0,0,0,0,0,0,0
97869,'C8H14O2',0,5,77,1,7,1,3,1,2,1,1,3,0,0,0,0,0,0,0,0,0,0
97881,'C8H14O2',0,4,77,1,7,1,2,3,1,2,0,0,0,0,0,0,0,0,0,0,0,0
97994,'C5H10O2',1,2,101,1,2,3,0,0,0,0,0,0,0,0,0,0,0,0,0,0,0,0
98544,'C10H14O1',1,5,18,1,11,1,10,4,4,1,1,3,0,0,0,0,0,0,0,0,0,0
98851,'C8H10O1',1,4,15,1,14,1,10,5,1,1,0,0,0,0,0,0,0,0,0,0,0,0
99832,'C10H16',1,5,8,1,6,1,3,2,2,1,1,3,0,0,0,0,0,0,0,0,0,0
99854,'C10H16',1,4,8,2,3,1,2,2,1,3,0,0,0,0,0,0,0,0,0,0,0,0
99865,'C10H16',1,4,8,2,3,1,2,2,1,3,0,0,0,0,0,0,0,0,0,0,0,0
99876,'C10H14',1,4,14,1,12,1,10,4,1,2,0,0,0,0,0,0,0,0,0,0,0,0
99934,'C8H8O2',1,4,19,1,18,1,11,1,10,4,0,0,0,0,0,0,0,0,0,0,0,0
99945,'C8H8O2',1,4,43,1,12,1,11,1,10,4,0,0,0,0,0,0,0,0,0,0,0,0
99990,'C7H7N1O2',1,3,58,1,12,1,10,4,0,0,0,0,0,0,0,0,0,0,0,0,0,0
100005,'C6H4Cl1N1O2',1,3,58,1,54,1,10,4,0,0,0,0,0,0,0,0,0,0,0,0,0,0
100016,'C6H6N2O2',1,3,58,1,37,1,10,4,0,0,0,0,0,0,0,0,0,0,0,0,0,0
100185,'C12H18',1,3,14,2,10,4,1,4,0,0,0,0,0,0,0,0,0,0,0,0,0,0
100254,'C6H4N2O4',1,2,58,2,10,4,0,0,0,0,0,0,0,0,0,0,0,0,0,0,0,0
100538,'C7H8S1',1,3,61,1,11,1,10,5,0,0,0,0,0,0,0,0,0,0,0,0,0,0
100801,'C9H10',1,4,12,1,11,1,10,4,5,1,0,0,0,0,0,0,0,0,0,0,0,0
100970,'C6H12N4',3,2,36,4,2,2,0,0,0,0,0,0,0,0,0,0,0,0,0,0,0,0
101837,'C12H23N1',2,3,34,1,3,1,2,10,0,0,0,0,0,0,0,0,0,0,0,0,0,0
103117,'C11H20O2',0,5,77,1,5,1,3,1,2,5,1,2,0,0,0,0,0,0,0,0,0,0
103231,'C22H42O4',0,4,23,2,3,2,2,12,1,4,0,0,0,0,0,0,0,0,0,0,0,0
103300,'C14H12',2,3,11,2,10,10,6,1,0,0,0,0,0,0,0,0,0,0,0,0,0,0
103504,'C14H14O1',2,4,26,1,13,1,11,1,10,10,0,0,0,0,0,0,0,0,0,0,0,0
104574,'C8H8O2',1,3,24,1,13,1,10,5,0,0,0,0,0,0,0,0,0,0,0,0,0,0
105055,'C10H14',1,3,13,2,10,4,1,2,0,0,0,0,0,0,0,0,0,0,0,0,0,0
105340,'C4H5N1O2',0,3,77,1,42,1,1,1,0,0,0,0,0,0,0,0,0,0,0,0,0,0
105395,'C4H7Cl1O2',0,4,77,1,45,1,2,1,1,1,0,0,0,0,0,0,0,0,0,0,0,0
105544,'C6H12O2',0,3,23,1,2,2,1,2,0,0,0,0,0,0,0,0,0,0,0,0,0,0
105566,'C5H7N1O2',0,4,77,1,42,1,2,1,1,1,0,0,0,0,0,0,0,0,0,0,0,0
105577,'C6H14O2',0,3,26,2,3,1,1,3,0,0,0,0,0,0,0,0,0,0,0,0,0,0
105588,'C5H10O3',0,4,77,1,26,1,2,1,1,2,0,0,0,0,0,0,0,0,0,0,0,0
105760,'C12H20O4',0,4,77,2,6,1,2,6,1,2,0,0,0,0,0,0,0,0,0,0,0,0
106354,'C7H14O1',0,3,20,1,2,3,1,2,0,0,0,0,0,0,0,0,0,0,0,0,0,0
106434,'C7H7Cl1',1,3,54,1,12,1,10,4,0,0,0,0,0,0,0,0,0,0,0,0,0,0
106478,'C6H6Cl1N1',1,3,54,1,37,1,10,4,0,0,0,0,0,0,0,0,0,0,0,0,0,0
106489,'C6H5Cl1O1',1,3,54,1,18,1,10,4,0,0,0,0,0,0,0,0,0,0,0,0,0,0
106490,'C7H9N1',1,3,37,1,12,1,10,4,0,0,0,0,0,0,0,0,0,0,0,0,0,0
106638,'C7H12O2',0,5,77,1,5,1,3,1,2,1,1,2,0,0,0,0,0,0,0,0,0,0
106934,'C2H4Br2',0,2,65,2,2,2,0,0,0,0,0,0,0,0,0,0,0,0,0,0,0,0
107164,'C2H3N1O1',0,2,42,1,15,1,0,0,0,0,0,0,0,0,0,0,0,0,0,0,0,0
107222,'C2H2O2',0,1,21,2,0,0,0,0,0,0,0,0,0,0,0,0,0,0,0,0,0,0
107391,'C8H16',0,4,7,1,4,1,2,1,1,4,0,0,0,0,0,0,0,0,0,0,0,0
107460,'C6H18O1Si2',0,3,84,1,81,1,1,6,0,0,0,0,0,0,0,0,0,0,0,0,0,0
107528,'C14H42O5Si6',0,3,84,5,81,1,1,14,0,0,0,0,0,0,0,0,0,0,0,0,0,0
107891,'C4H8O2',0,5,21,1,15,1,3,1,2,1,1,1,0,0,0,0,0,0,0,0,0,0
107937,'C4H6O2',0,3,43,1,6,1,1,1,0,0,0,0,0,0,0,0,0,0,0,0,0,0
107960,'C3H6O2S1',0,3,61,1,43,1,2,1,0,0,0,0,0,0,0,0,0,0,0,0,0,0
108292,'C5H8O2',1,4,77,1,3,1,2,2,1,1,0,0,0,0,0,0,0,0,0,0,0,0
108327,'C4H6O3',1,4,77,1,26,1,3,1,1,1,0,0,0,0,0,0,0,0,0,0,0,0
108361,'C6H4Br2',1,3,65,2,11,2,10,4,0,0,0,0,0,0,0,0,0,0,0,0,0,0
108656,'C6H12O3',0,5,25,1,22,1,3,1,2,1,1,1,0,0,0,0,0,0,0,0,0,0
108689,'C8H10O1',1,3,18,1,12,2,10,3,0,0,0,0,0,0,0,0,0,0,0,0,0,0
108703,'C6H3Cl3',1,2,54,3,10,3,0,0,0,0,0,0,0,0,0,0,0,0,0,0,0,0
108838,'C9H18O1',0,4,20,1,3,2,2,1,1,4,0,0,0,0,0,0,0,0,0,0,0,0
108894,'C6H7N1',1,2,39,1,1,1,0,0,0,0,0,0,0,0,0,0,0,0,0,0,0,0
109740,'C4H7N1',0,3,42,1,2,1,1,1,0,0,0,0,0,0,0,0,0,0,0,0,0,0
109831,'C3H9N1O1',0,3,32,1,15,1,2,2,0,0,0,0,0,0,0,0,0,0,0,0,0,0
109875,'C3H8O2',0,2,25,2,2,1,0,0,0,0,0,0,0,0,0,0,0,0,0,0,0,0
110010,'C4H8S1',1,2,103,1,2,3,0,0,0,0,0,0,0,0,0,0,0,0,0,0,0,0
110429,'C11H22O2',0,3,23,1,2,7,1,2,0,0,0,0,0,0,0,0,0,0,0,0,0,0
110430,'C7H14O1',0,3,19,1,2,4,1,1,0,0,0,0,0,0,0,0,0,0,0,0,0,0
110770,'C4H10O1S1',0,4,103,1,15,1,2,2,1,1,0,0,0,0,0,0,0,0,0,0,0,0
110816,'C4H10S2',0,2,103,2,1,2,0,0,0,0,0,0,0,0,0,0,0,0,0,0,0,0
110963,'C8H19N1',0,4,33,1,3,2,2,1,1,4,0,0,0,0,0,0,0,0,0,0,0,0
110974,'C6H15N1O2',0,5,33,1,15,2,3,2,2,1,1,2,0,0,0,0,0,0,0,0,0,0
110996,'C4H6O5',0,3,43,2,26,1,2,1,0,0,0,0,0,0,0,0,0,0,0,0,0,0
111013,'C30H62',0,3,3,6,2,16,1,8,0,0,0,0,0,0,0,0,0,0,0,0,0,0
111137,'C8H16O1',0,3,19,1,2,5,1,1,0,0,0,0,0,0,0,0,0,0,0,0,0,0
111160,'C7H12O4',0,2,43,2,2,5,0,0,0,0,0,0,0,0,0,0,0,0,0,0,0,0
111308,'C5H8O2',0,2,21,2,2,3,0,0,0,0,0,0,0,0,0,0,0,0,0,0,0,0
111411,'C4H12N2O1',0,4,33,1,30,1,15,1,2,2,0,0,0,0,0,0,0,0,0,0,0,0
111466,'C4H10O3',0,3,100,1,15,1,2,2,0,0,0,0,0,0,0,0,0,0,0,0,0,0
111477,'C6H14S1',0,3,103,1,2,3,1,2,0,0,0,0,0,0,0,0,0,0,0,0,0,0
111488,'C4H10O2S1',0,3,103,1,15,2,2,3,0,0,0,0,0,0,0,0,0,0,0,0,0,0
111499,'C6H13N1',1,2,33,1,2,5,0,0,0,0,0,0,0,0,0,0,0,0,0,0,0,0
111660,'C8H16',0,3,5,1,2,5,1,1,0,0,0,0,0,0,0,0,0,0,0,0,0,0
111693,'C6H8N2',0,2,42,2,2,2,0,0,0,0,0,0,0,0,0,0,0,0,0,0,0,0
111784,'C8H12',1,2,6,2,2,4,0,0,0,0,0,0,0,0,0,0,0,0,0,0,0,0
111820,'C13H26O2',0,3,23,1,2,9,1,2,0,0,0,0,0,0,0,0,0,0,0,0,0,0
111886,'C8H18S1',0,3,61,1,2,6,1,1,0,0,0,0,0,0,0,0,0,0,0,0,0,0
111900,'C6H14O3',0,4,100,1,26,1,2,2,1,1,0,0,0,0,0,0,0,0,0,0,0,0
112061,'C9H18O2',0,3,22,1,2,6,1,1,0,0,0,0,0,0,0,0,0,0,0,0,0,0
112141,'C10H20O2',0,3,22,1,2,7,1,1,0,0,0,0,0,0,0,0,0,0,0,0,0,0
112174,'C12H24O2',0,3,22,1,2,9,1,1,0,0,0,0,0,0,0,0,0,0,0,0,0,0
112232,'C8H16O2',0,3,24,1,2,6,1,1,0,0,0,0,0,0,0,0,0,0,0,0,0,0
112243,'C6H18N4',0,3,33,2,30,2,2,2,0,0,0,0,0,0,0,0,0,0,0,0,0,0
112323,'C9H18O2',0,3,24,1,2,7,1,1,0,0,0,0,0,0,0,0,0,0,0,0,0,0
112367,'C8H18O3',0,3,26,3,2,3,1,2,0,0,0,0,0,0,0,0,0,0,0,0,0,0
112378,'C11H22O2',0,3,43,1,2,9,1,1,0,0,0,0,0,0,0,0,0,0,0,0,0,0
112414,'C12H24',0,3,5,1,2,9,1,1,0,0,0,0,0,0,0,0,0,0,0,0,0,0
112492,'C8H18O4',0,3,26,2,25,2,2,4,0,0,0,0,0,0,0,0,0,0,0,0,0,0
112732,'C12H26O3',0,3,26,3,2,7,1,2,0,0,0,0,0,0,0,0,0,0,0,0,0,0
116096,'C3H6O2',0,3,19,1,15,1,2,1,0,0,0,0,0,0,0,0,0,0,0,0,0,0
118934,'C8H8O2',1,4,19,1,18,1,11,1,10,4,0,0,0,0,0,0,0,0,0,0,0,0
119653,'C9H7N1',2,2,40,1,10,4,0,0,0,0,0,0,0,0,0,0,0,0,0,0,0,0
120616,'C10H10O4',1,4,77,2,11,2,10,4,1,2,0,0,0,0,0,0,0,0,0,0,0,0
121324,'C9H10O3',1,6,26,1,21,1,18,1,11,2,10,3,1,1,0,0,0,0,0,0,0,0
121915,'C8H6O4',1,3,43,2,11,2,10,4,0,0,0,0,0,0,0,0,0,0,0,0,0,0
123080,'C7H6O2',1,4,21,1,18,1,11,1,10,4,0,0,0,0,0,0,0,0,0,0,0,0
123193,'C7H14O1',0,3,20,1,2,3,1,2,0,0,0,0,0,0,0,0,0,0,0,0,0,0
123637,'C6H12O3',1,2,27,3,1,3,0,0,0,0,0,0,0,0,0,0,0,0,0,0,0,0
123739,'C4H6O1',0,3,21,1,6,1,1,1,0,0,0,0,0,0,0,0,0,0,0,0,0,0
124027,'C6H11N1',0,3,33,1,5,2,2,1,0,0,0,0,0,0,0,0,0,0,0,0,0,0
124174,'C10H20O4',0,4,26,2,22,1,2,5,1,1,0,0,0,0,0,0,0,0,0,0,0,0
127173,'C3H4O3',0,2,43,1,19,1,0,0,0,0,0,0,0,0,0,0,0,0,0,0,0,0
131168,'C14H18O4',1,5,77,2,11,2,10,4,2,4,1,2,0,0,0,0,0,0,0,0,0,0
136607,'C11H14O2',1,5,77,1,11,1,10,5,2,3,1,1,0,0,0,0,0,0,0,0,0,0
137326,'C5H12O1',0,4,15,1,3,1,2,2,1,2,0,0,0,0,0,0,0,0,0,0,0,0
140103,'C9H8O2',1,4,43,1,11,1,10,5,6,1,0,0,0,0,0,0,0,0,0,0,0,0
140294,'C8H7N1',1,3,42,1,11,1,10,5,0,0,0,0,0,0,0,0,0,0,0,0,0,0
140318,'C6H15N3',1,4,36,1,33,1,30,1,2,3,0,0,0,0,0,0,0,0,0,0,0,0
141059,'C8H12O4',0,4,77,2,6,1,2,2,1,2,0,0,0,0,0,0,0,0,0,0,0,0
141322,'C7H12O2',0,4,77,1,5,1,2,3,1,1,0,0,0,0,0,0,0,0,0,0,0,0
141628,'C10H30O3Si4',0,3,84,3,81,1,1,10,0,0,0,0,0,0,0,0,0,0,0,0,0,0
141822,'C3H4O4',0,2,43,2,2,1,0,0,0,0,0,0,0,0,0,0,0,0,0,0,0,0
141935,'C10H14',1,3,13,2,10,4,1,2,0,0,0,0,0,0,0,0,0,0,0,0,0,0
142927,'C8H16O2',0,3,22,1,2,5,1,1,0,0,0,0,0,0,0,0,0,0,0,0,0,0
143102,'C10H22S1',0,3,61,1,2,8,1,1,0,0,0,0,0,0,0,0,0,0,0,0,0,0
143135,'C11H22O2',0,3,22,1,2,8,1,1,0,0,0,0,0,0,0,0,0,0,0,0,0,0
144194,'C8H18O2',0,5,15,2,4,1,3,2,2,1,1,4,0,0,0,0,0,0,0,0,0,0
144627,'C2H2O4',0,1,43,2,0,0,0,0,0,0,0,0,0,0,0,0,0,0,0,0,0,0
150765,'C7H8O2',1,4,25,1,18,1,11,1,10,4,0,0,0,0,0,0,0,0,0,0,0,0
206440,'C16H10',4,2,11,6,10,10,0,0,0,0,0,0,0,0,0,0,0,0,0,0,0,0
280579,'C6H12N2',2,2,36,2,2,4,0,0,0,0,0,0,0,0,0,0,0,0,0,0,0,0
281232,'C10H16',3,2,3,4,2,6,0,0,0,0,0,0,0,0,0,0,0,0,0,0,0,0
306832,'C2H1Cl2F3',0,2,74,1,49,1,0,0,0,0,0,0,0,0,0,0,0,0,0,0,0,0
353593,'C1Br1Cl1F2',0,2,90,1,65,1,0,0,0,0,0,0,0,0,0,0,0,0,0,0,0,0
354234,'C2H1Cl2F3',0,2,90,1,89,1,0,0,0,0,0,0,0,0,0,0,0,0,0,0,0,0
374072,'C2Cl2F4',0,2,87,1,74,1,0,0,0,0,0,0,0,0,0,0,0,0,0,0,0,0
462953,'C5H12O2',0,3,26,2,2,1,1,2,0,0,0,0,0,0,0,0,0,0,0,0,0,0
463401,'C18H30O2',0,4,43,1,6,3,2,10,1,1,0,0,0,0,0,0,0,0,0,0,0,0
488233,'C10H14',1,2,12,4,10,2,0,0,0,0,0,0,0,0,0,0,0,0,0,0,0,0
493016,'C10H18',2,2,3,2,2,8,0,0,0,0,0,0,0,0,0,0,0,0,0,0,0,0
493027,'C10H18',2,2,3,2,2,8,0,0,0,0,0,0,0,0,0,0,0,0,0,0,0,0
496117,'C9H10',2,3,13,2,10,4,2,1,0,0,0,0,0,0,0,0,0,0,0,0,0,0
498022,'C9H10O3',1,5,25,1,19,1,18,1,11,2,10,3,0,0,0,0,0,0,0,0,0,0
498237,'C5H6O4',0,3,43,2,8,1,1,1,0,0,0,0,0,0,0,0,0,0,0,0,0,0
498668,'C7H10',2,3,6,1,3,2,2,3,0,0,0,0,0,0,0,0,0,0,0,0,0,0
502443,'C6H10O2',1,2,23,1,2,4,0,0,0,0,0,0,0,0,0,0,0,0,0,0,0,0
502567,'C9H18O1',0,3,20,1,2,5,1,2,0,0,0,0,0,0,0,0,0,0,0,0,0,0
505226,'C4H8O2',1,2,26,2,2,2,0,0,0,0,0,0,0,0,0,0,0,0,0,0,0,0
505486,'C8H14O4',0,2,43,2,2,6,0,0,0,0,0,0,0,0,0,0,0,0,0,0,0,0
506127,'C17H34O2',0,3,43,1,2,15,1,1,0,0,0,0,0,0,0,0,0,0,0,0,0,0
506309,'C20H40O2',0,3,43,1,2,18,1,1,0,0,0,0,0,0,0,0,0,0,0,0,0,0
513440,'C4H10S1',0,3,61,1,3,1,1,2,0,0,0,0,0,0,0,0,0,0,0,0,0,0
513815,'C6H10',0,2,7,2,1,2,0,0,0,0,0,0,0,0,0,0,0,0,0,0,0,0
519733,'C19H16',3,3,14,1,11,2,10,15,0,0,0,0,0,0,0,0,0,0,0,0,0,0
526738,'C9H12',1,2,12,3,10,3,0,0,0,0,0,0,0,0,0,0,0,0,0,0,0,0
527537,'C10H14',1,2,12,4,10,2,0,0,0,0,0,0,0,0,0,0,0,0,0,0,0,0
527844,'C10H14',1,4,14,1,12,1,10,4,1,2,0,0,0,0,0,0,0,0,0,0,0,0
528290,'C6H4N2O4',1,2,58,2,10,4,0,0,0,0,0,0,0,0,0,0,0,0,0,0,0,0
529204,'C8H8O1',1,4,21,1,12,1,11,1,10,4,0,0,0,0,0,0,0,0,0,0,0,0
535773,'C10H14',1,4,14,1,12,1,10,4,1,2,0,0,0,0,0,0,0,0,0,0,0,0
536743,'C8H6',1,3,66,1,11,1,10,5,0,0,0,0,0,0,0,0,0,0,0,0,0,0
540636,'C2H6S2',0,1,61,2,0,0,0,0,0,0,0,0,0,0,0,0,0,0,0,0,0,0
540885,'C6H12O2',0,3,22,1,4,1,1,3,0,0,0,0,0,0,0,0,0,0,0,0,0,0
540976,'C12H36O6Si6',1,2,84,6,1,12,0,0,0,0,0,0,0,0,0,0,0,0,0,0,0,0
541026,'C10H30O5Si5',1,2,84,5,1,10,0,0,0,0,0,0,0,0,0,0,0,0,0,0,0,0
541059,'C6H18O3Si3',1,2,84,3,1,6,0,0,0,0,0,0,0,0,0,0,0,0,0,0,0,0
544138,'C5H6N2',0,2,42,2,2,1,0,0,0,0,0,0,0,0,0,0,0,0,0,0,0,0
544854,'C32H66',0,2,2,30,1,2,0,0,0,0,0,0,0,0,0,0,0,0,0,0,0,0
547637,'C5H10O2',0,3,77,1,3,1,1,3,0,0,0,0,0,0,0,0,0,0,0,0,0,0
547648,'C4H8O3',0,4,77,1,15,1,3,1,1,2,0,0,0,0,0,0,0,0,0,0,0,0
554143,'C5H6S1',1,2,107,1,1,1,0,0,0,0,0,0,0,0,0,0,0,0,0,0,0,0
555102,'C10H16',1,5,7,1,6,1,3,2,2,2,1,2,0,0,0,0,0,0,0,0,0,0
557175,'C4H10O1',0,3,25,1,2,2,1,1,0,0,0,0,0,0,0,0,0,0,0,0,0,0
557915,'C2H4Br2',0,3,65,2,3,1,1,1,0,0,0,0,0,0,0,0,0,0,0,0,0,0
558372,'C6H12',0,3,5,1,4,1,1,3,0,0,0,0,0,0,0,0,0,0,0,0,0,0
565617,'C6H12O1',0,4,19,1,3,1,2,1,1,2,0,0,0,0,0,0,0,0,0,0,0,0
565695,'C6H12O1',0,3,20,1,3,1,1,3,0,0,0,0,0,0,0,0,0,0,0,0,0,0
576261,'C8H10O1',1,3,18,1,12,2,10,3,0,0,0,0,0,0,0,0,0,0,0,0,0,0
578541,'C8H11N1',1,4,37,1,13,1,10,4,1,1,0,0,0,0,0,0,0,0,0,0,0,0
582161,'C12H12',2,3,12,2,11,2,10,6,0,0,0,0,0,0,0,0,0,0,0,0,0,0
584021,'C5H12O1',0,4,15,1,3,1,2,2,1,2,0,0,0,0,0,0,0,0,0,0,0,0
584032,'C4H10O2',0,4,15,2,3,1,2,2,1,1,0,0,0,0,0,0,0,0,0,0,0,0
586629,'C10H16',1,4,9,1,8,1,2,3,1,3,0,0,0,0,0,0,0,0,0,0,0,0
589184,'C8H10O1',1,4,15,1,13,1,12,1,10,4,0,0,0,0,0,0,0,0,0,0,0,0
589388,'C6H12O1',0,3,20,1,2,2,1,2,0,0,0,0,0,0,0,0,0,0,0,0,0,0
589402,'C5H10O2',0,4,24,1,3,1,2,1,1,2,0,0,0,0,0,0,0,0,0,0,0,0
590181,'C4H8',0,2,6,1,1,2,0,0,0,0,0,0,0,0,0,0,0,0,0,0,0,0
590670,'C7H14O1',1,4,15,1,4,1,2,5,1,1,0,0,0,0,0,0,0,0,0,0,0,0
591684,'C9H18O2',0,3,23,1,2,5,1,2,0,0,0,0,0,0,0,0,0,0,0,0,0,0
592416,'C6H12',0,3,5,1,2,3,1,1,0,0,0,0,0,0,0,0,0,0,0,0,0,0
592427,'C6H10',0,2,5,2,2,2,0,0,0,0,0,0,0,0,0,0,0,0,0,0,0,0
592450,'C6H10',0,4,6,1,5,1,2,1,1,1,0,0,0,0,0,0,0,0,0,0,0,0
592574,'C6H8',1,2,6,2,2,2,0,0,0,0,0,0,0,0,0,0,0,0,0,0,0,0
593497,'C27H56',0,2,2,25,1,2,0,0,0,0,0,0,0,0,0,0,0,0,0,0,0,0
594569,'C7H14',0,3,7,1,4,1,1,4,0,0,0,0,0,0,0,0,0,0,0,0,0,0
595379,'C6H12O2',0,4,43,1,4,1,2,1,1,3,0,0,0,0,0,0,0,0,0,0,0,0
598232,'C5H8',0,3,66,1,3,1,1,2,0,0,0,0,0,0,0,0,0,0,0,0,0,0
598538,'C4H10O1',0,3,25,1,3,1,1,2,0,0,0,0,0,0,0,0,0,0,0,0,0,0
598823,'C3H6O3',0,4,43,1,15,1,3,1,1,1,0,0,0,0,0,0,0,0,0,0,0,0
611154,'C9H10',1,4,12,1,11,1,10,4,5,1,0,0,0,0,0,0,0,0,0,0,0,0
616126,'C6H12',0,3,8,1,2,1,1,3,0,0,0,0,0,0,0,0,0,0,0,0,0,0
616217,'C4H8Cl2',0,4,46,1,45,1,2,1,1,1,0,0,0,0,0,0,0,0,0,0,0,0
616386,'C3H6O3',0,3,77,1,25,1,1,1,0,0,0,0,0,0,0,0,0,0,0,0,0,0
616444,'C5H6S1',1,2,107,1,1,1,0,0,0,0,0,0,0,0,0,0,0,0,0,0,0,0
617481,'C4H6O5',0,4,43,2,15,1,3,1,2,1,0,0,0,0,0,0,0,0,0,0,0,0
617947,'C9H12O1',1,5,15,1,11,1,10,5,4,1,1,2,0,0,0,0,0,0,0,0,0,0
618859,'C7H6N2O4',1,3,58,2,12,1,10,3,0,0,0,0,0,0,0,0,0,0,0,0,0,0
619669,'C8H6O3',1,4,43,1,21,1,11,2,10,4,0,0,0,0,0,0,0,0,0,0,0,0
619829,'C8H12O4',1,3,43,2,3,2,2,4,0,0,0,0,0,0,0,0,0,0,0,0,0,0
621772,'C15H33N1',0,3,36,1,2,11,1,3,0,0,0,0,0,0,0,0,0,0,0,0,0,0
622457,'C8H14O2',1,3,22,1,3,1,2,5,0,0,0,0,0,0,0,0,0,0,0,0,0,0
623278,'C8H6O2',1,3,21,2,11,2,10,4,0,0,0,0,0,0,0,0,0,0,0,0,0,0
624293,'C8H16',1,3,3,2,2,4,1,2,0,0,0,0,0,0,0,0,0,0,0,0,0,0
624486,'C6H8O4',0,3,77,2,6,1,1,2,0,0,0,0,0,0,0,0,0,0,0,0,0,0
624646,'C4H8',0,2,6,1,1,2,0,0,0,0,0,0,0,0,0,0,0,0,0,0,0,0
624895,'C3H8S1',0,3,102,1,2,1,1,1,0,0,0,0,0,0,0,0,0,0,0,0,0,0
624920,'C2H6S2',0,1,102,2,0,0,0,0,0,0,0,0,0,0,0,0,0,0,0,0,0,0
625445,'C5H12O1',0,4,25,1,3,1,2,1,1,2,0,0,0,0,0,0,0,0,0,0,0,0
625547,'C5H12O1',0,3,26,1,3,1,1,3,0,0,0,0,0,0,0,0,0,0,0,0,0,0
625694,'C5H12O2',0,4,15,2,3,2,2,1,1,2,0,0,0,0,0,0,0,0,0,0,0,0
626937,'C6H14O1',0,4,15,1,3,1,2,3,1,2,0,0,0,0,0,0,0,0,0,0,0,0
627214,'C5H8',0,3,67,1,2,1,1,2,0,0,0,0,0,0,0,0,0,0,0,0,0,0
627587,'C8H14',0,3,7,2,2,2,1,2,0,0,0,0,0,0,0,0,0,0,0,0,0,0
627985,'C7H16O1',0,4,15,1,3,1,2,4,1,2,0,0,0,0,0,0,0,0,0,0,0,0
628284,'C5H12O1',0,3,25,1,2,3,1,1,0,0,0,0,0,0,0,0,0,0,0,0,0,0
628295,'C5H12S1',0,3,102,1,2,3,1,1,0,0,0,0,0,0,0,0,0,0,0,0,0,0
628411,'C6H8',1,2,6,2,2,2,0,0,0,0,0,0,0,0,0,0,0,0,0,0,0,0
628557,'C8H18O1',0,4,26,1,3,2,2,1,1,4,0,0,0,0,0,0,0,0,0,0,0,0
628808,'C6H14O1',0,3,25,1,2,4,1,1,0,0,0,0,0,0,0,0,0,0,0,0,0,0
628922,'C7H12',1,2,6,1,2,5,0,0,0,0,0,0,0,0,0,0,0,0,0,0,0,0
629049,'C7H15Br1',0,3,65,1,2,6,1,1,0,0,0,0,0,0,0,0,0,0,0,0,0,0
629141,'C6H14O2',0,3,26,2,2,2,1,2,0,0,0,0,0,0,0,0,0,0,0,0,0,0
629196,'C6H14S2',0,3,103,2,2,2,1,2,0,0,0,0,0,0,0,0,0,0,0,0,0,0
629334,'C7H14O2',0,3,24,1,2,5,1,1,0,0,0,0,0,0,0,0,0,0,0,0,0,0
629823,'C16H34O1',0,3,26,1,2,13,1,2,0,0,0,0,0,0,0,0,0,0,0,0,0,0
629947,'C21H44',0,2,2,19,1,2,0,0,0,0,0,0,0,0,0,0,0,0,0,0,0,0
629969,'C20H42O1',0,3,15,1,2,19,1,1,0,0,0,0,0,0,0,0,0,0,0,0,0,0
629970,'C22H46',0,2,2,20,1,2,0,0,0,0,0,0,0,0,0,0,0,0,0,0,0,0
629992,'C25H52',0,2,2,23,1,2,0,0,0,0,0,0,0,0,0,0,0,0,0,0,0,0
630013,'C26H54',0,2,2,24,1,2,0,0,0,0,0,0,0,0,0,0,0,0,0,0,0,0
630024,'C28H58',0,2,2,26,1,2,0,0,0,0,0,0,0,0,0,0,0,0,0,0,0,0
630035,'C29H60',0,2,2,27,1,2,0,0,0,0,0,0,0,0,0,0,0,0,0,0,0,0
630068,'C36H74',0,2,2,34,1,2,0,0,0,0,0,0,0,0,0,0,0,0,0,0,0,0
630762,'C25H20',4,3,11,4,10,20,4,1,0,0,0,0,0,0,0,0,0,0,0,0,0,0
631367,'C8H20Si1',0,3,81,1,2,4,1,4,0,0,0,0,0,0,0,0,0,0,0,0,0,0
632508,'C26H22',4,3,14,2,11,2,10,20,0,0,0,0,0,0,0,0,0,0,0,0,0,0
637923,'C6H14O1',0,3,26,1,4,1,1,4,0,0,0,0,0,0,0,0,0,0,0,0,0,0
638040,'C8H16',1,3,3,2,2,4,1,2,0,0,0,0,0,0,0,0,0,0,0,0,0,0
638493,'C6H12O2',0,3,24,1,2,4,1,1,0,0,0,0,0,0,0,0,0,0,0,0,0,0
638539,'C13H26O2',0,3,43,1,2,11,1,1,0,0,0,0,0,0,0,0,0,0,0,0,0,0
638675,'C23H48',0,2,2,21,1,2,0,0,0,0,0,0,0,0,0,0,0,0,0,0,0,0
638686,'C30H62',0,2,2,28,1,2,0,0,0,0,0,0,0,0,0,0,0,0,0,0,0,0
644495,'C7H14O2',0,4,77,1,3,1,2,2,1,3,0,0,0,0,0,0,0,0,0,0,0,0
645498,'C14H12',2,3,11,2,10,10,6,1,0,0,0,0,0,0,0,0,0,0,0,0,0,0
646059,'C5H6',0,3,67,1,5,1,1,1,0,0,0,0,0,0,0,0,0,0,0,0,0,0
646311,'C24H50',0,2,2,22,1,2,0,0,0,0,0,0,0,0,0,0,0,0,0,0,0,0
659701,'C10H20O2',0,4,23,1,3,2,2,2,1,4,0,0,0,0,0,0,0,0,0,0,0,0
662011,'C3Cl2F6',0,2,90,2,75,1,0,0,0,0,0,0,0,0,0,0,0,0,0,0,0,0
674760,'C6H12',0,3,6,1,3,1,1,3,0,0,0,0,0,0,0,0,0,0,0,0,0,0
674828,'C4H4O2',1,2,23,1,7,1,0,0,0,0,0,0,0,0,0,0,0,0,0,0,0,0
691383,'C6H12',0,3,6,1,3,1,1,3,0,0,0,0,0,0,0,0,0,0,0,0,0,0
693652,'C10H22O1',0,3,26,1,2,7,1,2,0,0,0,0,0,0,0,0,0,0,0,0,0,0
693890,'C6H10',1,3,8,1,2,3,1,1,0,0,0,0,0,0,0,0,0,0,0,0,0,0
696297,'C9H18',1,3,3,2,2,5,1,2,0,0,0,0,0,0,0,0,0,0,0,0,0,0
698873,'C9H12O1',1,5,15,1,13,1,10,5,3,1,1,1,0,0,0,0,0,0,0,0,0,0
760203,'C6H12',0,4,5,1,3,1,2,1,1,2,0,0,0,0,0,0,0,0,0,0,0,0
762754,'C5H10O2',0,3,24,1,4,1,1,3,0,0,0,0,0,0,0,0,0,0,0,0,0,0
763699,'C7H14O3',0,4,26,1,23,1,2,2,1,2,0,0,0,0,0,0,0,0,0,0,0,0
764136,'C8H14',0,2,8,2,1,4,0,0,0,0,0,0,0,0,0,0,0,0,0,0,0,0
764352,'C6H10',0,3,67,1,2,2,1,2,0,0,0,0,0,0,0,0,0,0,0,0,0,0
766905,'C9H10',1,4,11,1,10,5,6,1,1,1,0,0,0,0,0,0,0,0,0,0,0,0
767997,'C10H12',1,4,11,1,10,5,8,1,1,2,0,0,0,0,0,0,0,0,0,0,0,0
768003,'C10H12',1,4,11,1,10,5,8,1,1,2,0,0,0,0,0,0,0,0,0,0,0,0
814788,'C5H8O1',0,3,19,1,7,1,1,1,0,0,0,0,0,0,0,0,0,0,0,0,0,0
818611,'C5H8O3',0,4,77,1,15,1,5,1,2,2,0,0,0,0,0,0,0,0,0,0,0,0
821114,'C4H8O2',0,3,15,2,6,1,2,2,0,0,0,0,0,0,0,0,0,0,0,0,0,0
821556,'C9H18O1',0,3,19,1,2,6,1,1,0,0,0,0,0,0,0,0,0,0,0,0,0,0
822504,'C7H14',1,3,3,2,2,3,1,2,0,0,0,0,0,0,0,0,0,0,0,0,0,0
868779,'C6H10O3',0,5,77,1,15,1,7,1,2,2,1,1,0,0,0,0,0,0,0,0,0,0
871283,'C5H6',0,3,66,1,5,1,2,1,0,0,0,0,0,0,0,0,0,0,0,0,0,0
872059,'C10H20',0,3,5,1,2,7,1,1,0,0,0,0,0,0,0,0,0,0,0,0,0,0
873665,'C9H10',1,4,11,1,10,5,6,1,1,1,0,0,0,0,0,0,0,0,0,0,0,0
874419,'C10H14',1,4,13,1,12,2,10,3,1,1,0,0,0,0,0,0,0,0,0,0,0,0
919948,'C7H16O1',0,4,26,1,4,1,2,1,1,4,0,0,0,0,0,0,0,0,0,0,0,0
922623,'C6H12',0,3,8,1,2,1,1,3,0,0,0,0,0,0,0,0,0,0,0,0,0,0
925542,'C7H14O1',0,4,21,1,3,1,2,3,1,2,0,0,0,0,0,0,0,0,0,0,0,0
925600,'C6H10O2',0,4,77,1,5,1,2,2,1,1,0,0,0,0,0,0,0,0,0,0,0,0
928494,'C6H10',0,3,67,1,2,2,1,2,0,0,0,0,0,0,0,0,0,0,0,0,0,0
929066,'C4H11N1O2',0,3,100,1,30,1,2,1,0,0,0,0,0,0,0,0,0,0,0,0,0,0
931884,'C8H14',1,2,6,1,2,6,0,0,0,0,0,0,0,0,0,0,0,0,0,0,0,0
933982,'C10H14',1,4,13,1,12,2,10,3,1,1,0,0,0,0,0,0,0,0,0,0,0,0
934747,'C10H14',1,4,13,1,12,2,10,3,1,1,0,0,0,0,0,0,0,0,0,0,0,0
934805,'C10H14',1,4,13,1,12,2,10,3,1,1,0,0,0,0,0,0,0,0,0,0,0,0
959262,'C12H14O6',1,5,77,2,15,2,11,2,10,4,2,4,0,0,0,0,0,0,0,0,0,0
992949,'C1H6Si1',0,2,78,1,1,1,0,0,0,0,0,0,0,0,0,0,0,0,0,0,0,0
993077,'C3H10Si1',0,2,80,1,1,3,0,0,0,0,0,0,0,0,0,0,0,0,0,0,0,0
994058,'C6H14O1',0,4,25,1,4,1,2,1,1,3,0,0,0,0,0,0,0,0,0,0,0,0
999213,'C10H12O4',0,4,77,2,6,1,5,2,2,2,0,0,0,0,0,0,0,0,0,0,0,0
1074175,'C10H14',1,5,13,1,12,1,10,4,2,1,1,1,0,0,0,0,0,0,0,0,0,0
1074437,'C10H14',1,5,13,1,12,1,10,4,2,1,1,1,0,0,0,0,0,0,0,0,0,0
1074551,'C10H14',1,5,13,1,12,1,10,4,2,1,1,1,0,0,0,0,0,0,0,0,0,0
1078713,'C13H20',1,4,13,1,10,5,2,5,1,1,0,0,0,0,0,0,0,0,0,0,0,0
1111746,'C2H8Si1',0,2,79,1,1,2,0,0,0,0,0,0,0,0,0,0,0,0,0,0,0,0
1112396,'C4H12O2Si1',0,3,84,1,25,1,1,3,0,0,0,0,0,0,0,0,0,0,0,0,0,0
1119853,'C6H6N2',0,2,42,2,6,1,0,0,0,0,0,0,0,0,0,0,0,0,0,0,0,0
1120623,'C6H10',1,4,6,1,3,1,2,2,1,1,0,0,0,0,0,0,0,0,0,0,0,0
1185393,'C7H14O2',0,4,43,1,4,1,2,2,1,3,0,0,0,0,0,0,0,0,0,0,0,0
1191259,'C6H12O3',0,3,43,1,15,1,2,5,0,0,0,0,0,0,0,0,0,0,0,0,0,0
1192183,'C7H14',1,3,3,2,2,3,1,2,0,0,0,0,0,0,0,0,0,0,0,0,0,0
1454848,'C19H40O1',0,3,15,1,2,18,1,1,0,0,0,0,0,0,0,0,0,0,0,0,0,0
1455216,'C9H20S1',0,3,61,1,2,7,1,1,0,0,0,0,0,0,0,0,0,0,0,0,0,0
1459092,'C22H38',1,4,13,1,10,5,2,14,1,1,0,0,0,0,0,0,0,0,0,0,0,0
1459105,'C20H34',1,4,13,1,10,5,2,12,1,1,0,0,0,0,0,0,0,0,0,0,0,0
1459934,'C10H10O4',1,4,77,2,11,2,10,4,1,2,0,0,0,0,0,0,0,0,0,0,0,0
1520429,'C20H18',3,4,14,1,13,1,11,1,10,15,0,0,0,0,0,0,0,0,0,0,0,0
1559359,'C10H22O2',0,4,100,1,3,1,2,5,1,2,0,0,0,0,0,0,0,0,0,0,0,0
1574410,'C5H8',0,3,6,1,5,1,1,1,0,0,0,0,0,0,0,0,0,0,0,0,0,0
1589475,'C4H10O2',0,2,101,1,1,2,0,0,0,0,0,0,0,0,0,0,0,0,0,0,0,0
1590870,'H6Si2',0,1,78,2,0,0,0,0,0,0,0,0,0,0,0,0,0,0,0,0,0,0
1634099,'C14H16',2,5,13,1,11,2,10,7,2,2,1,1,0,0,0,0,0,0,0,0,0,0
1639094,'C7H16S1',0,3,61,1,2,5,1,1,0,0,0,0,0,0,0,0,0,0,0,0,0,0
1656480,'C6H8N2O1',0,3,42,2,26,1,2,1,0,0,0,0,0,0,0,0,0,0,0,0,0,0
1717006,'C2H3Cl2F1',0,2,87,1,1,1,0,0,0,0,0,0,0,0,0,0,0,0,0,0,0,0
1746232,'C12H16',1,5,11,2,10,4,5,1,4,1,1,3,0,0,0,0,0,0,0,0,0,0
1758889,'C10H14',1,4,13,1,12,2,10,3,1,1,0,0,0,0,0,0,0,0,0,0,0,0
1759586,'C7H14',1,3,3,2,2,3,1,2,0,0,0,0,0,0,0,0,0,0,0,0,0,0
1759815,'C6H10',1,4,6,1,3,1,2,2,1,1,0,0,0,0,0,0,0,0,0,0,0,0
1795160,'C16H32',1,3,3,1,2,14,1,1,0,0,0,0,0,0,0,0,0,0,0,0,0,0
1814886,'C3H3F5',0,3,75,1,74,1,1,1,0,0,0,0,0,0,0,0,0,0,0,0,0,0
1860271,'C7H16O1',0,4,26,1,3,1,2,2,1,3,0,0,0,0,0,0,0,0,0,0,0,0
1889674,'C18H22',2,4,11,2,10,10,4,2,1,4,0,0,0,0,0,0,0,0,0,0,0,0
1961962,'C15H12',3,4,14,1,11,2,10,9,6,1,0,0,0,0,0,0,0,0,0,0,0,0
2004708,'C5H8',0,3,6,1,5,1,1,1,0,0,0,0,0,0,0,0,0,0,0,0,0,0
2039932,'C10H12',1,5,11,1,10,5,7,1,2,1,1,1,0,0,0,0,0,0,0,0,0,0
2040951,'C9H18',1,3,3,1,2,7,1,1,0,0,0,0,0,0,0,0,0,0,0,0,0,0
2050922,'C10H23N1',0,3,33,1,2,7,1,2,0,0,0,0,0,0,0,0,0,0,0,0,0,0
2131182,'C21H36',1,4,13,1,10,5,2,13,1,1,0,0,0,0,0,0,0,0,0,0,0,0
2150029,'C4H10O1S2',0,3,61,2,26,1,2,1,0,0,0,0,0,0,0,0,0,0,0,0,0,0
2163420,'C4H10O2',0,4,15,2,3,1,2,2,1,1,0,0,0,0,0,0,0,0,0,0,0,0
2189608,'C14H22',1,4,13,1,10,5,2,6,1,1,0,0,0,0,0,0,0,0,0,0,0,0
2207014,'C8H16',1,3,3,2,2,4,1,2,0,0,0,0,0,0,0,0,0,0,0,0,0,0
2207036,'C8H16',1,3,3,2,2,4,1,2,0,0,0,0,0,0,0,0,0,0,0,0,0,0
2210288,'C7H12O2',0,4,77,1,7,1,2,2,1,2,0,0,0,0,0,0,0,0,0,0,0,0
2216515,'C10H20O1',1,4,15,1,3,4,2,3,1,3,0,0,0,0,0,0,0,0,0,0,0,0
2274115,'C8H10O4',0,3,77,2,5,2,2,2,0,0,0,0,0,0,0,0,0,0,0,0,0,0
2292797,'C14H20',5,2,3,8,2,6,0,0,0,0,0,0,0,0,0,0,0,0,0,0,0,0
2315686,'C10H12O2',1,5,77,1,11,1,10,5,2,2,1,1,0,0,0,0,0,0,0,0,0,0
2432635,'C10H16O4',0,4,77,2,6,1,2,4,1,2,0,0,0,0,0,0,0,0,0,0,0,0
2495274,'C20H38O2',0,4,77,1,7,1,2,15,1,2,0,0,0,0,0,0,0,0,0,0,0,0
2532583,'C7H14',1,3,3,2,2,3,1,2,0,0,0,0,0,0,0,0,0,0,0,0,0,0
2628173,'C8H8O1',1,4,18,1,11,1,10,4,5,1,0,0,0,0,0,0,0,0,0,0,0,0
2765186,'C13H14',2,5,13,1,11,2,10,7,2,1,1,1,0,0,0,0,0,0,0,0,0,0
2807309,'C5H12O2',0,3,100,1,2,2,1,1,0,0,0,0,0,0,0,0,0,0,0,0,0,0
2837890,'C2H1Cl1F4',0,2,89,1,74,1,0,0,0,0,0,0,0,0,0,0,0,0,0,0,0,0
2876531,'C16H20',2,5,13,1,11,2,10,7,2,4,1,1,0,0,0,0,0,0,0,0,0,0
3404613,'C7H14',0,4,5,1,3,1,2,2,1,2,0,0,0,0,0,0,0,0,0,0,0,0
3404715,'C7H14',0,3,7,1,2,3,1,2,0,0,0,0,0,0,0,0,0,0,0,0,0,0
3452071,'C20H40',0,3,5,1,2,17,1,1,0,0,0,0,0,0,0,0,0,0,0,0,0,0
3648213,'C22H34O4',1,5,77,2,11,2,10,4,2,12,1,2,0,0,0,0,0,0,0,0,0,0
3682915,'C9H18O3',0,5,20,1,15,2,4,2,2,1,1,4,0,0,0,0,0,0,0,0,0,0
3769231,'C7H14',0,4,5,1,3,1,2,2,1,2,0,0,0,0,0,0,0,0,0,0,0,0
3875512,'C8H16',1,3,3,2,2,4,1,2,0,0,0,0,0,0,0,0,0,0,0,0,0,0
3877154,'C4H10S1',0,3,102,1,2,2,1,1,0,0,0,0,0,0,0,0,0,0,0,0,0,0
4038044,'C7H14',0,4,5,1,3,1,2,2,1,2,0,0,0,0,0,0,0,0,0,0,0,0
4050457,'C6H12',0,3,6,1,2,2,1,2,0,0,0,0,0,0,0,0,0,0,0,0,0,0
4351546,'C7H12O2',1,3,24,1,3,1,2,5,0,0,0,0,0,0,0,0,0,0,0,0,0,0
4445072,'C24H42',1,4,13,1,10,5,2,16,1,1,0,0,0,0,0,0,0,0,0,0,0,0
4654266,'C24H38O4',1,5,77,2,11,2,10,4,2,14,1,2,0,0,0,0,0,0,0,0,0,0
5194503,'C6H10',0,2,6,2,1,2,0,0,0,0,0,0,0,0,0,0,0,0,0,0,0,0
5194514,'C6H10',0,2,6,2,1,2,0,0,0,0,0,0,0,0,0,0,0,0,0,0,0,0
5332525,'C11H24S1',0,3,61,1,2,9,1,1,0,0,0,0,0,0,0,0,0,0,0,0,0,0
5451525,'C11H22O2',0,3,24,1,2,9,1,1,0,0,0,0,0,0,0,0,0,0,0,0,0,0
5451923,'C10H20O2',0,3,24,1,2,8,1,1,0,0,0,0,0,0,0,0,0,0,0,0,0,0
5454795,'C7H14O1',1,4,15,1,3,2,2,4,1,1,0,0,0,0,0,0,0,0,0,0,0,0
5756434,'C8H18O1',0,3,26,1,2,5,1,2,0,0,0,0,0,0,0,0,0,0,0,0,0,0
5989275,'C10H16',1,5,8,1,7,1,3,1,2,3,1,2,0,0,0,0,0,0,0,0,0,0
6094026,'C7H14',0,3,7,1,2,3,1,2,0,0,0,0,0,0,0,0,0,0,0,0,0,0
6117802,'C4H8O2',0,3,15,2,6,1,2,2,0,0,0,0,0,0,0,0,0,0,0,0,0,0
6163640,'C5H12S1',0,3,102,1,4,1,1,3,0,0,0,0,0,0,0,0,0,0,0,0,0,0
6362807,'C18H20',2,6,11,2,10,10,7,1,4,1,2,1,1,2,0,0,0,0,0,0,0,0
6765395,'C17H34',0,3,5,1,2,14,1,1,0,0,0,0,0,0,0,0,0,0,0,0,0,0
6795875,'C5H12O1',0,4,25,1,3,1,2,1,1,2,0,0,0,0,0,0,0,0,0,0,0,0
6863587,'C8H18O1',0,4,27,1,3,1,2,2,1,4,0,0,0,0,0,0,0,0,0,0,0,0
6876239,'C8H16',1,3,3,2,2,4,1,2,0,0,0,0,0,0,0,0,0,0,0,0,0,0
6881943,'C7H16O3',0,4,100,1,26,1,2,3,1,1,0,0,0,0,0,0,0,0,0,0,0,0
6982258,'C4H10O2',0,3,15,2,3,2,1,2,0,0,0,0,0,0,0,0,0,0,0,0,0,0
7307553,'C11H25N1',0,3,30,1,2,9,1,1,0,0,0,0,0,0,0,0,0,0,0,0,0,0
7364194,'C12H18',1,5,13,1,11,1,10,4,4,1,1,4,0,0,0,0,0,0,0,0,0,0
7443529,'C7H14O1',1,4,15,1,3,2,2,4,1,1,0,0,0,0,0,0,0,0,0,0,0,0
7443552,'C7H14O1',1,4,15,1,3,2,2,4,1,1,0,0,0,0,0,0,0,0,0,0,0,0
7443701,'C7H14O1',1,4,15,1,3,2,2,4,1,1,0,0,0,0,0,0,0,0,0,0,0,0
7553562,'I2',0,1,64,2,0,0,0,0,0,0,0,0,0,0,0,0,0,0,0,0,0,0
7581977,'C4H8Cl2',0,2,46,2,1,2,0,0,0,0,0,0,0,0,0,0,0,0,0,0,0,0
7642048,'C8H16',0,3,6,1,2,4,1,2,0,0,0,0,0,0,0,0,0,0,0,0,0,0
7642093,'C6H12',0,3,6,1,2,2,1,2,0,0,0,0,0,0,0,0,0,0,0,0,0,0
7642106,'C7H14',0,3,6,1,2,3,1,2,0,0,0,0,0,0,0,0,0,0,0,0,0,0
7726956,'Br2',0,1,65,2,0,0,0,0,0,0,0,0,0,0,0,0,0,0,0,0,0,0
7731284,'C7H14O1',1,4,15,1,3,2,2,4,1,1,0,0,0,0,0,0,0,0,0,0,0,0
7731295,'C7H14O1',1,4,15,1,3,2,2,4,1,1,0,0,0,0,0,0,0,0,0,0,0,0
10075384,'C4H6Cl2',0,4,70,1,45,1,8,1,1,1,0,0,0,0,0,0,0,0,0,0,0,0
13269528,'C6H12',0,3,6,1,2,2,1,2,0,0,0,0,0,0,0,0,0,0,0,0,0,0
13286925,'C6H14S1',0,4,102,1,4,1,2,1,1,3,0,0,0,0,0,0,0,0,0,0,0,0
13360617,'C15H30',0,3,5,1,2,12,1,1,0,0,0,0,0,0,0,0,0,0,0,0,0,0
13389429,'C8H16',0,3,6,1,2,4,1,2,0,0,0,0,0,0,0,0,0,0,0,0,0,0
14290927,'C6H14S1',0,3,103,1,4,1,1,4,0,0,0,0,0,0,0,0,0,0,0,0,0,0
14686136,'C7H14',0,3,6,1,2,3,1,2,0,0,0,0,0,0,0,0,0,0,0,0,0,0
14686147,'C7H14',0,3,6,1,2,3,1,2,0,0,0,0,0,0,0,0,0,0,0,0,0,0
14752751,'C23H40',1,4,13,1,10,5,2,15,1,1,0,0,0,0,0,0,0,0,0,0,0,0
14850227,'C8H16',0,3,6,1,2,4,1,2,0,0,0,0,0,0,0,0,0,0,0,0,0,0
14850238,'C8H16',0,3,6,1,2,4,1,2,0,0,0,0,0,0,0,0,0,0,0,0,0,0
14919018,'C8H16',0,3,6,1,2,4,1,2,0,0,0,0,0,0,0,0,0,0,0,0,0,0
15687271,'C13H18O2',1,6,43,1,14,1,13,1,10,4,3,1,1,3,0,0,0,0,0,0,0,0
15870107,'C8H16',0,3,7,1,2,4,1,2,0,0,0,0,0,0,0,0,0,0,0,0,0,0
16262489,'C11H12',1,5,11,2,10,4,7,1,5,1,1,1,0,0,0,0,0,0,0,0,0,0
16746864,'C8H16',0,4,7,1,3,1,2,2,1,3,0,0,0,0,0,0,0,0,0,0,0,0
16747505,'C8H16',1,3,4,1,2,5,1,2,0,0,0,0,0,0,0,0,0,0,0,0,0,0
18435455,'C19H38',0,3,5,1,2,16,1,1,0,0,0,0,0,0,0,0,0,0,0,0,0,0
19269284,'C7H14O1',0,4,21,1,3,1,2,3,1,2,0,0,0,0,0,0,0,0,0,0,0,0
21282973,'C10H14O5',0,6,77,1,23,1,19,1,7,1,2,2,1,1,0,0,0,0,0,0,0,0
24800440,'C9H20O4',0,3,26,2,15,2,2,7,0,0,0,0,0,0,0,0,0,0,0,0,0,0
25498491,'C10H22O4',0,4,26,2,25,1,15,1,2,7,0,0,0,0,0,0,0,0,0,0,0,0
25714710,'C4H8O2',0,3,21,1,15,1,2,3,0,0,0,0,0,0,0,0,0,0,0,0,0,0
34590948,'C7H16O3',0,5,101,1,25,1,3,1,2,1,1,2,0,0,0,0,0,0,0,0,0,0
36653824,'C16H34O1',0,3,15,1,2,15,1,1,0,0,0,0,0,0,0,0,0,0,0,0,0,0
38433806,'C4H8O2',0,5,21,1,15,1,3,1,2,1,1,1,0,0,0,0,0,0,0,0,0,0
50623579,'C13H26O2',0,3,23,1,2,9,1,2,0,0,0,0,0,0,0,0,0,0,0,0,0,0
55505265,'C10H22O1',0,4,15,1,3,1,2,7,1,2,0,0,0,0,0,0,0,0,0,0,0,0
57018527,'C7H16O2',0,3,101,1,4,1,1,4,0,0,0,0,0,0,0,0,0,0,0,0,0,0
59919414,'C14H16',2,4,13,2,11,2,10,6,1,2,0,0,0,0,0,0,0,0,0,0,0,0
63444564,'C12H16',1,6,13,1,11,1,10,4,5,1,3,1,1,2,0,0,0,0,0,0,0,0
66325119,'C16H24',2,5,14,1,13,1,10,4,2,7,1,1,0,0,0,0,0,0,0,0,0,0
70419066,'C9H20O1',0,4,15,1,3,1,2,6,1,2,0,0,0,0,0,0,0,0,0,0,0,0
78448336,'C7H16O1',0,3,26,1,3,2,1,4,0,0,0,0,0,0,0,0,0,0,0,0,0,0
88917220,'C9H18O4',0,6,26,1,25,1,22,1,3,2,2,1,1,2,0,0,0,0,0,0,0,0
94023151,'C7H16O2',0,3,101,1,4,1,1,4,0,0,0,0,0,0,0,0,0,0,0,0,0,0
132739312,'C10H22O3',0,5,101,1,27,1,4,1,2,1,1,5,0,0,0,0,0,0,0,0,0,0
