 pH
 dimensionless
#TANK TIME(SEC) TIME(MIN) pH
  1      0.      .0     8.40
  1    300.     5.0     8.38
  1    600.    10.0     8.38
  1    900.    15.0     8.38
  1   1200.    20.0     8.38
  1   1500.    25.0     8.38
  1   1800.    30.0     8.38
  1   2100.    35.0     8.38
  1   2400.    40.0     8.38
  1   2700.    45.0     8.38
  1   3000.    50.0     8.38
  1   3300.    55.0     8.38
  1   3600.    60.0     8.38
  1   3900.    65.0     8.38
  1   4200.    70.0     8.38
  1   4500.    75.0     8.38
  1   4800.    80.0     8.38
 END_OF_TANK
  2      0.      .0     8.40
  2    300.     5.0     8.38
  2    600.    10.0     8.38
  2    900.    15.0     8.37
  2   1200.    20.0     8.37
  2   1500.    25.0     8.37
  2   1800.    30.0     8.37
  2   2100.    35.0     8.37
  2   2400.    40.0     8.37
  2   2700.    45.0     8.37
  2   3000.    50.0     8.37
  2   3300.    55.0     8.37
  2   3600.    60.0     8.37
  2   3900.    65.0     8.37
  2   4200.    70.0     8.37
  2   4500.    75.0     8.37
  2   4800.    80.0     8.37
 END_OF_TANK
 END_OF_FILE
