 CO3*-       
 gmol/L
#TANK TIME(SEC) TIME(MIN) CONC
  1      0.      .0     .000E+00
  1    300.     5.0     .260E-09
  1    600.    10.0     .279E-09
  1    900.    15.0     .291E-09
  1   1200.    20.0     .299E-09
  1   1500.    25.0     .304E-09
  1   1800.    30.0     .307E-09
  1   2100.    35.0     .309E-09
  1   2400.    40.0     .310E-09
  1   2700.    45.0     .310E-09
  1   3000.    50.0     .311E-09
  1   3300.    55.0     .311E-09
  1   3600.    60.0     .311E-09
  1   3900.    65.0     .311E-09
  1   4200.    70.0     .311E-09
  1   4500.    75.0     .311E-09
  1   4800.    80.0     .311E-09
 END_OF_TANK
  2      0.      .0     .000E+00
  2    300.     5.0     .266E-09
  2    600.    10.0     .298E-09
  2    900.    15.0     .326E-09
  2   1200.    20.0     .349E-09
  2   1500.    25.0     .366E-09
  2   1800.    30.0     .378E-09
  2   2100.    35.0     .387E-09
  2   2400.    40.0     .393E-09
  2   2700.    45.0     .396E-09
  2   3000.    50.0     .399E-09
  2   3300.    55.0     .400E-09
  2   3600.    60.0     .401E-09
  2   3900.    65.0     .402E-09
  2   4200.    70.0     .402E-09
  2   4500.    75.0     .402E-09
  2   4800.    80.0     .403E-09
 END_OF_TANK
 END_OF_FILE
