 HO*         
 gmol/L
#TANK TIME(SEC) TIME(MIN) CONC
  1      0.      .0     .000E+00
  1    300.     5.0     .540E-11
  1    600.    10.0     .528E-11
  1    900.    15.0     .519E-11
  1   1200.    20.0     .512E-11
  1   1500.    25.0     .509E-11
  1   1800.    30.0     .506E-11
  1   2100.    35.0     .505E-11
  1   2400.    40.0     .504E-11
  1   2700.    45.0     .503E-11
  1   3000.    50.0     .503E-11
  1   3300.    55.0     .503E-11
  1   3600.    60.0     .503E-11
  1   3900.    65.0     .503E-11
  1   4200.    70.0     .503E-11
  1   4500.    75.0     .503E-11
  1   4800.    80.0     .503E-11
 END_OF_TANK
  2      0.      .0     .000E+00
  2    300.     5.0     .537E-11
  2    600.    10.0     .514E-11
  2    900.    15.0     .492E-11
  2   1200.    20.0     .473E-11
  2   1500.    25.0     .457E-11
  2   1800.    30.0     .446E-11
  2   2100.    35.0     .438E-11
  2   2400.    40.0     .433E-11
  2   2700.    45.0     .430E-11
  2   3000.    50.0     .427E-11
  2   3300.    55.0     .426E-11
  2   3600.    60.0     .425E-11
  2   3900.    65.0     .424E-11
  2   4200.    70.0     .424E-11
  2   4500.    75.0     .424E-11
  2   4800.    80.0     .424E-11
 END_OF_TANK
 END_OF_FILE
