 H2O2        
 gmol/L
#TANK TIME(SEC) TIME(MIN) CONC
  1      0.      .0     .100E-02
  1    300.     5.0     .882E-03
  1    600.    10.0     .811E-03
  1    900.    15.0     .769E-03
  1   1200.    20.0     .743E-03
  1   1500.    25.0     .728E-03
  1   1800.    30.0     .719E-03
  1   2100.    35.0     .714E-03
  1   2400.    40.0     .710E-03
  1   2700.    45.0     .709E-03
  1   3000.    50.0     .707E-03
  1   3300.    55.0     .707E-03
  1   3600.    60.0     .706E-03
  1   3900.    65.0     .706E-03
  1   4200.    70.0     .706E-03
  1   4500.    75.0     .706E-03
  1   4800.    80.0     .706E-03
 END_OF_TANK
  2      0.      .0     .000E+00
  2    300.     5.0     .861E-03
  2    600.    10.0     .749E-03
  2    900.    15.0     .665E-03
  2   1200.    20.0     .605E-03
  2   1500.    25.0     .564E-03
  2   1800.    30.0     .536E-03
  2   2100.    35.0     .518E-03
  2   2400.    40.0     .506E-03
  2   2700.    45.0     .499E-03
  2   3000.    50.0     .494E-03
  2   3300.    55.0     .491E-03
  2   3600.    60.0     .489E-03
  2   3900.    65.0     .488E-03
  2   4200.    70.0     .487E-03
  2   4500.    75.0     .487E-03
  2   4800.    80.0     .486E-03
 END_OF_TANK
 END_OF_FILE
