 FILE OUTPT5.TXT
 THE FIRST LINE IS THE NUMBER OF ROWS
 EACH SUBSEQUENT ROW INCLUDES THETA AND E(THETA)
     THETA = DIMENSIONLESS TIME
     E(THETA) = PREDICTED OPEN MODEL DIMENSIONLESS CONCENTRATION
 -----------------------------------------------------
         100
    1.000000E-10    0.000000E+00
    2.356902E-02    3.073374E-17
    4.713805E-02    1.905027E-08
    7.070707E-02    1.466080E-05
    9.427609E-02    3.853600E-04
    1.178451E-01    2.646914E-03
    1.414141E-01    9.333670E-03
    1.649832E-01    2.254001E-02
    1.885522E-01    4.302813E-02
    2.121212E-01    7.029381E-02
    2.356902E-01    1.030485E-01
    2.592593E-01    1.396935E-01
    2.828283E-01    1.786418E-01
    3.063973E-01    2.184914E-01
    3.299663E-01    2.580937E-01
    3.535354E-01    2.965607E-01
    3.771044E-01    3.332414E-01
    4.006734E-01    3.676860E-01
    4.242424E-01    3.996073E-01
    4.478115E-01    4.288464E-01
    4.713805E-01    4.553410E-01
    4.949495E-01    4.791017E-01
    5.185185E-01    5.001912E-01
    5.420876E-01    5.187085E-01
    5.656565E-01    5.347769E-01
    5.892256E-01    5.485349E-01
    6.127946E-01    5.601289E-01
    6.363636E-01    5.697085E-01
    6.599327E-01    5.774224E-01
    6.835017E-01    5.834159E-01
    7.070707E-01    5.878292E-01
    7.306397E-01    5.907962E-01
    7.542087E-01    5.924436E-01
    7.777778E-01    5.928905E-01
    8.013468E-01    5.922486E-01
    8.249158E-01    5.906221E-01
    8.484848E-01    5.881074E-01
    8.720539E-01    5.847943E-01
    8.956229E-01    5.807654E-01
    9.191919E-01    5.760972E-01
    9.427609E-01    5.708598E-01
    9.663299E-01    5.651178E-01
    9.898990E-01    5.589306E-01
        1.013468    5.523525E-01
        1.037037    5.454331E-01
        1.060606    5.382181E-01
        1.084175    5.307490E-01
        1.107744    5.230637E-01
        1.131313    5.151969E-01
        1.154882    5.071801E-01
        1.178451    4.990420E-01
        1.202020    4.908088E-01
        1.225589    4.825040E-01
        1.249158    4.741493E-01
        1.272727    4.657640E-01
        1.296296    4.573659E-01
        1.319865    4.489708E-01
        1.343434    4.405931E-01
        1.367003    4.322458E-01
        1.390572    4.239403E-01
        1.414141    4.156872E-01
        1.437710    4.074958E-01
        1.461279    3.993743E-01
        1.484848    3.913301E-01
        1.508417    3.833698E-01
        1.531986    3.754992E-01
        1.555556    3.677231E-01
        1.579125    3.600462E-01
        1.602694    3.524721E-01
        1.626263    3.450042E-01
        1.649832    3.376452E-01
        1.673401    3.303974E-01
        1.696970    3.232628E-01
        1.720539    3.162429E-01
        1.744108    3.093388E-01
        1.767677    3.025516E-01
        1.791246    2.958817E-01
        1.814815    2.893295E-01
        1.838384    2.828952E-01
        1.861953    2.765787E-01
        1.885522    2.703796E-01
        1.909091    2.642975E-01
        1.932660    2.583319E-01
        1.956229    2.524819E-01
        1.979798    2.467467E-01
        2.003367    2.411253E-01
        2.026936    2.356167E-01
        2.050505    2.302196E-01
        2.074074    2.249328E-01
        2.097643    2.197551E-01
        2.121212    2.146849E-01
        2.144781    2.097210E-01
        2.168350    2.048618E-01
        2.191919    2.001058E-01
        2.215488    1.954515E-01
        2.239057    1.908972E-01
        2.262626    1.864415E-01
        2.286195    1.820827E-01
        2.309764    1.778192E-01
        2.333333    1.736494E-01
