          1           1      142825         252    
          2           2      107835         197    
          3           3      590352         247    
          4           4      540841         310    
          5           9      109671           0    
          6          10    13269528           0    
          7          11      563462           0    
          8          15      628717           0    
          9          16       71432           0    
         10          17      106423           0    
         11          18       98839           0    
         12          19      119642           0    
         13          21       92524           0    
         14          24      123386           0    
         15          25      589388           0    
         16          26       71238           0    
         17          27     6032297           0    
         18          29      108394           0    
         19          32       79312           0    
         20          36      589402           0    
         21          37      108054           0    
         22          38      554121           0    
         23          39      110429           0    
         24          40      140885           0    
         25          41       93583           0    
         26          43      105577           0    
         27          46       79005           0    
         28          47       78875           0    
         29          49       74964           0    
         30          50      107084           0    
         31          53      107108           0    
         32          56      107153           0    
         33          60      513440           0    
