13.218576123536
13.218576123536
13.218576123536
13.218576123536
13.218576123536
13.218576123536
13.218576123536
13.218576123536
13.218576123536
13.218576123536
13.218576123536
13.218576123536
13.218576123536
13.218576123536
13.218576123536
13.218576123536
13.218576123536
13.218576123536
13.218576123536
13.218576123536
13.218576123536
13.218576123536
13.218576123536
13.218576123536
13.218576123536
13.218576123536
13.218576123536
13.218576123536
13.218576123536
13.218576123536
13.218576123536
13.218576123536
13.218576123536
13.218576123536
13.218576123536
13.218576123536
13.218576123536
13.218576123536
13.218576123536
13.218576123536
13.218576123536
13.218576123536
13.218576123536
13.218576123536
13.218576123536
13.218576123536
13.218576123536
13.218576123536
13.218576123536
13.218576123536
13.218576123536
13.218576123536
13.218576123536
13.218576123536
13.218576123536
13.218576123536
13.218576123536
13.218576123536
13.218576123536
13.218576123536
13.218576123536
13.218576123536
13.218576123536
13.218576123536
13.218576123536
13.218576123536
13.218576123536
13.218576123536
13.218576123536
13.218576123536
13.218576123536
13.218576123536
13.218576123536
13.218576123536
13.218576123536
