48.981412639718
48.981412639718
48.981412639718
48.981412639718
48.981412639718
48.981412639718
48.981412639718
48.981412639718
48.981412639718
48.981412639718
48.981412639718
48.981412639718
48.981412639718
48.981412639718
48.981412639718
48.981412639718
48.981412639718
48.981412639718
48.981412639718
48.981412639718
48.981412639718
48.981412639718
48.981412639718
48.981412639718
48.981412639718
48.981412639718
48.981412639718
48.981412639718
48.981412639718
48.981412639718
48.981412639718
48.981412639718
48.981412639718
48.981412639718
48.981412639718
48.981412639718
48.981412639718
48.981412639718
48.981412639718
48.981412639718
48.981412639718
48.981412639718
48.981412639718
48.981412639718
48.981412639718
48.981412639718
48.981412639718
48.981412639718
48.981412639718
48.981412639718
48.981412639718
48.981412639718
48.981412639718
48.981412639718
48.981412639718
48.981412639718
48.981412639718
48.981412639718
48.981412639718
48.981412639718
48.981412639718
48.981412639718
48.981412639718
48.981412639718
48.981412639718
48.981412639718
48.981412639718
48.981412639718
48.981412639718
48.981412639718
48.981412639718
48.981412639718
48.981412639718
48.981412639718
48.981412639718
