14.88893
20.82095
21.32813
19.66445
-0.91424
14.22843
8.547749
12.60492
10.05895
25.84465
30.7572
21.5594
46.21667
48.9935
28.19789
15.63238
19.40502
7.602709
1890.076
0.00
18.93261
23.48256
55.42765
27.37735
27.86766
15.60555
17.98225
10.42124
12.08954
14.16062
24.07488
24.81656
0.00
0.00
0.00
25.66775
25.25833
20.59444
17.88814
16.55711
15.18662
24.44371
-5.75636
62.37643
0.00
27.83719
41.56842
14.074
27.28923
24.83287
39.03651
44.58456
13.63631
10.81405
20.05459
57.68627
56.66745
0.00
0.00
15.40329
41.01494
0.00
0.00
0.00
0.00
0.00
0.00
0.00
0.00
0.00
0.00
0.00
29.38044
0.00
0.00
