25.0
48.981412639718
48.981412639718
48.981412639718
48.981412639718
48.981412639718
48.981412639718
48.981412639718
25.0
48.981412639718
48.981412639718
48.981412639718
48.981412639718
48.981412639718
48.981412639718
48.981412639718
48.981412639718
48.981412639718
48.981412639718
48.981412639718
48.981412639718
48.981412639718
48.981412639718
48.981412639718
48.981412639718
48.981412639718
48.981412639718
48.981412639718
48.981412639718
48.981412639718
48.981412639718
48.981412639718
48.981412639718
48.981412639718
48.981412639718
48.981412639718
48.981412639718
48.981412639718
48.981412639718
48.981412639718
48.981412639718
48.981412639718
48.981412639718
48.981412639718
48.981412639718
48.981412639718
48.981412639718
48.981412639718
48.981412639718
48.981412639718
48.981412639718
48.981412639718
48.981412639718
48.981412639718
48.981412639718
48.981412639718
48.981412639718
48.981412639718
48.981412639718
48.981412639718
48.981412639718
48.981412639718
48.981412639718
48.981412639718
48.981412639718
48.981412639718
48.981412639718
48.981412639718
48.981412639718
48.981412639718
48.981412639718
48.981412639718
48.981412639718
48.981412639718
48.981412639718
