75070 
75058 
62533 
71432 
92524 
106990 
75150 
56235 
7782505 
108907 
67663 
95487 
106445 
98828 
106467 
100414 
75003 
106934 
107062 
75218 
75343 
110543 
67561 
74839 
74873 
71556 
78933 
74884 
75092 
91203 
108952 
75445 
7803512 
78875 
100425 
127184 
108883 
95534 
120821 
540841 
95476 
108383 
106423 
74895 
74908 
74931 
75047 
75525 
75785 
75796 
79389 
124403 
460195 
7446095 
7637072 
7664417 
10102440 
10294345 
64197
107186
106978
106989
79049
60297
74851
107153
646048
627203
107120
109922
629141
120127
