106978
629629
544638
115071
75354
75003
112301
112925
124221
538681
625547
637923
624646
13389429
142847
611143
135013
1074551
97621
287923
1120623
7443529
463821
4032944
5194514
2765186
1632162
142927
542109
1814886
692455
3875512
1678939
96184
628762
95578
2177471
814788
110123
111308
529204
78784
871830
15870107
108576
544138
564023
13475815
503742
107197
104767
151564
539300
75616
75683
107415
78966
107891
118934
119368
120821
100516
60128
100469
91225
136607
100538
628295
105533
541026
88722
97881
74839
629049
