     1.7947044950522,   0.51357075969131
   -0.24935578781876,   -4.4483156135590D-02
    -3.7257600619748,   -2.7176375196650D-02
    -4.3637081890540,   -1.0574961712523
     2.1577345278884,   0.23260679690257
    -2.7995575385607,   0.65704789018923
    -1.6576147014861,   0.32984950384421
    -5.8213696363146,   0.48179100687168
   0.,  0.
    0.64467455836276,    6.8663533151923D-02
    -1.8332484583268,  -0.37976667912757
    0.13116419898922,    1.0463347973047D-01
    -2.1818963179493,  -0.35836934236135
    -4.0906895394649,  -0.87811849545958
    -2.3821302012314,    1.6942836200319
   0.,  0.
   0.,  0.
    -2.3031317346099,   0.61122775906859
    0.94652253167533,   0.56332551170831
    -2.1328012740182,   0.87701176800185
    0.64158772692719,   0.52021001785445
   -0.52874855095343,   0.98596782243048
    -6.0088796671389,    1.5704562924435
     1.1135182655493,   0.34277282422932
     2.4059277363381,    6.8308013414495D-02
    0.25000914742765,  -0.36690069357768
   0.,  0.
   0.,  0.
   0.,  0.
     1.6765448665662,   0.19075752899274
   0.,  0.
   0.,  0.
    -1.3980357078653,   0.14201760910238
   0.,  0.
   0.,  0.
   0.,  0.
   0.,  0.
   0.,  0.
   0.,  0.
   0.,  0.
   0.,  0.
     1.8252058968052D-11,   0.84955369554856
   -0.19628524210580,   0.49200481726256
   0.,  0.
    0.74401560255123,   0.58052933953214
    -1.1924346459375,    7.6104249981818D-02
   0.,  0.
   0.,  0.
    0.13437159824470,   0.63303362146590
   0.,  0.
   0.,  0.
   0.,  0.
   0.,  0.
   -0.12482139270539,   0.12054536017612
   0.,  0.
   0.,  0.
   0.,  0.
   0.,  0.
   0.,  0.
   0.,  0.
     3.0830372762075,  -0.40808866456656
   0.,  0.
   0.,  0.
    -164.92210982697,    52.267626754000
    0.61516275265908,   0.63059591737820
     3.1268853596018,   0.15179005732648
   0.,  0.
   0.,  0.
   0.,  0.
     3.0128608594391,    5.4875408462265D-04
   0.,  0.
   0.,  0.
   0.,  0.
   0.,  0.
   0.,  0.
   0.,  0.
    -1.1589394236937,   -1.0630909380434D-02
   0.,  0.
   0.,  0.
   0.,  0.
   0.,  0.
   0.,  0.
   0.,  0.
   0.,  0.
   0.,  0.
   0.,  0.
   0.,  0.
   0.,  0.
   0.,  0.
   0.,  0.
   0.,  0.
   0.,  0.
   0.,  0.
   0.,  0.
   0.,  0.
   0.,  0.
   0.,  0.
   0.,  0.
   0.,  0.
   0.,  0.
   0.,  0.
    0.25001121208602,  -0.88505101444762
     3.9220965936363,   0.11513439246122
   0.,  0.
   0.,  0.
   0.,  0.
   0.,  0.
   0.,  0.
    0.74049069884510,   0.12910504927994
    -2.6925507801248,   0.73890244977439
   0.,  0.
     1.8729391888539,  -0.19582644554880
   0.,  0.
   0.,  0.
   0.,  0.
