     2.8884649344569,   0.33130484798198
    -1.4498637550645D-02,   0.59572023594628
    -3.0708615308899,   0.29833042204578
    -5.9486456774636,   0.37937495081261
     2.3756893983974,   -1.3137194326213
    -6.7858360592415D-02,    1.2658191719016
   -0.28979658872632,   0.26551315310520
    -3.4024856718257,   0.24778042330357
    -5.3222742251484,    2.9651280067475
    0.37057904914013,  -0.85707180143989
   -0.18701267163908,    4.6847998797688
     1.4969138702556,    2.6343588162867
    -1.9669250817160,    1.5318899577154
    -6.3622326470346,   -2.7700228717212
     5.4430512257264,    8.0281654627579
     8.6458950766206,    8.0214938027867
   0.,  0.
     5.0569173588191,   10.4496303265796
     6.0180990832257,    13.820871752932
     6.1403737557455,    23.691927669665
     3.2226620547159,    3.8336999570015
     5.6045779897824,    11.308037222894
     2.7315302412317,    9.9230112986746
     5.3857423002636,    9.9663662697732
     2.4403167352974,  -0.56590758234947
   -0.65593211261792,  -0.64887815529534
    0.86385560898399,    12.403304467577
   0.,  0.
   0.,  0.
     1.8942441027940,   -1.0501454459242
   -0.11744128244231,   0.19366801614502
    0.17250992534574,   -3.9918699375961
    -1.1328018961504,   -1.5878719839537
    -1.3277749870694,    2.5224166816995
     2.9103800219683,    10.767214719241
    -3.6689863036607,   -1.1980770054697
     6.8890339470623,    19.668052233881
     8.8699601943033,    12.238097287172
     5.8249794263696,    12.450420082161
     4.6796206387020,    16.476084888168
     14.717433970072,    62.935939494571
     14.795927664674,    85.226580104576
     4.6929295559358,    11.393589572508
     9.4347762734903,    15.258372298865
     2.1465675780672,  -0.21321882151597
     5.7554856845048,    30.069469672236
     3.0234416963387,    30.113080694325
     9.9125893584752,    15.634145081971
     2.8202177193138,    3.0791165454945
     7.7889675681773,    20.561796916805
     9.9204757145344,    16.707327693110
     2.4297054763404,    2.1657024254903
     9.8556291411535,    17.232711693053
     3.0824599174332,    6.1876160762419
   0.,  0.
   0.,  0.
   0.,  0.
   0.,  0.
     11.449780469977,    29.404279841189
   0.,  0.
     3.6777972133418,    3.1025958060324
   0.,  0.
     8.0891090817004,    11.737872829342
     4.2310959119791,    6.9941505841240
     3.4855289959748,    4.2364030725894
     2.9724724752062,    1.4123851806989
     3.0541659904147,    12.105898162593
   0.,  0.
     14.569472514519,    61.555238503694
     2.9412977091282,    1.0888985640442
     2.1771284448224,    6.2174267731594
   0.,  0.
   0.,  0.
     8.5520955234370,    27.020831131689
    -6.3314294804393,   -31.874803944902
   0.,  0.
     1.7879730019860,    6.4973702841333
   0.,  0.
   0.,  0.
   0.,  0.
   -10.4522885658249,  -10.0111402400100
   0.,  0.
   0.,  0.
    -2.4301282827321,    8.5945828100791
   0.,  0.
     11.665795232588,    31.268402907835
     6.5922216333876,    21.225285575178
     11.795479247275,    30.776604935240
     6.9478502629604,    21.860288786646
     5.2131742477117,    12.050513739828
   0.,  0.
   0.,  0.
   0.,  0.
   0.,  0.
   0.,  0.
   0.,  0.
   0.,  0.
   0.,  0.
   0.,  0.
   0.,  0.
   0.,  0.
     7.0736474367306,    23.224361073811
     5.3195204305257,    24.680456860165
   0.,  0.
   0.,  0.
     12.169944618494,    35.326489492226
     9.5261405671237,    38.227728258593
   0.,  0.
    0.80391261294712,   -5.7041708589982D-03
    0.11318205301173,    3.3754648383160
    -3.2159244265307,    2.3379232045123
     3.4446289015154,    9.9742910448364
    -1.9109186607649,  -0.52114597022970
     2.0897362473138,    1.2659326860742D-02
     11.005863281285,    61.546953626809
