 The Chemicals being optimized are:  


        #         CAS #        Family Group
      -----    ------------    ------------

          1          353593         PH        7
          2           75627         PH       12
          3           75694         PH       35
          4           56235         AH       35
          5           75252         VH        8
          6           75434         PH       22
          7           67663         AH       41
          8           74975         PH        5
          9           74953         VH       15
         10           75092         AH       15
         11           75116         WH        6
         12           64186         AC       27
         13           74884         WH       14
         14           67561         AL       38
         15           75150         SF       28
         16          124732         PH        5
         17          374072         PH        9
         18           76142         PH       25
         19           76131         PH       38
         20          127184         AH       19
         21           76119         PH       18
         22           76120         PH       10
         23          151677         PH       12
         24          306832         PH       45
         25          354234         PH       16
         26           79016         AH       24
         27           76017         AH       13
         28           79276         VH        9
         29           75887         PH        4
         30          156592         AH       38
         31          156605         AH       10
         32          630206         AH       14
         33           79345         AH       10
         34          593602         VH        6
         35           75014         AH       13
         36         1717006         PH       50
         37           71556         AH       33
         38           79005         AH       21
         39           75058         NX        6
         40          557915         VH       21
         41          106934         VH        9
         42           75343         AH       22
         43          107062         AH       46
         44           75070         LD       21
         45           75218         CT       23
         46           64197         AC       26
         47          107313         FS       23
         48           74964         VH       42
         49           75036         WH       17
         50          115106         AT        4
         51           64175         AL       50
         52          107211         PL       23
         53           75183         SF       18
         54           75081         SD       30
         55          624920         SF       33
         56          540636         SD        7
         57          124403         BM        2
         58           75047         AM       17
         59          107153         OM       42
         60          107131         NX       10
         61           78886         HH       16
         62          107028         LD        5
         63           79107         OC       13
         64           57578         SS        2
         65          557982         HH        2
         66          107051         HH       30
         67          107120         NX       14
         68           75194         CA       13
         69           78999         HH       18
         70           78875         HH       59
         71          142289         HH        1
         72           67641         KK       37
         73          107186         OL       20
         74          123386         LD       30
         75           75569         CT       19
         76          109944         FS       13
         77           79209         ES       36
         78           79094         AC       22
         79          110883         OT        6
         80          106945         VH       32
         81           75263         VH       13
         82           75296         HH       17
         83          540545         HH       25
         84           75309         WH        7
         85          107084         WH       20
         86           74986         AA        1
         87           67630         OL       56
         88          540670         AT       13
         89           71238         AL       57
         90          109875         OT        8
         91           57556         PL       13
         92          504632         PL        3
         93           56815         PL       21
         94          624895         SF       52
         95          107039         SD       28
         96           75310         BM       21
         97          107108         AM       22
         98           78900         OM        2
         99           87683         HH        1
        100          115253         FH        9
        101          355259         FH        1
        102          689974         YY        7
        103          110021         SF       71
        104          126998         HH       24
        105          109751         NX       23
        106          106990         DE       15
        107          503173         YY       22
        108          107006         YY        4
        109        10075384         HH        3
        110         1476115         HH        4
        111          110576         HH        2
        112          760236         HH        2
        113          123739         LD        1
        114          110656         PL        1
        115           96480         SS        2
        116          107937         OC        1
        117           79414         OC        1
        118           96333         US       20
        119          108054         ES       70
        120          109740         NX       17
        121          106989         AE       20
        122          590181         BE       14
        123          287230         CA       18
        124          115117         ME       22
        125          616217         HH        9
        126          110565         HH       11
        127          123728         LD       21
        128          106887         CT       15
        129          109922         AT        6
        130           78933         KK       40
        131           78842         LD       14
        132          109999         OT       50
        133         6117802         PL        2
        134          107926         AC       10
        135          123911         OT       16
        136          141786         ES       47
        137           79312         OC       17
        138          554121         BS       27
        139          110747         FS       27
        140          110010         SF       52
        141          109659         VH       23
        142           78762         VH        1
        143          109693         HH       46
        144           78864         HH       29
        145          507200         HH        8
        146          513360         HH       10
        147          123751         OM       18
        148           75285         MA       21
        149           71363         AL       23
        150           78922         OL       41
        151           60297         AT       22
        152          598538         AT        1
        153           78831         OL       13
        154           75650         OL       33
        155          557175         AT       40
        156          584032         PL        3
        157          107880         PL        3
        158         6982258         PL        1
        159          110714         OT       12
        160         2163420         PL        2
        161          109795         SD       13
        162          352932         SF       60
        163          513440         SD       34
        164         3877154         SF       37
        165          110816         SF       20
        166          109739         AM       22
        167        13952846         BM        7
        168          109897         BM       30
        169           78819         BM       14
        170         1112396         SX        1
        171           75763         SX        2
        172           77474         HH        5
        173          110861         RM       19
        174          542927         DE        7
        175          554143         SF       31
        176          616444         SF       24
        177          142290         CE       30
        178           78795         DE       13
        179          598232         YY       16
        180         1574410         DE       23
        181         2004708         DE       23
        182          591935         DE        9
        183          627190         YY       17
        184          120923         KK       17
        185          140885         US       27
        186           80626         US       23
        187          108292         SS        2
        188          110598         NX       11
        189          563462         ME       48
        190          513359         ME       42
        191          563451         ME       37
        192          109671         AE       54
        193          627203         BE       21
        194          646048         BE       21
        195          563804         KK       15
        196          110623         LD       13
        197          107879         KK       22
        198           96220         KK       34
        199          592847         FS       29
        200          589402         FS       42
        201          105373         BS       17
        202          542552         FS       31
        203          108214         ES       61
        204          623427         BS       26
        205          600077         OC        1
        206          547637         BS       17
        207           75989         OC       13
        208          109524         AC        2
        209          109604         ES       27
        210          543599         HH       17
        211          120945         OM        6
        212          110894         OM       15
        213          109660         AA       53
        214           75843         OL       18
        215          625547         AT        1
        216          628320         AT       27
        217          137326         OL       14
        218           75854         OL       34
        219          123513         OL       37
        220          598754         OL       22
        221          628284         AT       12
        222         1634044         AT       37
        223           71410         AL       20
        224         6032297         OL       70
        225          584021         OL       22
        226          462953         OT       15
        227          625694         PL       12
        228         6163640         SF       36
        229          110667         SD       15
        230          110587         AM       13
        231          392563         FH       34
        232          108703         RH        4
        233          108361         VH        2
        234          541731         RH       15
        235           95501         RH       14
        236          106467         RH       12
        237          108861         VH       21
        238          108907         RH       35
        239          462066         FH       28
        240          591504         WH       12
        241           71432         AR       59
        242          108952         RL       14
        243           62533         RM       21
        244          109068         RM       29
        245          108996         RM       27
        246          108894         RM       21
        247          592574         DE       41
        248          628411         DE       13
        249          111693         NX        6
        250          624486         US       14
        251          110838         CE       49
        252          513815         DE       15
        253          592450         DE       16
        254          693027         YY       29
        255          764352         YY       19
        256          928494         YY       28
        257          693890         CE        6
        258          108941         KK       14
        259          141797         KK       10
        260          502443         SS        2
        261           97632         US       10
        262          925600         US        1
        263           95921         SS        7
        264          628739         NX       15
        265          110827         CA       29
        266          563780         EE       25
        267          563791         EE       57
        268          558372         EE       20
        269          760214         EE       28
        270          592416         AE       32
        271         7688213         BE       28
        272         4050457         BE       31
        273         7642093         BE       29
        274        13269528         BE       39
        275           96377         GA       35
        276          763291         ME       25
        277          625274         ME       29
        278          760203         ME       28
        279          922623         ME       24
        280          616126         ME       35
        281          691372         ME       30
        282          691383         ME       19
        283          674760         ME        5
        284          111342         AT        1
        285          108930         CL        8
        286           75978         KK       15
        287          565695         KK       13
        288           66251         LD       13
        289          589388         KK       59
        290          108101         KK       16
        291          565617         KK       12
        292          123864         ES       20
        293          105464         ES       11
        294          540885         ES       17
        295          105544         BS       22
        296          142621         AC        1
        297          110190         ES       20
        298          595379         OC        2
        299          638493         FS        9
        300          106365         BS       18
        301          108918         OM       20
        302          111499         OM        7
        303           75832         DA       43
        304           79298         DA       27
        305          110543         AA       33
        306          107835         MA       29
        307           96140         MA       28
        308          628819         AT        7
        309          108203         AT       20
        310          111433         AT       26
        311           97950         OL       18
        312          111273         AL       19
        313          626937         OL       43
        314          105306         OL       23
        315          108112         OL       30
        316          994058         AT       53
        317          105577         OT       23
        318          629141         OT        2
        319          111966         OT        8
        320          111477         SF       16
        321        14290927         SF       24
        322          111319         SD       15
        323          629196         SF        6
        324          108189         BM       10
        325          111262         AM       16
        326          121448         BM       36
        327          140318         OM        1
        328          107460         SX       44
        329          541059         SX       10
        330           98566         PH        2
        331           98088         FH       20
        332           98873         RH        4
        333          100527         LD       15
        334          106387         VH        3
        335          100447         RH        4
        336          106434         RH        7
        337          108883         AR       35
        338          100663         OT       15
        339          108394         RL       20
        340           95487         RL        9
        341          106445         RL        6
        342          108485         RM       31
        343          100618         RM        7
        344          108441         RM       12
        345           95534         RM       24
        346          106490         RM        5
        347          498668         HR        7
        348           96059         US        3
        349          628922         CE        7
        350          628717         YY       32
        351          141322         US       15
        352         4351546         FS        1
        353          106638         US        6
        354          291645         CA       18
        355         1638262         GA       28
        356         1192183         GA       24
        357          822504         GA       25
        358         2532583         GA       26
        359         1759586         GA       24
        360         1640897         GA       39
        361         3404715         EE       16
        362         4038044         EE       18
        363          592767         AE       32
        364         6443921         BE       18
        365        14686136         BE       32
        366         7642106         BE       20
        367        14686147         BE       32
        368          108872         HA       29
        369         6094026         ME       20
        370         3404613         ME       18
        371         3769231         ME       22
        372          594569         EE       25
        373          111717         LD        8
        374          110430         KK        8
        375          106354         KK        8
        376          123193         KK       11
        377          590670         CL        6
        378         7443701         CL        1
        379         5454795         CL        1
        380         7443552         CL        2
        381         7731284         CL        1
        382         7731295         CL        2
        383        19269284         LD        7
        384          590012         BS       10
        385          108645         SS        7
        386          123922         ES       10
        387         1185393         OC        1
        388          628637         ES        7
        389          105668         BS       14
        390          100607         OM        1
        391          590352         DA       45
        392          565593         DA       45
        393          108087         DA       28
        394          562492         DA       36
        395          617787         OA       36
        396          142825         AA       91
        397          591764         MA       25
        398          589344         MA       28
        399          464062         OA       43
        400          919948         AT       11
        401          111706         AL       20
        402          543497         OL        7
        403         1639094         SD        8
        404          111682         AM        9
        405          536743         MR        2
        406          100425         MR       10
        407           98862         KK       20
        408          104574         RS        4
        409           93583         RS        9
        410          100414         AR       46
        411          108383         BR       33
        412           95476         BR       26
        413          106423         BR       49
        414           98851         RL       12
        415          103731         OT       10
        416          526750         RL        1
        417          105679         RL       16
        418           95874         RL        1
        419          576261         RL        7
        420          108689         RL        2
        421         2274115         US        2
        422          121697         RM        2
        423          103695         RM        7
        424          111784         DE        1
        425          141059         US        2
        426          931884         CE        4
        427          764136         DE       11
        428          629050         YY       13
        429          622457         ES        2
        430           97869         US        2
        431          123251         SS        3
        432          292648         CA       13
        433          590669         HA       18
        434         2207014         HA       21
        435         6876239         HA       23
        436          638040         HA       22
        437         2207036         HA       21
        438          624293         HA       21
        439         2207047         HA       23
        440        16746864         EE       12
        441         1678917         HA       22
        442        16747505         GA       23
        443          111660         AE       26
        444         7642048         BE       17
        445        14850227         BE       12
        446         7642151         BE       20
        447        14919018         BE       11
        448        14850238         BE       11
        449         2040962         GA       28
        450          107391         EE       27
        451          107404         EE       27
        452          124130         LD       10
        453          109217         BS        5
        454          112232         FS        1
        455           97858         BS       12
        456          124072         AC        1
        457          590738         DA       26
        458          584941         DA       23
        459          589435         DA       26
        460          592132         DA       26
        461          563166         DA       13
        462          583482         DA       24
        463          619998         OA       25
        464          609267         OA       24
        465         1067089         OA       19
        466          592278         MA       29
        467          589811         MA       27
        468          589537         MA       13
        469          111659         AA       38
        470          540841         OA       73
        471          560214         OA       24
        472          565753         OA       28
        473          142961         AT        1
        474         6863587         AT        6
        475          628557         AT        2
        476          111875         AL       21
        477          123966         OL       11
        478          144194         PL        1
        479          112367         OT        2
        480          111886         SD       14
        481          111922         BM        9
        482          110963         BM        6
        483          111864         AM       13
        484          631367         SX       14
        485          556672         SX       17
        486          119653         RM        4
        487           95136         HR       16
        488          496117         HR       20
        489           98839         MR       24
        490          100801         MR       12
        491          611154         MR       19
        492          622979         MR        9
        493          766905         MR       17
        494          873665         MR        2
        495          140114         RS        2
        496           93890         RS        3
        497           98828         BR       33
        498          620144         BR       25
        499          622968         BR       32
        500          108678         BR       25
        501          103651         AR       17
        502          526738         BR       18
        503           95636         BR       25
        504           93549         RL        1
        505          698873         RL        1
        506          617947         RL        2
        507           78591         KK        4
        508         2040951         GA        8
        509          696297         HA       26
        510          124118         AE       16
        511         1678928         HA       12
        512          108838         KK       21
        513          124196         LD       10
        514          821556         KK        4
        515          502567         KK        5
        516          112061         ES        5
        517          112323         FS        1
        518         1067205         OA        8
        519        16747323         OA       10
        520         1068877         OA       10
        521         1071267         DA       10
        522         1072055         DA       10
        523        15869804         OA        9
        524         3221612         MA        8
        525         2216333         MA        9
        526         2216344         MA        9
        527          111842         AA       23
        528         7154792         OA       14
        529         1186534         OA       15
        530         1070877         OA       18
        531        16747389         OA       10
        532         3522949         OA       23
        533        16747301         OA       10
        534          143088         AL        1
        535         1455216         SD        1
        536          112209         AM        7
        537           91203         DR       17
        538          767599         HR        2
        539          131113         RS        3
        540           77736         DE       12
        541         2039932         MR        4
        542          768003         MR        1
        543          119642         DR       25
        544          104518         AR       13
        545          135988         BR       12
        546           98066         BR       12
        547          535773         BR       18
        548          527844         BR       17
        549           99876         BR       26
        550          141935         BR       12
        551          105055         BR        5
        552         2870044         BR        6
        553         1758889         BR        7
        554          933982         BR        2
        555          874419         BR        6
        556          934805         BR        5
        557          934747         BR        6
        558          538932         BR       14
        559         1074175         BR        7
        560         1074437         BR        5
        561          488233         BR       10
        562          527537         BR        2
        563           95932         BR        3
        564           91667         RM        7
        565           79925         HR        1
        566         5989275         TR        6
        567           99832         TR       11
        568          555102         TR        2
        569           80568         HR       40
        570          127913         HR       24
        571           99865         TR        5
        572           99854         TR        5
        573          586629         TR        9
        574          493016         RA       16
        575          493027         RA       18
        576          872059         AE       21
        577          112312         LD        1
        578         2216515         CL        3
        579          103093         ES        3
        580          659701         SS        4
        581          112141         ES        5
        582          124185         AA       29
        583        15869871         DA        8
        584         7146603         DA        7
        585        15869893         DA        7
        586         2051301         DA        9
        587         1072168         DA       10
        588         5911046         MA        6
        589        17301949         MA        6
        590        15869859         MA        7
        591         1071814         OA       10
        592         7154805         OA        7
        593          143102         SD        2
        594         2016571         AM        8
        595         2050922         BM        2
        596          141628         SX        8
        597           90120         DR        1
        598          103117         US        9
        599          821954         AE       14
        600          112447         LD        1
        601          110429         SS       13
        602          143135         ES        1
        603         1120214         AA        2
        604         7307553         AM        2
        605           92524         PR       10
        606          582161         DR        2
        607         1127760         DR        1
        608          939275         DR        8
        609         1746232         MR        5
        610          827521         MR        2
        611          100185         BR        9
        612         1077163         AR        4
        613          112414         AE        1
        614          112549         LD        1
        615          112174         ES        2
        616          112403         AA       29
        617          112538         AL       14
        618          101815         PR        8
        619         2437561         AE       21
        620          111820         SS        3
        621          629505         AA       17
        622          112709         AL       20
        623          612000         PR        1
        624          103297         PR        8
        625          131168         RS        5
        626         2189608         AR        8
        627         1120361         AE       19
        628          629594         AA       23
        629          112721         AL       20
        630         1081772         AR        8
        631        13360617         AE       18
        632          629765         AL        5
        633           84742         RS        3
        634          104723         AR        2
        635         1795160         HA       10
        636          629732         AE       16
        637           57103         AC        3
        638          544763         AA       12
        639        36653824         AL        8
        640         6742547         AR        1
        641           84151         PR        1
        642          123013         AR        3
        643          109433         SS        1
        644           57114         AC        1
        645          593453         AA       15
        646          123024         AR        1
        647          629925         AA        3
        648          112958         AA        4
        649          629969         AL        4
        650          629947         AA        2
        651          629970         AA        2
        652          593497         AA        1
