   353593
   75627
   75616
   75718
   75694
   56235
   75252
   75456
   75434
   67663
   74975
   74953
   75092
   75116
   64186
   74839
   74884
   75525
   67561
   74931
   74895
   75150
   124732
   374072
   76142
   76131
   127184
   76119
   76120
   151677
   306832
   354234
   79016
   75876
   76039
   76017
   76051
   79276
   75887
   75354
   156592
   156605
   79436
   630206
   79345
   593602
   75014
   75683
   107200
   1717006
   71556
   79005
   75058
   107164
   557915
   106934
   75343
   107062
   75070
   75218
   64197
   107313
   68111
   74964
   75003
   107073
   107302
   75036
   151564
   60355
   79243
   115106
   64175
   67685
   60242
   107211
   75183
   75081
   624920
   540636
   124403
   75047
   141435
   107153
   1814886
   107131
   78886
   107028
   107197
   79107
   57578
   692455
   127173
   557982
   107051
   106898
   96344
   96184
   107120
   109784
   75194
   115071
   78999
   78875
   142289
   67641
   107186
   107255
   123386
   75569
   116096
   109944
   79209
   79094
   107960
   616386
   625456
   110883
   106945
   75263
   75296
   540545
   75309
   107084
   68122
   79163
   108032
   79469
   74986
   67630
   540670
   71238
   109864
   109875
   57556
   504632
   56815
   624895
   107039
   75310
   107108
   78966
   109831
   78900
   87683
   115253
   355259
   689974
   674828
   110021
   126998
   109751
   105340
   106990
   503173
   107006
   10075384
   1476115
   110576
   760236
   123739
   110656
   96480
   107937
   79414
   96333
   108054
   108327
   105395
   109740
   110678
   106989
   590181
   624646
   287230
   115117
   616217
   110565
   123728
   106887
   109922
   78933
   78842
   109999
   107891
   6117802
   107926
   123911
   141786
   25714710
   79312
   554121
   110747
   547648
   110010
   109659
   78762
   109693
   78864
   507200
   513360
   123751
   127195
   110918
   106978
   75285
   71363
   78922
   60297
   598538
   78831
   75650
   557175
   110770
   2150029
   584032
   107880
   6982258
   110714
   110805
   2163420
   107982
   109795
   352932
   513440
   3877154
   110816
   109739
   13952846
   109897
   78819
   111422
   1112396
   75763
   77474
   98011
   110861
   542927
   544138
   554143
   616444
   105566
   142290
   78795
   598232
   1574410
   2004708
   591935
   627190
   120923
   814788
   140885
   111308
   80626
   108292
   105453
   110598
   872504
   287923
   563462
   513359
   563451
   109671
   627203
   646048
   628762
   563804
   110623
   107879
   96220
   592847
   589402
   105373
   542552
   108214
   623427
   600077
   547637
   503742
   75989
   109524
   109604
   97994
   105588
   97643
   543599
   120945
   110894
   78784
   463821
   109660
   75843
   625547
   628320
   137326
   75854
   123513
   598754
   628284
   1634044
   71410
   6032297
   584021
   462953
   2807309
   625694
   111773
   628295
   6163640
   110667
   110587
   392563
   120821
   108703
   108361
   541731
   95501
   106467
   108861
   108907
   108430
   95578
   106489
   462066
   591504
   98953
   71432
   108429
   95512
   108952
   62533
   109068
   108996
   108894
   592574
   628411
   111693
   624486
   110838
   513815
   592450
   5194514
   693027
   764352
   928494
   693890
   1120623
   108941
   141797
   502443
   97632
   925600
   141979
   868779
   95921
   542109
   628739
   110827
   563780
   563791
   558372
   760214
   592416
   7688213
   4050457
   7642093
   13269528
   96377
   763291
   625274
   760203
   922623
   616126
   691372
   691383
   674760
   111342
   108930
   75978
   565695
   66251
   589388
   108101
   565617
   123864
   105464
   540885
   123422
   105544
   97621
   142621
   110190
   595379
   638493
   106365
   111159
   108656
   108918
   111499
   75832
   79298
   110543
   107835
   96140
   628819
   637923
   108203
   111433
   97950
   111273
   626937
   105306
   108112
   994058
   105577
   111762
   629141
   107415
   111966
   111900
   111477
   14290927
   111319
   629196
   108189
   142847
   111262
   121448
   140318
   107460
   541059
   121175
   98566
   98464
   98088
   118967
   98873
   100527
   90028
   106387
   100447
   106434
   88722
   99990
   108883
   100663
   100516
   108394
   95487
   106445
   90051
   100538
   100469
   108485
   100618
   108441
   95534
   106490
   498668
   96059
   628922
   628717
   141322
   4351546
   106638
   105533
   291645
   1638262
   1192183
   822504
   2532583
   1759586
   1640897
   3404715
   4038044
   592767
   6443921
   14686136
   7642106
   14686147
   108872
   6094026
   3404613
   3769231
   594569
   111717
   110430
   106354
   123193
   590670
   7443701
   7443529
   5454795
   7443552
   7731284
   7731295
   19269284
   110123
   590012
   108645
   123922
   1185393
   628637
   105668
   763699
   629049
   100607
   590352
   565593
   108087
   562492
   617787
   142825
   591764
   589344
   464062
   919948
   111706
   543497
   6881943
   34590948
   1639094
   111682
   536743
   140294
   100425
   98862
   529204
   104574
   118934
   93583
   119368
   100414
   108383
   95476
   106423
   98851
   103731
   60128
   526750
   105679
   95874
   576261
   108689
   2274115
   121697
   103695
   111784
   141059
   931884
   764136
   629050
   97881
   622457
   97869
   123251
   292648
   590669
   2207014
   6876239
   638040
   2207036
   624293
   2207047
   16746864
   1678917
   1632162
   3875512
   16747505
   15870107
   111660
   7642048
   14850227
   7642151
   13389429
   14919018
   14850238
   2040962
   107391
   107404
   124130
   109217
   112232
   142927
   97858
   124072
   112152
   590738
   584941
   589435
   592132
   563166
   583482
   619998
   609267
   1067089
   592278
   589811
   589537
   111659
   564023
   540841
   560214
   565753
   142961
   6863587
   628557
   104767
   111875
   123966
   144194
   112367
   112345
   111886
   111922
   110963
   111864
   631367
   556672
   119653
   91225
   95136
   496117
   98839
   100801
   611154
   622979
   766905
   873665
   140114
   93890
   98828
   620144
   611143
   622968
   108678
   103651
   526738
   95636
   539300
   93549
   698873
   617947
   78591
   2040951
   696297
   124118
   1678928
   108838
   124196
   821556
   502567
   112061
   112323
   88917220
   1067205
   16747323
   1068877
   1071267
   1072055
   15869804
   3221612
   2216333
   2216344
   111842
   7154792
   1186534
   1070877
   16747389
   3522949
   16747301
   143088
   1455216
   112209
   91203
   108576
   767599
   2177471
   131113
   77736
   2039932
   768003
   119642
   104518
   135988
   98066
   535773
   527844
   99876
   141935
   135013
   105055
   2870044
   1758889
   933982
   874419
   934805
   934747
   538932
   1074175
   1074437
   1074551
   488233
   527537
   95932
   91667
   79925
   5989275
   99832
   555102
   80568
   127913
   99865
   99854
   586629
   493016
   493027
   1678939
   872059
   112312
   2216515
   103093
   659701
   112141
   124185
   15869871
   7146603
   4032944
   15869893
   2051301
   1072168
   871830
   5911046
   17301949
   15869859
   13475815
   1071814
   7154805
   112301
   1559359
   143102
   2016571
   2050922
   141628
   541026
   90120
   136607
   538681
   103117
   821954
   112447
   110429
   143135
   1120214
   7307553
   92524
   582161
   1127760
   939275
   1746232
   827521
   100185
   1077163
   112414
   112549
   112174
   112403
   112538
   124221
   101815
   2765186
   2437561
   111820
   629505
   112709
   612000
   103297
   131168
   2189608
   1120361
   544638
   629594
   112721
   1081772
   13360617
   629629
   629765
   84742
   104723
   1795160
   629732
   57103
   544763
   36653824
   6742547
   84151
   123013
   109433
   57114
   593453
   112925
   123024
   629925
   112958
   629969
   629947
   629970
   593497
