 The Chemicals being optimized are:  


        #         CAS #        Family Group
      -----    ------------    ------------

          1           75252         VH        8
          2           74953         VH       15
          3           75116         WH        6
          4           74884         WH       14
          5           79016         AH       24
          6           79276         VH        9
          7          156592         AH       38
          8          156605         AH       10
          9           79345         AH       10
         10          593602         VH        6
         11           75014         AH       13
         12           79005         AH       21
         13          557915         VH       21
         14          106934         VH        9
         15           75343         AH       22
         16          107062         AH       46
         17           75070         LD       21
         18           64197         AC       26
         19          107313         FS       23
         20           74964         VH       42
         21           75036         WH       17
         22          115106         AT        4
         23           64175         AL       50
         24           75183         SF       18
         25           75081         SD       30
         26          624920         SF       33
         27          540636         SD        7
         28           75047         AM       17
         29           78886         HH       16
         30          107028         LD        5
         31           79107         OC       13
         32           57578         SS        2
         33          557982         HH        2
         34          107051         HH       30
         35          107120         NX       14
         36           75194         CA       13
         37           78999         HH       18
         38           78875         HH       59
         39          142289         HH        1
         40           67641         KK       37
         41          107186         OL       20
         42          107255         AT        5
         43          123386         LD       30
         44          109944         FS       13
         45           79209         ES       36
         46           79094         AC       22
         47          106945         VH       32
         48           75263         VH       13
         49           75296         HH       17
         50          540545         HH       25
         51           75309         WH        7
         52          107084         WH       20
         53           74986         AA        1
         54           67630         OL       56
         55          540670         AT       13
         56           71238         AL       57
         57          109875         OT        8
         58           57556         PL       13
         59          504632         PL        3
         60           56815         PL       21
         61          624895         SF       52
         62          107039         SD       28
         63          107108         AM       22
         64          689974         YY        7
         65          126998         HH       24
         66          109751         NX       23
         67          106990         DE       15
         68          107006         YY        4
         69        10075384         HH        3
         70         1476115         HH        4
         71          110576         HH        2
         72          760236         HH        2
         73          123739         LD        1
         74           96480         SS        2
         75          107937         OC        1
         76           79414         OC        1
         77           96333         US       20
         78          108054         ES       70
         79          109740         NX       17
         80          106989         AE       20
         81          590181         BE       14
         82          287230         CA       18
         83          115117         ME       22
         84          616217         HH        9
         85          110565         HH       11
         86          123728         LD       21
         87          109922         AT        6
         88           78933         KK       40
         89           78842         LD       14
         90         6117802         PL        2
         91          107926         AC       10
         92          141786         ES       47
         93           79312         OC       17
         94          554121         BS       27
         95          110747         FS       27
         96          110010         SF       52
         97          109659         VH       23
         98           78762         VH        1
         99          109693         HH       46
        100           78864         HH       29
        101          513360         HH       10
        102           75285         MA       21
        103           71363         AL       23
        104           78922         OL       41
        105           60297         AT       22
        106          598538         AT        1
        107           78831         OL       13
        108           75650         OL       33
        109          557175         AT       40
        110          584032         PL        3
        111          107880         PL        3
        112         6982258         PL        1
        113          110714         OT       12
        114         2163420         PL        2
        115          109795         SD       13
        116          352932         SF       60
        117          513440         SD       34
        118         3877154         SF       37
        119          110816         SF       20
        120          109739         AM       22
        121          109897         BM       30
        122           78819         BM       14
        123          542927         DE        7
        124           78795         DE       13
        125          598232         YY       16
        126         1574410         DE       23
        127         2004708         DE       23
        128          591935         DE        9
        129          627190         YY       17
        130          120923         KK       17
        131          140885         US       27
        132           80626         US       23
        133          108292         SS        2
        134          110598         NX       11
        135          563462         ME       48
        136          513359         ME       42
        137          563451         ME       37
        138          109671         AE       54
        139          627203         BE       21
        140          646048         BE       21
        141          563804         KK       15
        142          110623         LD       13
        143          107879         KK       22
        144           96220         KK       34
        145          592847         FS       29
        146          589402         FS       42
        147          105373         BS       17
        148          542552         FS       31
        149          108214         ES       61
        150          623427         BS       26
        151          600077         OC        1
        152          547637         BS       17
        153           75989         OC       13
        154          109524         AC        2
        155          109604         ES       27
        156          543599         HH       17
        157          109660         AA       53
        158           75843         OL       18
        159          628320         AT       27
        160          137326         OL       14
        161           75854         OL       34
        162          123513         OL       37
        163          598754         OL       22
        164          628284         AT       12
        165         1634044         AT       37
        166           71410         AL       20
        167         6032297         OL       70
        168          584021         OL       22
        169          462953         OT       15
        170          625694         PL       12
        171         6163640         SF       36
        172          110667         SD       15
        173          110587         AM       13
        174          108703         RH        4
        175          108361         VH        2
        176          541731         RH       15
        177           95501         RH       14
        178          106467         RH       12
        179          108861         VH       21
        180          108907         RH       35
        181          591504         WH       12
        182           71432         AR       59
        183          108952         RL       14
        184          592574         DE       41
        185          628411         DE       13
        186          111693         NX        6
        187          624486         US       14
        188          513815         DE       15
        189          592450         DE       16
        190          693027         YY       29
        191          108941         KK       14
        192          141797         KK       10
        193          502443         SS        2
        194           97632         US       10
        195          925600         US        1
        196           95921         SS        7
        197          628739         NX       15
        198          110827         CA       29
        199          563780         EE       25
        200          558372         EE       20
        201          760214         EE       28
        202          592416         AE       32
        203         7688213         BE       28
        204         4050457         BE       31
        205         7642093         BE       29
        206        13269528         BE       39
        207           96377         GA       35
        208          763291         ME       25
        209          625274         ME       29
        210          760203         ME       28
        211          922623         ME       24
        212          616126         ME       35
        213          691372         ME       30
        214          691383         ME       19
        215          674760         ME        5
        216          111342         AT        1
        217          108930         CL        8
        218           75978         KK       15
        219          565695         KK       13
        220           66251         LD       13
        221          589388         KK       59
        222          108101         KK       16
        223          565617         KK       12
        224          123864         ES       20
        225          105464         ES       11
        226          540885         ES       17
        227          105544         BS       22
        228          142621         AC        1
        229          110190         ES       20
        230          595379         OC        2
        231          638493         FS        9
        232          106365         BS       18
        233           75832         DA       43
        234           79298         DA       27
        235          110543         AA       33
        236          107835         MA       29
        237           96140         MA       28
        238          628819         AT        7
        239          111433         AT       26
        240           97950         OL       18
        241          111273         AL       19
        242          626937         OL       43
        243          105306         OL       23
        244          108112         OL       30
        245          994058         AT       53
        246          105577         OT       23
        247          629141         OT        2
        248          111966         OT        8
        249          111477         SF       16
        250        14290927         SF       24
        251          111319         SD       15
        252          629196         SF        6
        253          142847         BM        3
        254          111262         AM       16
        255           98873         RH        4
        256          100527         LD       15
        257          106387         VH        3
        258          100447         RH        4
        259          106434         RH        7
        260          108883         AR       35
        261          100663         OT       15
        262          108394         RL       20
        263           95487         RL        9
        264          106445         RL        6
        265           96059         US        3
        266          628717         YY       32
        267          141322         US       15
        268         4351546         FS        1
        269          106638         US        6
        270          291645         CA       18
        271         1192183         GA       24
        272          822504         GA       25
        273         2532583         GA       26
        274         1759586         GA       24
        275         1640897         GA       39
        276         3404715         EE       16
        277         4038044         EE       18
        278          592767         AE       32
        279         6443921         BE       18
        280        14686136         BE       32
        281         7642106         BE       20
        282        14686147         BE       32
        283          108872         HA       29
        284         6094026         ME       20
        285         3404613         ME       18
        286         3769231         ME       22
        287          594569         EE       25
        288          111717         LD        8
        289          110430         KK        8
        290          106354         KK        8
        291          123193         KK       11
        292         7443701         CL        1
        293         5454795         CL        1
        294         7443552         CL        2
        295         7731284         CL        1
        296         7731295         CL        2
        297        19269284         LD        7
        298          590012         BS       10
        299          108645         SS        7
        300          123922         ES       10
        301         1185393         OC        1
        302          628637         ES        7
        303          105668         BS       14
        304          590352         DA       45
        305          565593         DA       45
        306          108087         DA       28
        307          562492         DA       36
        308          617787         OA       36
        309          142825         AA       91
        310          591764         MA       25
        311          589344         MA       28
        312          464062         OA       43
        313          919948         AT       11
        314          111706         AL       20
        315          543497         OL        7
        316         1639094         SD        8
        317          111682         AM        9
        318          536743         MR        2
        319          100425         MR       10
        320           98862         KK       20
        321          104574         RS        4
        322           93583         RS        9
        323          100414         AR       46
        324          108383         BR       33
        325           95476         BR       26
        326          106423         BR       49
        327           98851         RL       12
        328          103731         OT       10
        329          526750         RL        1
        330          105679         RL       16
        331           95874         RL        1
        332          576261         RL        7
        333          108689         RL        2
        334         2274115         US        2
        335          111784         DE        1
        336          141059         US        2
        337          764136         DE       11
        338          629050         YY       13
        339          622457         ES        2
        340           97869         US        2
        341          123251         SS        3
        342          292648         CA       13
        343         2207014         HA       21
        344         6876239         HA       23
        345          638040         HA       22
        346         2207036         HA       21
        347          624293         HA       21
        348         2207047         HA       23
        349        16746864         EE       12
        350         1678917         HA       22
        351          111660         AE       26
        352         7642048         BE       17
        353        14850227         BE       12
        354         7642151         BE       20
        355        14919018         BE       11
        356        14850238         BE       11
        357         2040962         GA       28
        358          107391         EE       27
        359          107404         EE       27
        360          124130         LD       10
        361          109217         BS        5
        362          112232         FS        1
        363           97858         BS       12
        364          124072         AC        1
        365          590738         DA       26
        366          584941         DA       23
        367          589435         DA       26
        368          592132         DA       26
        369          563166         DA       13
        370          583482         DA       24
        371          619998         OA       25
        372          609267         OA       24
        373         1067089         OA       19
        374          592278         MA       29
        375          589811         MA       27
        376          589537         MA       13
        377          111659         AA       38
        378          540841         OA       73
        379          560214         OA       24
        380          565753         OA       28
        381          142961         AT        1
        382          628557         AT        2
        383          111875         AL       21
        384          123966         OL       11
        385          144194         PL        1
        386          112367         OT        2
        387          111886         SD       14
        388          111922         BM        9
        389          110963         BM        6
        390          111864         AM       13
        391           98839         MR       24
        392          100801         MR       12
        393          611154         MR       19
        394          622979         MR        9
        395          766905         MR       17
        396          873665         MR        2
        397          140114         RS        2
        398           93890         RS        3
        399           98828         BR       33
        400          620144         BR       25
        401          622968         BR       32
        402          108678         BR       25
        403          103651         AR       17
        404          526738         BR       18
        405           95636         BR       25
        406           93549         RL        1
        407          698873         RL        1
        408          617947         RL        2
        409         2040951         GA        8
        410          696297         HA       26
        411          124118         AE       16
        412         1678928         HA       12
        413          108838         KK       21
        414          124196         LD       10
        415          821556         KK        4
        416          502567         KK        5
        417          112061         ES        5
        418          112323         FS        1
        419         1067205         OA        8
        420        16747323         OA       10
        421         1068877         OA       10
        422         1071267         DA       10
        423         1072055         DA       10
        424        15869804         OA        9
        425         3221612         MA        8
        426         2216333         MA        9
        427         2216344         MA        9
        428          111842         AA       23
        429         7154792         OA       14
        430         1186534         OA       15
        431         1070877         OA       18
        432        16747389         OA       10
        433         3522949         OA       23
        434        16747301         OA       10
        435          143088         AL        1
        436         1455216         SD        1
        437          112209         AM        7
        438           91203         DR       17
        439          131113         RS        3
        440           77736         DE       12
        441         2039932         MR        4
        442          768003         MR        1
        443          119642         DR       25
        444          104518         AR       13
        445          135988         BR       12
        446           98066         BR       12
        447          535773         BR       18
        448          527844         BR       17
        449           99876         BR       26
        450          141935         BR       12
        451          105055         BR        5
        452         2870044         BR        6
        453         1758889         BR        7
        454          933982         BR        2
        455          874419         BR        6
        456          934805         BR        5
        457          934747         BR        6
        458          538932         BR       14
        459         1074175         BR        7
        460         1074437         BR        5
        461          488233         BR       10
        462          527537         BR        2
        463           95932         BR        3
        464          872059         AE       21
        465          112312         LD        1
        466         2216515         CL        3
        467          103093         ES        3
        468          659701         SS        4
        469          112141         ES        5
        470          124185         AA       29
        471        15869871         DA        8
        472         7146603         DA        7
        473        15869893         DA        7
        474         2051301         DA        9
        475         1072168         DA       10
        476         5911046         MA        6
        477        17301949         MA        6
        478        15869859         MA        7
        479         1071814         OA       10
        480         7154805         OA        7
        481          143102         SD        2
        482         2016571         AM        8
        483         2050922         BM        2
        484           90120         DR        1
        485          103117         US        9
        486          821954         AE       14
        487          112447         LD        1
        488          110429         SS       13
        489          143135         ES        1
        490         1120214         AA        2
        491         7307553         AM        2
        492           92524         PR       10
        493          582161         DR        2
        494         1127760         DR        1
        495          939275         DR        8
        496         1746232         MR        5
        497          827521         MR        2
        498          100185         BR        9
        499         1077163         AR        4
        500          112414         AE        1
        501          112549         LD        1
        502          112174         ES        2
        503          112403         AA       29
        504          112538         AL       14
        505          101815         PR        8
        506         2437561         AE       21
        507          111820         SS        3
        508          629505         AA       17
        509          112709         AL       20
        510          612000         PR        1
        511          103297         PR        8
        512          131168         RS        5
        513         2189608         AR        8
        514         1120361         AE       19
        515          629594         AA       23
        516          112721         AL       20
        517         1081772         AR        8
        518        13360617         AE       18
        519          629765         AL        5
        520           84742         RS        3
        521          104723         AR        2
        522         1795160         HA       10
        523          629732         AE       16
        524           57103         AC        3
        525          544763         AA       12
        526        36653824         AL        8
        527         6742547         AR        1
        528           84151         PR        1
        529          123013         AR        3
        530          109433         SS        1
        531           57114         AC        1
        532          593453         AA       15
        533          123024         AR        1
        534          629925         AA        3
        535          112958         AA        4
        536          629969         AL        4
        537          629947         AA        2
        538          629970         AA        2
        539          593497         AA        1
