Output Data from Bed Number 1 is given below:
Time   CP(1,T)/CT  CP(2,T)/CT  CP(3,T)/CT  CP(4,T)/CT  CP(5,T)/CT  CP(6,T)/CT
(min)  (-)         (-)         (-)         (-)         (-)         (-)
1.0    5.233E-06   1.000E+00
2.3    3.081E-06   1.000E+00
3.5    1.891E-06   1.000E+00
4.8    3.744E-06   1.000E+00
6.0    2.850E-06   1.000E+00
7.3    1.476E-06   1.000E+00
8.5    6.815E-07   1.000E+00
9.8    7.065E-07   1.000E+00
11.0   1.828E-06   1.000E+00
12.3   2.596E-06   1.000E+00
13.5   2.763E-06   1.000E+00
14.8   2.429E-06   1.000E+00
16.0   2.105E-06   1.000E+00
17.3   2.078E-06   1.000E+00
18.5   4.094E-06   1.000E+00
19.8   6.926E-06   1.000E+00
21.0   1.030E-05   1.000E+00
22.3   1.491E-05   1.000E+00
23.5   2.093E-05   1.000E+00
24.7   2.868E-05   1.000E+00
26.0   3.844E-05   1.000E+00
27.2   5.044E-05   9.999E-01
28.5   6.531E-05   9.999E-01
29.7   8.337E-05   9.999E-01
31.0   1.050E-04   9.999E-01
32.2   1.307E-04   9.999E-01
33.5   1.611E-04   9.998E-01
34.7   1.966E-04   9.998E-01
36.0   2.378E-04   9.998E-01
37.2   2.853E-04   9.997E-01
38.5   3.397E-04   9.997E-01
39.7   4.016E-04   9.996E-01
41.0   4.717E-04   9.995E-01
42.3   5.506E-04   9.994E-01
43.5   6.391E-04   9.994E-01
44.8   7.378E-04   9.993E-01
46.0   8.473E-04   9.992E-01
47.3   9.685E-04   9.990E-01
48.5   1.102E-03   9.989E-01
49.8   1.249E-03   9.988E-01
51.0   1.409E-03   9.986E-01
52.3   1.584E-03   9.984E-01
53.5   1.775E-03   9.982E-01
54.8   1.981E-03   9.980E-01
56.0   2.205E-03   9.978E-01
57.3   2.445E-03   9.976E-01
58.5   2.705E-03   9.973E-01
59.8   2.983E-03   9.970E-01
61.0   3.281E-03   9.967E-01
62.3   3.599E-03   9.964E-01
63.5   3.939E-03   9.961E-01
64.8   4.301E-03   9.957E-01
66.0   4.685E-03   9.953E-01
67.3   5.093E-03   9.949E-01
68.5   5.525E-03   9.945E-01
69.8   5.982E-03   9.940E-01
71.0   6.465E-03   9.935E-01
72.3   6.973E-03   9.930E-01
73.5   7.509E-03   9.925E-01
74.8   8.072E-03   9.919E-01
76.0   8.663E-03   9.913E-01
77.2   9.282E-03   9.907E-01
78.5   9.931E-03   9.901E-01
79.7   1.061E-02   9.894E-01
81.0   1.132E-02   9.887E-01
82.2   1.206E-02   9.879E-01
83.5   1.283E-02   9.872E-01
84.7   1.364E-02   9.864E-01
86.0   1.448E-02   9.855E-01
87.2   1.535E-02   9.847E-01
88.5   1.625E-02   9.837E-01
89.7   1.719E-02   9.828E-01
91.0   1.817E-02   9.818E-01
92.2   1.918E-02   9.808E-01
93.5   2.022E-02   9.798E-01
94.7   2.130E-02   9.787E-01
96.0   2.242E-02   9.776E-01
97.2   2.358E-02   9.764E-01
98.5   2.477E-02   9.752E-01
99.7   2.600E-02   9.740E-01
101.0  2.727E-02   9.727E-01
102.2  2.858E-02   9.714E-01
103.5  2.993E-02   9.701E-01
104.7  3.132E-02   9.687E-01
106.0  3.275E-02   9.673E-01
107.2  3.421E-02   9.658E-01
108.5  3.572E-02   9.643E-01
109.7  3.727E-02   9.627E-01
111.0  3.886E-02   9.611E-01
112.2  4.049E-02   9.595E-01
113.5  4.216E-02   9.578E-01
114.7  4.387E-02   9.561E-01
116.0  4.563E-02   9.544E-01
117.2  4.743E-02   9.526E-01
118.5  4.927E-02   9.507E-01
119.7  5.115E-02   9.488E-01
121.0  5.308E-02   9.469E-01
122.2  5.505E-02   9.450E-01
123.5  5.706E-02   9.429E-01
124.7  5.911E-02   9.409E-01
126.0  6.121E-02   9.388E-01
127.2  6.335E-02   9.366E-01
128.5  6.554E-02   9.345E-01
129.7  6.777E-02   9.322E-01
131.0  7.004E-02   9.300E-01
132.2  7.236E-02   9.276E-01
133.5  7.472E-02   9.253E-01
134.7  7.713E-02   9.229E-01
136.0  7.958E-02   9.204E-01
137.2  8.207E-02   9.179E-01
138.5  8.461E-02   9.154E-01
139.7  8.719E-02   9.128E-01
141.0  8.982E-02   9.102E-01
142.2  9.248E-02   9.075E-01
143.5  9.520E-02   9.048E-01
144.7  9.796E-02   9.020E-01
146.0  1.008E-01   8.992E-01
147.2  1.036E-01   8.964E-01
148.5  1.065E-01   8.935E-01
149.7  1.094E-01   8.906E-01
151.0  1.124E-01   8.876E-01
152.2  1.154E-01   8.846E-01
153.5  1.185E-01   8.815E-01
154.7  1.216E-01   8.784E-01
156.0  1.247E-01   8.753E-01
157.2  1.279E-01   8.721E-01
158.5  1.312E-01   8.688E-01
159.7  1.344E-01   8.656E-01
161.0  1.378E-01   8.622E-01
162.2  1.411E-01   8.589E-01
163.5  1.445E-01   8.555E-01
164.7  1.480E-01   8.520E-01
166.0  1.515E-01   8.485E-01
167.2  1.550E-01   8.450E-01
168.5  1.586E-01   8.414E-01
169.7  1.622E-01   8.378E-01
171.0  1.658E-01   8.342E-01
172.2  1.695E-01   8.305E-01
173.5  1.732E-01   8.268E-01
174.7  1.770E-01   8.230E-01
176.0  1.808E-01   8.192E-01
177.2  1.847E-01   8.153E-01
178.5  1.885E-01   8.115E-01
179.7  1.925E-01   8.075E-01
181.0  1.964E-01   8.036E-01
182.2  2.004E-01   7.996E-01
183.5  2.045E-01   7.955E-01
184.7  2.085E-01   7.915E-01
186.0  2.126E-01   7.874E-01
187.2  2.168E-01   7.832E-01
188.5  2.210E-01   7.790E-01
189.7  2.252E-01   7.748E-01
191.0  2.294E-01   7.706E-01
192.2  2.337E-01   7.663E-01
193.5  2.380E-01   7.620E-01
194.7  2.423E-01   7.577E-01
196.0  2.467E-01   7.533E-01
197.2  2.511E-01   7.489E-01
198.5  2.556E-01   7.444E-01
199.7  2.600E-01   7.400E-01
201.0  2.645E-01   7.355E-01
202.2  2.690E-01   7.310E-01
203.5  2.736E-01   7.264E-01
204.7  2.782E-01   7.218E-01
206.0  2.828E-01   7.172E-01
207.2  2.874E-01   7.126E-01
208.5  2.921E-01   7.079E-01
209.7  2.968E-01   7.032E-01
211.0  3.015E-01   6.985E-01
212.2  3.062E-01   6.938E-01
213.5  3.110E-01   6.890E-01
214.7  3.158E-01   6.842E-01
216.0  3.206E-01   6.794E-01
217.2  3.254E-01   6.746E-01
218.5  3.302E-01   6.698E-01
219.7  3.351E-01   6.649E-01
221.0  3.400E-01   6.600E-01
222.2  3.449E-01   6.551E-01
223.5  3.498E-01   6.502E-01
224.7  3.548E-01   6.452E-01
226.0  3.597E-01   6.403E-01
227.2  3.647E-01   6.353E-01
228.5  3.697E-01   6.303E-01
229.7  3.747E-01   6.253E-01
231.0  3.797E-01   6.203E-01
232.2  3.847E-01   6.153E-01
233.5  3.897E-01   6.103E-01
234.7  3.948E-01   6.052E-01
236.0  3.998E-01   6.002E-01
237.2  4.049E-01   5.951E-01
238.5  4.100E-01   5.900E-01
239.7  4.151E-01   5.849E-01
241.0  4.202E-01   5.798E-01
242.2  4.253E-01   5.747E-01
243.5  4.304E-01   5.696E-01
244.7  4.355E-01   5.645E-01
246.0  4.406E-01   5.594E-01
247.2  4.457E-01   5.543E-01
248.5  4.508E-01   5.492E-01
249.7  4.559E-01   5.441E-01
251.0  4.610E-01   5.390E-01
252.2  4.662E-01   5.338E-01
253.5  4.713E-01   5.287E-01
254.7  4.764E-01   5.236E-01
256.0  4.815E-01   5.185E-01
257.2  4.866E-01   5.134E-01
258.5  4.917E-01   5.083E-01
259.7  4.968E-01   5.032E-01
261.0  5.019E-01   4.981E-01
262.2  5.070E-01   4.930E-01
263.5  5.121E-01   4.879E-01
264.7  5.172E-01   4.828E-01
266.0  5.223E-01   4.777E-01
267.2  5.273E-01   4.727E-01
268.5  5.324E-01   4.676E-01
269.7  5.374E-01   4.626E-01
271.0  5.424E-01   4.576E-01
272.2  5.475E-01   4.525E-01
273.5  5.525E-01   4.475E-01
274.7  5.574E-01   4.426E-01
276.0  5.624E-01   4.376E-01
277.2  5.674E-01   4.326E-01
278.5  5.723E-01   4.277E-01
279.7  5.773E-01   4.227E-01
281.0  5.822E-01   4.178E-01
282.2  5.871E-01   4.129E-01
283.5  5.919E-01   4.081E-01
284.7  5.968E-01   4.032E-01
286.0  6.016E-01   3.984E-01
287.2  6.064E-01   3.936E-01
288.5  6.112E-01   3.888E-01
289.7  6.160E-01   3.840E-01
291.0  6.208E-01   3.792E-01
292.2  6.255E-01   3.745E-01
293.5  6.302E-01   3.698E-01
294.7  6.349E-01   3.651E-01
296.0  6.395E-01   3.605E-01
297.2  6.442E-01   3.558E-01
298.5  6.488E-01   3.512E-01
299.7  6.534E-01   3.466E-01
301.0  6.579E-01   3.421E-01
302.2  6.625E-01   3.375E-01
303.5  6.670E-01   3.330E-01
304.7  6.714E-01   3.286E-01
306.0  6.759E-01   3.241E-01
307.3  6.803E-01   3.197E-01
308.5  6.847E-01   3.153E-01
309.8  6.890E-01   3.110E-01
311.0  6.934E-01   3.066E-01
312.3  6.976E-01   3.024E-01
313.5  7.019E-01   2.981E-01
314.8  7.061E-01   2.939E-01
316.0  7.103E-01   2.897E-01
317.3  7.145E-01   2.855E-01
318.5  7.186E-01   2.814E-01
319.8  7.227E-01   2.773E-01
321.0  7.268E-01   2.732E-01
322.3  7.308E-01   2.692E-01
323.5  7.348E-01   2.652E-01
324.8  7.388E-01   2.612E-01
326.0  7.427E-01   2.573E-01
327.3  7.466E-01   2.534E-01
328.5  7.505E-01   2.495E-01
329.8  7.543E-01   2.457E-01
331.0  7.581E-01   2.419E-01
332.3  7.619E-01   2.381E-01
333.5  7.656E-01   2.344E-01
334.8  7.693E-01   2.307E-01
336.0  7.729E-01   2.271E-01
337.3  7.765E-01   2.235E-01
338.5  7.801E-01   2.199E-01
339.8  7.836E-01   2.164E-01
341.0  7.871E-01   2.129E-01
342.3  7.906E-01   2.094E-01
343.5  7.940E-01   2.060E-01
344.8  7.974E-01   2.026E-01
346.0  8.008E-01   1.992E-01
347.3  8.041E-01   1.959E-01
348.5  8.074E-01   1.926E-01
349.8  8.106E-01   1.894E-01
351.0  8.138E-01   1.862E-01
352.3  8.170E-01   1.830E-01
353.5  8.201E-01   1.799E-01
354.8  8.232E-01   1.768E-01
356.0  8.262E-01   1.738E-01
357.3  8.293E-01   1.707E-01
358.5  8.322E-01   1.678E-01
359.8  8.352E-01   1.648E-01
361.0  8.381E-01   1.619E-01
362.3  8.409E-01   1.591E-01
363.5  8.438E-01   1.562E-01
364.8  8.466E-01   1.534E-01
366.0  8.493E-01   1.507E-01
367.3  8.520E-01   1.480E-01
368.5  8.547E-01   1.453E-01
369.8  8.573E-01   1.427E-01
371.0  8.599E-01   1.401E-01
372.3  8.625E-01   1.375E-01
373.5  8.651E-01   1.349E-01
374.8  8.676E-01   1.324E-01
376.0  8.700E-01   1.300E-01
377.3  8.724E-01   1.276E-01
378.5  8.748E-01   1.252E-01
379.8  8.772E-01   1.228E-01
381.0  8.795E-01   1.205E-01
382.3  8.818E-01   1.182E-01
383.5  8.841E-01   1.159E-01
384.8  8.863E-01   1.137E-01
386.0  8.885E-01   1.115E-01
387.3  8.906E-01   1.094E-01
388.5  8.927E-01   1.073E-01
389.8  8.948E-01   1.052E-01
391.0  8.969E-01   1.031E-01
392.3  8.989E-01   1.011E-01
393.5  9.009E-01   9.913E-02
394.8  9.028E-01   9.718E-02
396.0  9.047E-01   9.525E-02
397.3  9.066E-01   9.336E-02
398.5  9.085E-01   9.150E-02
399.8  9.103E-01   8.967E-02
401.0  9.121E-01   8.788E-02
402.3  9.139E-01   8.611E-02
403.5  9.156E-01   8.437E-02
404.8  9.173E-01   8.266E-02
406.0  9.190E-01   8.098E-02
407.3  9.207E-01   7.933E-02
408.5  9.223E-01   7.771E-02
409.8  9.239E-01   7.612E-02
411.0  9.254E-01   7.455E-02
412.3  9.270E-01   7.301E-02
413.5  9.285E-01   7.150E-02
414.8  9.300E-01   7.002E-02
416.0  9.314E-01   6.856E-02
417.3  9.329E-01   6.713E-02
418.5  9.343E-01   6.573E-02
419.8  9.356E-01   6.435E-02
421.0  9.370E-01   6.300E-02
422.3  9.383E-01   6.167E-02
423.5  9.396E-01   6.037E-02
424.8  9.409E-01   5.909E-02
426.0  9.422E-01   5.783E-02
427.3  9.434E-01   5.660E-02
428.5  9.446E-01   5.539E-02
429.8  9.458E-01   5.421E-02
431.0  9.470E-01   5.304E-02
432.3  9.481E-01   5.190E-02
433.5  9.492E-01   5.079E-02
434.8  9.503E-01   4.969E-02
436.0  9.514E-01   4.861E-02
437.3  9.524E-01   4.756E-02
438.5  9.535E-01   4.653E-02
439.8  9.545E-01   4.551E-02
441.0  9.555E-01   4.452E-02
442.3  9.565E-01   4.355E-02
443.5  9.574E-01   4.259E-02
444.8  9.583E-01   4.166E-02
446.0  9.593E-01   4.074E-02
447.3  9.602E-01   3.984E-02
448.5  9.610E-01   3.896E-02
449.8  9.619E-01   3.810E-02
451.0  9.627E-01   3.726E-02
452.3  9.636E-01   3.643E-02
453.5  9.644E-01   3.562E-02
454.8  9.652E-01   3.482E-02
456.0  9.660E-01   3.405E-02
457.3  9.667E-01   3.329E-02
458.5  9.675E-01   3.254E-02
459.8  9.682E-01   3.181E-02
461.0  9.689E-01   3.110E-02
462.3  9.696E-01   3.040E-02
463.5  9.703E-01   2.971E-02
464.8  9.710E-01   2.904E-02
466.0  9.716E-01   2.839E-02
467.3  9.723E-01   2.774E-02
468.5  9.729E-01   2.712E-02
469.8  9.735E-01   2.650E-02
471.0  9.741E-01   2.590E-02
472.3  9.747E-01   2.531E-02
473.5  9.753E-01   2.473E-02
474.8  9.758E-01   2.417E-02
476.0  9.764E-01   2.362E-02
477.3  9.769E-01   2.308E-02
478.5  9.774E-01   2.255E-02
479.8  9.780E-01   2.204E-02
481.0  9.785E-01   2.153E-02
482.3  9.790E-01   2.104E-02
483.5  9.794E-01   2.055E-02
484.8  9.799E-01   2.008E-02
486.0  9.804E-01   1.962E-02
487.3  9.808E-01   1.917E-02
488.5  9.813E-01   1.872E-02
489.8  9.817E-01   1.829E-02
491.0  9.821E-01   1.787E-02
492.3  9.825E-01   1.746E-02
493.5  9.829E-01   1.705E-02
494.8  9.833E-01   1.666E-02
496.0  9.837E-01   1.627E-02
497.3  9.841E-01   1.589E-02
498.5  9.845E-01   1.552E-02
499.0  9.846E-01   1.538E-02
