Time (min) BVF         C/CT(1)     C/CT(2)

1.000E+00  7.680E-01   5.2335E-06  9.9999E-01
2.250E+00  1.728E+00   3.0810E-06  1.0000E+00
3.500E+00  2.688E+00   1.8907E-06  1.0000E+00
4.750E+00  3.648E+00   3.7442E-06  1.0000E+00
6.000E+00  4.608E+00   2.8500E-06  1.0000E+00
7.250E+00  5.568E+00   1.4761E-06  1.0000E+00
8.500E+00  6.528E+00   6.8155E-07  1.0000E+00
9.750E+00  7.488E+00   7.0652E-07  1.0000E+00
1.100E+01  8.448E+00   1.8280E-06  1.0000E+00
1.225E+01  9.407E+00   2.5960E-06  1.0000E+00
1.350E+01  1.037E+01   2.7625E-06  1.0000E+00
1.475E+01  1.133E+01   2.4286E-06  1.0000E+00
1.600E+01  1.229E+01   2.1048E-06  1.0000E+00
1.725E+01  1.325E+01   2.0777E-06  1.0000E+00
1.850E+01  1.421E+01   4.0942E-06  1.0000E+00
1.975E+01  1.517E+01   6.9261E-06  9.9999E-01
2.100E+01  1.613E+01   1.0303E-05  9.9999E-01
2.225E+01  1.709E+01   1.4907E-05  9.9999E-01
2.350E+01  1.805E+01   2.0927E-05  9.9998E-01
2.475E+01  1.901E+01   2.8681E-05  9.9997E-01
2.600E+01  1.997E+01   3.8444E-05  9.9996E-01
2.725E+01  2.093E+01   5.0442E-05  9.9995E-01
2.850E+01  2.189E+01   6.5315E-05  9.9993E-01
2.975E+01  2.285E+01   8.3371E-05  9.9992E-01
3.100E+01  2.381E+01   1.0501E-04  9.9989E-01
3.225E+01  2.477E+01   1.3074E-04  9.9987E-01
3.350E+01  2.573E+01   1.6109E-04  9.9984E-01
3.475E+01  2.669E+01   1.9659E-04  9.9980E-01
3.600E+01  2.765E+01   2.3780E-04  9.9976E-01
3.725E+01  2.861E+01   2.8530E-04  9.9971E-01
3.850E+01  2.957E+01   3.3969E-04  9.9966E-01
3.975E+01  3.053E+01   4.0162E-04  9.9960E-01
4.100E+01  3.149E+01   4.7170E-04  9.9953E-01
4.225E+01  3.245E+01   5.5062E-04  9.9945E-01
4.350E+01  3.341E+01   6.3908E-04  9.9936E-01
4.475E+01  3.437E+01   7.3776E-04  9.9926E-01
4.600E+01  3.533E+01   8.4733E-04  9.9915E-01
4.725E+01  3.629E+01   9.6853E-04  9.9903E-01
4.850E+01  3.725E+01   1.1021E-03  9.9890E-01
4.975E+01  3.821E+01   1.2488E-03  9.9875E-01
5.100E+01  3.917E+01   1.4093E-03  9.9859E-01
5.225E+01  4.013E+01   1.5844E-03  9.9842E-01
5.350E+01  4.109E+01   1.7748E-03  9.9823E-01
5.475E+01  4.205E+01   1.9813E-03  9.9802E-01
5.600E+01  4.301E+01   2.2045E-03  9.9780E-01
5.725E+01  4.397E+01   2.4454E-03  9.9755E-01
5.850E+01  4.493E+01   2.7046E-03  9.9730E-01
5.975E+01  4.589E+01   2.9828E-03  9.9702E-01
6.100E+01  4.685E+01   3.2808E-03  9.9672E-01
6.225E+01  4.781E+01   3.5994E-03  9.9640E-01
6.350E+01  4.877E+01   3.9392E-03  9.9606E-01
6.475E+01  4.973E+01   4.3010E-03  9.9570E-01
6.600E+01  5.069E+01   4.6855E-03  9.9531E-01
6.725E+01  5.165E+01   5.0934E-03  9.9491E-01
6.850E+01  5.260E+01   5.5255E-03  9.9447E-01
6.975E+01  5.356E+01   5.9824E-03  9.9402E-01
7.100E+01  5.452E+01   6.4647E-03  9.9354E-01
7.225E+01  5.548E+01   6.9733E-03  9.9303E-01
7.350E+01  5.644E+01   7.5087E-03  9.9249E-01
7.475E+01  5.740E+01   8.0715E-03  9.9193E-01
7.600E+01  5.836E+01   8.6625E-03  9.9134E-01
7.725E+01  5.932E+01   9.2823E-03  9.9072E-01
7.850E+01  6.028E+01   9.9314E-03  9.9007E-01
7.975E+01  6.124E+01   1.0611E-02  9.8939E-01
8.100E+01  6.220E+01   1.1320E-02  9.8868E-01
8.225E+01  6.316E+01   1.2061E-02  9.8794E-01
8.350E+01  6.412E+01   1.2834E-02  9.8717E-01
8.475E+01  6.508E+01   1.3639E-02  9.8636E-01
8.600E+01  6.604E+01   1.4477E-02  9.8552E-01
8.725E+01  6.700E+01   1.5348E-02  9.8465E-01
8.850E+01  6.796E+01   1.6253E-02  9.8375E-01
8.975E+01  6.892E+01   1.7193E-02  9.8281E-01
9.100E+01  6.988E+01   1.8167E-02  9.8183E-01
9.225E+01  7.084E+01   1.9177E-02  9.8082E-01
9.350E+01  7.180E+01   2.0223E-02  9.7978E-01
9.475E+01  7.276E+01   2.1305E-02  9.7870E-01
9.600E+01  7.372E+01   2.2424E-02  9.7758E-01
9.725E+01  7.468E+01   2.3580E-02  9.7642E-01
9.850E+01  7.564E+01   2.4773E-02  9.7523E-01
9.975E+01  7.660E+01   2.6005E-02  9.7400E-01
1.010E+02  7.756E+01   2.7275E-02  9.7273E-01
1.022E+02  7.852E+01   2.8584E-02  9.7142E-01
1.035E+02  7.948E+01   2.9931E-02  9.7007E-01
1.047E+02  8.044E+01   3.1319E-02  9.6868E-01
1.060E+02  8.140E+01   3.2746E-02  9.6725E-01
1.072E+02  8.236E+01   3.4213E-02  9.6579E-01
1.085E+02  8.332E+01   3.5720E-02  9.6428E-01
1.097E+02  8.428E+01   3.7269E-02  9.6273E-01
1.110E+02  8.524E+01   3.8858E-02  9.6114E-01
1.122E+02  8.620E+01   4.0488E-02  9.5951E-01
1.135E+02  8.716E+01   4.2161E-02  9.5784E-01
1.147E+02  8.812E+01   4.3874E-02  9.5613E-01
1.160E+02  8.908E+01   4.5630E-02  9.5437E-01
1.172E+02  9.004E+01   4.7428E-02  9.5257E-01
1.185E+02  9.100E+01   4.9269E-02  9.5073E-01
1.197E+02  9.196E+01   5.1152E-02  9.4885E-01
1.210E+02  9.292E+01   5.3078E-02  9.4692E-01
1.222E+02  9.388E+01   5.5047E-02  9.4495E-01
1.235E+02  9.484E+01   5.7059E-02  9.4294E-01
1.247E+02  9.580E+01   5.9114E-02  9.4089E-01
1.260E+02  9.676E+01   6.1213E-02  9.3879E-01
1.272E+02  9.772E+01   6.3355E-02  9.3665E-01
1.285E+02  9.868E+01   6.5541E-02  9.3446E-01
1.297E+02  9.964E+01   6.7770E-02  9.3223E-01
1.310E+02  1.006E+02   7.0044E-02  9.2996E-01
1.322E+02  1.016E+02   7.2361E-02  9.2764E-01
1.335E+02  1.025E+02   7.4722E-02  9.2528E-01
1.347E+02  1.035E+02   7.7128E-02  9.2287E-01
1.360E+02  1.044E+02   7.9577E-02  9.2042E-01
1.372E+02  1.054E+02   8.2070E-02  9.1793E-01
1.385E+02  1.064E+02   8.4608E-02  9.1539E-01
1.397E+02  1.073E+02   8.7189E-02  9.1281E-01
1.410E+02  1.083E+02   8.9815E-02  9.1018E-01
1.422E+02  1.092E+02   9.2485E-02  9.0752E-01
1.435E+02  1.102E+02   9.5198E-02  9.0480E-01
1.447E+02  1.112E+02   9.7956E-02  9.0204E-01
1.460E+02  1.121E+02   1.0076E-01  8.9924E-01
1.472E+02  1.131E+02   1.0360E-01  8.9640E-01
1.485E+02  1.140E+02   1.0649E-01  8.9351E-01
1.497E+02  1.150E+02   1.0943E-01  8.9057E-01
1.510E+02  1.160E+02   1.1240E-01  8.8760E-01
1.522E+02  1.169E+02   1.1542E-01  8.8458E-01
1.535E+02  1.179E+02   1.1848E-01  8.8152E-01
1.547E+02  1.188E+02   1.2159E-01  8.7841E-01
1.560E+02  1.198E+02   1.2474E-01  8.7526E-01
1.572E+02  1.208E+02   1.2793E-01  8.7207E-01
1.585E+02  1.217E+02   1.3117E-01  8.6883E-01
1.597E+02  1.227E+02   1.3445E-01  8.6555E-01
1.610E+02  1.236E+02   1.3777E-01  8.6223E-01
1.622E+02  1.246E+02   1.4113E-01  8.5887E-01
1.635E+02  1.256E+02   1.4453E-01  8.5547E-01
1.647E+02  1.265E+02   1.4798E-01  8.5202E-01
1.660E+02  1.275E+02   1.5146E-01  8.4854E-01
1.672E+02  1.284E+02   1.5499E-01  8.4501E-01
1.685E+02  1.294E+02   1.5856E-01  8.4144E-01
1.697E+02  1.304E+02   1.6217E-01  8.3783E-01
1.710E+02  1.313E+02   1.6582E-01  8.3418E-01
1.722E+02  1.323E+02   1.6951E-01  8.3049E-01
1.735E+02  1.332E+02   1.7324E-01  8.2676E-01
1.747E+02  1.342E+02   1.7701E-01  8.2299E-01
1.760E+02  1.352E+02   1.8082E-01  8.1918E-01
1.772E+02  1.361E+02   1.8466E-01  8.1534E-01
1.785E+02  1.371E+02   1.8855E-01  8.1145E-01
1.797E+02  1.380E+02   1.9247E-01  8.0753E-01
1.810E+02  1.390E+02   1.9643E-01  8.0357E-01
1.822E+02  1.400E+02   2.0043E-01  7.9957E-01
1.835E+02  1.409E+02   2.0446E-01  7.9554E-01
1.847E+02  1.419E+02   2.0853E-01  7.9147E-01
1.860E+02  1.428E+02   2.1264E-01  7.8736E-01
1.872E+02  1.438E+02   2.1678E-01  7.8322E-01
1.885E+02  1.448E+02   2.2095E-01  7.7905E-01
1.897E+02  1.457E+02   2.2516E-01  7.7484E-01
1.910E+02  1.467E+02   2.2941E-01  7.7059E-01
1.922E+02  1.476E+02   2.3369E-01  7.6631E-01
1.935E+02  1.486E+02   2.3800E-01  7.6200E-01
1.947E+02  1.496E+02   2.4234E-01  7.5766E-01
1.960E+02  1.505E+02   2.4671E-01  7.5329E-01
1.972E+02  1.515E+02   2.5112E-01  7.4888E-01
1.985E+02  1.524E+02   2.5556E-01  7.4444E-01
1.997E+02  1.534E+02   2.6002E-01  7.3998E-01
2.010E+02  1.544E+02   2.6452E-01  7.3548E-01
2.022E+02  1.553E+02   2.6905E-01  7.3095E-01
2.035E+02  1.563E+02   2.7360E-01  7.2640E-01
2.047E+02  1.572E+02   2.7818E-01  7.2182E-01
2.060E+02  1.582E+02   2.8279E-01  7.1721E-01
2.072E+02  1.592E+02   2.8743E-01  7.1257E-01
2.085E+02  1.601E+02   2.9209E-01  7.0791E-01
2.097E+02  1.611E+02   2.9678E-01  7.0322E-01
2.110E+02  1.620E+02   3.0149E-01  6.9851E-01
2.122E+02  1.630E+02   3.0623E-01  6.9377E-01
2.135E+02  1.640E+02   3.1099E-01  6.8901E-01
2.147E+02  1.649E+02   3.1577E-01  6.8423E-01
2.160E+02  1.659E+02   3.2057E-01  6.7943E-01
2.172E+02  1.668E+02   3.2540E-01  6.7460E-01
2.185E+02  1.678E+02   3.3024E-01  6.6976E-01
2.197E+02  1.688E+02   3.3511E-01  6.6489E-01
2.210E+02  1.697E+02   3.3999E-01  6.6001E-01
2.222E+02  1.707E+02   3.4490E-01  6.5510E-01
2.235E+02  1.716E+02   3.4982E-01  6.5018E-01
2.247E+02  1.726E+02   3.5476E-01  6.4524E-01
2.260E+02  1.736E+02   3.5971E-01  6.4029E-01
2.272E+02  1.745E+02   3.6468E-01  6.3532E-01
2.285E+02  1.755E+02   3.6967E-01  6.3033E-01
2.297E+02  1.764E+02   3.7466E-01  6.2534E-01
2.310E+02  1.774E+02   3.7968E-01  6.2032E-01
2.322E+02  1.784E+02   3.8470E-01  6.1530E-01
2.335E+02  1.793E+02   3.8974E-01  6.1026E-01
2.347E+02  1.803E+02   3.9478E-01  6.0522E-01
2.360E+02  1.812E+02   3.9984E-01  6.0016E-01
2.372E+02  1.822E+02   4.0491E-01  5.9509E-01
2.385E+02  1.832E+02   4.0999E-01  5.9001E-01
2.397E+02  1.841E+02   4.1507E-01  5.8493E-01
2.410E+02  1.851E+02   4.2016E-01  5.7984E-01
2.422E+02  1.860E+02   4.2526E-01  5.7474E-01
2.435E+02  1.870E+02   4.3036E-01  5.6964E-01
2.447E+02  1.880E+02   4.3547E-01  5.6453E-01
2.460E+02  1.889E+02   4.4058E-01  5.5942E-01
2.472E+02  1.899E+02   4.4569E-01  5.5431E-01
2.485E+02  1.908E+02   4.5081E-01  5.4919E-01
2.497E+02  1.918E+02   4.5593E-01  5.4407E-01
2.510E+02  1.928E+02   4.6105E-01  5.3895E-01
2.522E+02  1.937E+02   4.6617E-01  5.3383E-01
2.535E+02  1.947E+02   4.7129E-01  5.2871E-01
2.547E+02  1.956E+02   4.7640E-01  5.2360E-01
2.560E+02  1.966E+02   4.8152E-01  5.1848E-01
2.572E+02  1.976E+02   4.8663E-01  5.1337E-01
2.585E+02  1.985E+02   4.9174E-01  5.0826E-01
2.597E+02  1.995E+02   4.9684E-01  5.0316E-01
2.610E+02  2.004E+02   5.0194E-01  4.9806E-01
2.622E+02  2.014E+02   5.0703E-01  4.9297E-01
2.635E+02  2.024E+02   5.1212E-01  4.8788E-01
2.647E+02  2.033E+02   5.1719E-01  4.8281E-01
2.660E+02  2.043E+02   5.2226E-01  4.7774E-01
2.672E+02  2.052E+02   5.2732E-01  4.7268E-01
2.685E+02  2.062E+02   5.3237E-01  4.6763E-01
2.697E+02  2.072E+02   5.3741E-01  4.6259E-01
2.710E+02  2.081E+02   5.4244E-01  4.5756E-01
2.722E+02  2.091E+02   5.4745E-01  4.5255E-01
2.735E+02  2.100E+02   5.5246E-01  4.4754E-01
2.747E+02  2.110E+02   5.5745E-01  4.4255E-01
2.760E+02  2.120E+02   5.6242E-01  4.3758E-01
2.772E+02  2.129E+02   5.6738E-01  4.3262E-01
2.785E+02  2.139E+02   5.7233E-01  4.2767E-01
2.797E+02  2.148E+02   5.7726E-01  4.2274E-01
2.810E+02  2.158E+02   5.8217E-01  4.1783E-01
2.822E+02  2.168E+02   5.8706E-01  4.1294E-01
2.835E+02  2.177E+02   5.9194E-01  4.0806E-01
2.847E+02  2.187E+02   5.9679E-01  4.0321E-01
2.860E+02  2.196E+02   6.0163E-01  3.9837E-01
2.872E+02  2.206E+02   6.0645E-01  3.9355E-01
2.885E+02  2.216E+02   6.1124E-01  3.8876E-01
2.897E+02  2.225E+02   6.1602E-01  3.8398E-01
2.910E+02  2.235E+02   6.2077E-01  3.7923E-01
2.922E+02  2.244E+02   6.2550E-01  3.7450E-01
2.935E+02  2.254E+02   6.3021E-01  3.6979E-01
2.947E+02  2.264E+02   6.3489E-01  3.6511E-01
2.960E+02  2.273E+02   6.3955E-01  3.6045E-01
2.972E+02  2.283E+02   6.4418E-01  3.5582E-01
2.985E+02  2.292E+02   6.4879E-01  3.5121E-01
2.997E+02  2.302E+02   6.5337E-01  3.4663E-01
3.010E+02  2.312E+02   6.5792E-01  3.4208E-01
3.022E+02  2.321E+02   6.6245E-01  3.3755E-01
3.035E+02  2.331E+02   6.6695E-01  3.3305E-01
3.047E+02  2.340E+02   6.7143E-01  3.2857E-01
3.060E+02  2.350E+02   6.7587E-01  3.2413E-01
3.073E+02  2.360E+02   6.8028E-01  3.1972E-01
3.085E+02  2.369E+02   6.8467E-01  3.1533E-01
3.098E+02  2.379E+02   6.8903E-01  3.1097E-01
3.110E+02  2.388E+02   6.9335E-01  3.0665E-01
3.123E+02  2.398E+02   6.9765E-01  3.0235E-01
3.135E+02  2.408E+02   7.0191E-01  2.9809E-01
3.148E+02  2.417E+02   7.0614E-01  2.9386E-01
3.160E+02  2.427E+02   7.1034E-01  2.8966E-01
3.173E+02  2.436E+02   7.1451E-01  2.8549E-01
3.185E+02  2.446E+02   7.1864E-01  2.8136E-01
3.198E+02  2.456E+02   7.2274E-01  2.7726E-01
3.210E+02  2.465E+02   7.2681E-01  2.7319E-01
3.223E+02  2.475E+02   7.3085E-01  2.6915E-01
3.235E+02  2.484E+02   7.3485E-01  2.6515E-01
3.248E+02  2.494E+02   7.3881E-01  2.6119E-01
3.260E+02  2.504E+02   7.4275E-01  2.5725E-01
3.273E+02  2.513E+02   7.4664E-01  2.5336E-01
3.285E+02  2.523E+02   7.5051E-01  2.4949E-01
3.298E+02  2.532E+02   7.5433E-01  2.4567E-01
3.310E+02  2.542E+02   7.5812E-01  2.4188E-01
3.323E+02  2.552E+02   7.6188E-01  2.3812E-01
3.335E+02  2.561E+02   7.6560E-01  2.3440E-01
3.348E+02  2.571E+02   7.6928E-01  2.3072E-01
3.360E+02  2.580E+02   7.7293E-01  2.2707E-01
3.373E+02  2.590E+02   7.7654E-01  2.2346E-01
3.385E+02  2.600E+02   7.8011E-01  2.1989E-01
3.398E+02  2.609E+02   7.8365E-01  2.1635E-01
3.410E+02  2.619E+02   7.8715E-01  2.1285E-01
3.423E+02  2.628E+02   7.9061E-01  2.0939E-01
3.435E+02  2.638E+02   7.9404E-01  2.0596E-01
3.448E+02  2.648E+02   7.9742E-01  2.0258E-01
3.460E+02  2.657E+02   8.0078E-01  1.9922E-01
3.473E+02  2.667E+02   8.0409E-01  1.9591E-01
3.485E+02  2.676E+02   8.0737E-01  1.9263E-01
3.498E+02  2.686E+02   8.1060E-01  1.8940E-01
3.510E+02  2.696E+02   8.1381E-01  1.8619E-01
3.523E+02  2.705E+02   8.1697E-01  1.8303E-01
3.535E+02  2.715E+02   8.2010E-01  1.7990E-01
3.548E+02  2.724E+02   8.2319E-01  1.7681E-01
3.560E+02  2.734E+02   8.2624E-01  1.7376E-01
3.573E+02  2.744E+02   8.2925E-01  1.7075E-01
3.585E+02  2.753E+02   8.3223E-01  1.6777E-01
3.598E+02  2.763E+02   8.3517E-01  1.6483E-01
3.610E+02  2.772E+02   8.3807E-01  1.6193E-01
3.623E+02  2.782E+02   8.4093E-01  1.5907E-01
3.635E+02  2.792E+02   8.4376E-01  1.5624E-01
3.648E+02  2.801E+02   8.4655E-01  1.5345E-01
3.660E+02  2.811E+02   8.4930E-01  1.5070E-01
3.673E+02  2.820E+02   8.5202E-01  1.4798E-01
3.685E+02  2.830E+02   8.5470E-01  1.4530E-01
3.698E+02  2.840E+02   8.5734E-01  1.4266E-01
3.710E+02  2.849E+02   8.5995E-01  1.4005E-01
3.723E+02  2.859E+02   8.6252E-01  1.3748E-01
3.735E+02  2.868E+02   8.6505E-01  1.3495E-01
3.748E+02  2.878E+02   8.6755E-01  1.3245E-01
3.760E+02  2.888E+02   8.7002E-01  1.2998E-01
3.773E+02  2.897E+02   8.7244E-01  1.2756E-01
3.785E+02  2.907E+02   8.7484E-01  1.2516E-01
3.798E+02  2.916E+02   8.7719E-01  1.2281E-01
3.810E+02  2.926E+02   8.7951E-01  1.2049E-01
3.823E+02  2.936E+02   8.8180E-01  1.1820E-01
3.835E+02  2.945E+02   8.8406E-01  1.1594E-01
3.848E+02  2.955E+02   8.8627E-01  1.1373E-01
3.860E+02  2.964E+02   8.8846E-01  1.1154E-01
3.873E+02  2.974E+02   8.9061E-01  1.0939E-01
3.885E+02  2.984E+02   8.9273E-01  1.0727E-01
3.898E+02  2.993E+02   8.9481E-01  1.0519E-01
3.910E+02  3.003E+02   8.9686E-01  1.0314E-01
3.923E+02  3.012E+02   8.9888E-01  1.0112E-01
3.935E+02  3.022E+02   9.0087E-01  9.9131E-02
3.948E+02  3.032E+02   9.0282E-01  9.7177E-02
3.960E+02  3.041E+02   9.0475E-01  9.5254E-02
3.973E+02  3.051E+02   9.0664E-01  9.3363E-02
3.985E+02  3.060E+02   9.0850E-01  9.1503E-02
3.998E+02  3.070E+02   9.1033E-01  8.9674E-02
4.010E+02  3.080E+02   9.1212E-01  8.7875E-02
4.023E+02  3.089E+02   9.1389E-01  8.6107E-02
4.035E+02  3.099E+02   9.1563E-01  8.4369E-02
4.048E+02  3.108E+02   9.1734E-01  8.2661E-02
4.060E+02  3.118E+02   9.1902E-01  8.0981E-02
4.073E+02  3.127E+02   9.2067E-01  7.9331E-02
4.085E+02  3.137E+02   9.2229E-01  7.7709E-02
4.098E+02  3.147E+02   9.2388E-01  7.6116E-02
4.110E+02  3.156E+02   9.2545E-01  7.4551E-02
4.123E+02  3.166E+02   9.2699E-01  7.3013E-02
4.135E+02  3.175E+02   9.2850E-01  7.1503E-02
4.148E+02  3.185E+02   9.2998E-01  7.0020E-02
4.160E+02  3.195E+02   9.3144E-01  6.8564E-02
4.173E+02  3.204E+02   9.3287E-01  6.7133E-02
4.185E+02  3.214E+02   9.3427E-01  6.5729E-02
4.198E+02  3.223E+02   9.3565E-01  6.4351E-02
4.210E+02  3.233E+02   9.3700E-01  6.2998E-02
4.223E+02  3.243E+02   9.3833E-01  6.1670E-02
4.235E+02  3.252E+02   9.3963E-01  6.0366E-02
4.248E+02  3.262E+02   9.4091E-01  5.9087E-02
4.260E+02  3.271E+02   9.4217E-01  5.7832E-02
4.273E+02  3.281E+02   9.4340E-01  5.6600E-02
4.285E+02  3.291E+02   9.4461E-01  5.5392E-02
4.298E+02  3.300E+02   9.4579E-01  5.4207E-02
4.310E+02  3.310E+02   9.4696E-01  5.3044E-02
4.323E+02  3.319E+02   9.4810E-01  5.1904E-02
4.335E+02  3.329E+02   9.4921E-01  5.0786E-02
4.348E+02  3.339E+02   9.5031E-01  4.9689E-02
4.360E+02  3.348E+02   9.5139E-01  4.8614E-02
4.373E+02  3.358E+02   9.5244E-01  4.7559E-02
4.385E+02  3.367E+02   9.5347E-01  4.6525E-02
4.398E+02  3.377E+02   9.5449E-01  4.5512E-02
4.410E+02  3.387E+02   9.5548E-01  4.4519E-02
4.423E+02  3.396E+02   9.5645E-01  4.3545E-02
4.435E+02  3.406E+02   9.5741E-01  4.2591E-02
4.448E+02  3.415E+02   9.5834E-01  4.1656E-02
4.460E+02  3.425E+02   9.5926E-01  4.0740E-02
4.473E+02  3.435E+02   9.6016E-01  3.9842E-02
4.485E+02  3.444E+02   9.6104E-01  3.8962E-02
4.498E+02  3.454E+02   9.6190E-01  3.8100E-02
4.510E+02  3.463E+02   9.6274E-01  3.7255E-02
4.523E+02  3.473E+02   9.6357E-01  3.6428E-02
4.535E+02  3.483E+02   9.6438E-01  3.5618E-02
4.548E+02  3.492E+02   9.6518E-01  3.4824E-02
4.560E+02  3.502E+02   9.6595E-01  3.4047E-02
4.573E+02  3.511E+02   9.6671E-01  3.3286E-02
4.585E+02  3.521E+02   9.6746E-01  3.2541E-02
4.598E+02  3.531E+02   9.6819E-01  3.1811E-02
4.610E+02  3.540E+02   9.6890E-01  3.1097E-02
4.623E+02  3.550E+02   9.6960E-01  3.0397E-02
4.635E+02  3.559E+02   9.7029E-01  2.9713E-02
4.648E+02  3.569E+02   9.7096E-01  2.9042E-02
4.660E+02  3.579E+02   9.7161E-01  2.8386E-02
4.673E+02  3.588E+02   9.7226E-01  2.7744E-02
4.685E+02  3.598E+02   9.7288E-01  2.7116E-02
4.698E+02  3.607E+02   9.7350E-01  2.6501E-02
4.710E+02  3.617E+02   9.7410E-01  2.5899E-02
4.723E+02  3.627E+02   9.7469E-01  2.5311E-02
4.735E+02  3.636E+02   9.7527E-01  2.4734E-02
4.748E+02  3.646E+02   9.7583E-01  2.4171E-02
4.760E+02  3.655E+02   9.7638E-01  2.3619E-02
4.773E+02  3.665E+02   9.7692E-01  2.3080E-02
4.785E+02  3.675E+02   9.7745E-01  2.2552E-02
4.798E+02  3.684E+02   9.7796E-01  2.2035E-02
4.810E+02  3.694E+02   9.7847E-01  2.1530E-02
4.823E+02  3.703E+02   9.7896E-01  2.1036E-02
4.835E+02  3.713E+02   9.7945E-01  2.0553E-02
4.848E+02  3.723E+02   9.7992E-01  2.0080E-02
4.860E+02  3.732E+02   9.8038E-01  1.9618E-02
4.873E+02  3.742E+02   9.8083E-01  1.9166E-02
4.885E+02  3.751E+02   9.8128E-01  1.8724E-02
4.898E+02  3.761E+02   9.8171E-01  1.8292E-02
4.910E+02  3.771E+02   9.8213E-01  1.7869E-02
4.923E+02  3.780E+02   9.8254E-01  1.7456E-02
4.935E+02  3.790E+02   9.8295E-01  1.7052E-02
4.948E+02  3.799E+02   9.8334E-01  1.6657E-02
4.960E+02  3.809E+02   9.8373E-01  1.6270E-02
4.973E+02  3.819E+02   9.8411E-01  1.5893E-02
4.985E+02  3.828E+02   9.8448E-01  1.5524E-02
4.990E+02  3.832E+02   9.8462E-01  1.5378E-02
