#TANK TIME(SEC) TIME(MIN) H2O2        DBCP        HO2*        HCO3-       H2PO4-      
  1      0.      .0     .100E-02    .183E-05    .000E+00    .400E-02    .000E+00
  1     10.      .2     .995E-03    .181E-05    .132E-05    .400E-02    .000E+00
  1     20.      .3     .990E-03    .179E-05    .131E-05    .400E-02    .000E+00
  1     30.      .5     .985E-03    .177E-05    .131E-05    .400E-02    .000E+00
  1     40.      .7     .980E-03    .175E-05    .130E-05    .400E-02    .000E+00
  1     50.      .8     .974E-03    .174E-05    .129E-05    .400E-02    .000E+00
  1     60.     1.0     .969E-03    .172E-05    .128E-05    .400E-02    .000E+00
  1     70.     1.2     .964E-03    .170E-05    .127E-05    .400E-02    .000E+00
  1     80.     1.3     .959E-03    .168E-05    .127E-05    .400E-02    .000E+00
  1     90.     1.5     .954E-03    .166E-05    .126E-05    .400E-02    .000E+00
  1    100.     1.7     .949E-03    .165E-05    .125E-05    .400E-02    .000E+00
  1    110.     1.8     .944E-03    .163E-05    .124E-05    .400E-02    .000E+00
  1    120.     2.0     .939E-03    .161E-05    .123E-05    .400E-02    .000E+00
  1    130.     2.2     .934E-03    .160E-05    .123E-05    .400E-02    .000E+00
  1    140.     2.3     .929E-03    .158E-05    .122E-05    .400E-02    .000E+00
  1    150.     2.5     .925E-03    .156E-05    .121E-05    .400E-02    .000E+00
  1    160.     2.7     .920E-03    .155E-05    .120E-05    .400E-02    .000E+00
  1    170.     2.8     .915E-03    .153E-05    .119E-05    .400E-02    .000E+00
  1    180.     3.0     .910E-03    .151E-05    .119E-05    .400E-02    .000E+00
  1    190.     3.2     .905E-03    .150E-05    .118E-05    .400E-02    .000E+00
  1    200.     3.3     .900E-03    .148E-05    .117E-05    .400E-02    .000E+00
  1    210.     3.5     .895E-03    .147E-05    .116E-05    .400E-02    .000E+00
  1    220.     3.7     .891E-03    .145E-05    .116E-05    .400E-02    .000E+00
  1    230.     3.8     .886E-03    .144E-05    .115E-05    .400E-02    .000E+00
  1    240.     4.0     .881E-03    .142E-05    .114E-05    .400E-02    .000E+00
  1    250.     4.2     .876E-03    .141E-05    .113E-05    .400E-02    .000E+00
  1    260.     4.3     .872E-03    .139E-05    .113E-05    .400E-02    .000E+00
  1    270.     4.5     .867E-03    .138E-05    .112E-05    .400E-02    .000E+00
  1    280.     4.7     .862E-03    .136E-05    .111E-05    .400E-02    .000E+00
  1    290.     4.8     .858E-03    .135E-05    .110E-05    .400E-02    .000E+00
  1    300.     5.0     .853E-03    .134E-05    .109E-05    .400E-02    .000E+00
  1    310.     5.2     .848E-03    .132E-05    .109E-05    .400E-02    .000E+00
  1    320.     5.3     .844E-03    .131E-05    .108E-05    .400E-02    .000E+00
  1    330.     5.5     .839E-03    .130E-05    .107E-05    .400E-02    .000E+00
  1    340.     5.7     .835E-03    .128E-05    .107E-05    .400E-02    .000E+00
  1    350.     5.8     .830E-03    .127E-05    .106E-05    .400E-02    .000E+00
  1    360.     6.0     .825E-03    .126E-05    .105E-05    .400E-02    .000E+00
  1    370.     6.2     .821E-03    .124E-05    .104E-05    .400E-02    .000E+00
  1    380.     6.3     .816E-03    .123E-05    .104E-05    .400E-02    .000E+00
  1    390.     6.5     .812E-03    .122E-05    .103E-05    .400E-02    .000E+00
  1    400.     6.7     .807E-03    .121E-05    .102E-05    .400E-02    .000E+00
  1    410.     6.8     .803E-03    .119E-05    .102E-05    .400E-02    .000E+00
  1    420.     7.0     .798E-03    .118E-05    .101E-05    .400E-02    .000E+00
  1    430.     7.2     .794E-03    .117E-05    .100E-05    .400E-02    .000E+00
  1    440.     7.3     .790E-03    .116E-05    .995E-06    .400E-02    .000E+00
  1    450.     7.5     .785E-03    .115E-05    .987E-06    .400E-02    .000E+00
  1    460.     7.7     .781E-03    .113E-05    .981E-06    .400E-02    .000E+00
  1    470.     7.8     .776E-03    .112E-05    .974E-06    .400E-02    .000E+00
  1    480.     8.0     .772E-03    .111E-05    .967E-06    .400E-02    .000E+00
  1    490.     8.2     .768E-03    .110E-05    .960E-06    .400E-02    .000E+00
  1    500.     8.3     .764E-03    .109E-05    .953E-06    .400E-02    .000E+00
  1    510.     8.5     .759E-03    .108E-05    .946E-06    .400E-02    .000E+00
  1    520.     8.7     .755E-03    .107E-05    .939E-06    .400E-02    .000E+00
  1    530.     8.8     .751E-03    .106E-05    .933E-06    .400E-02    .000E+00
  1    540.     9.0     .746E-03    .105E-05    .926E-06    .400E-02    .000E+00
  1    550.     9.2     .742E-03    .103E-05    .920E-06    .400E-02    .000E+00
  1    560.     9.3     .738E-03    .102E-05    .913E-06    .400E-02    .000E+00
  1    570.     9.5     .734E-03    .101E-05    .906E-06    .400E-02    .000E+00
  1    580.     9.7     .730E-03    .100E-05    .900E-06    .400E-02    .000E+00
  1    590.     9.8     .726E-03    .994E-06    .893E-06    .400E-02    .000E+00
  1    600.    10.0     .721E-03    .984E-06    .887E-06    .400E-02    .000E+00
  1    610.    10.2     .717E-03    .974E-06    .880E-06    .400E-02    .000E+00
  1    620.    10.3     .713E-03    .965E-06    .874E-06    .400E-02    .000E+00
  1    630.    10.5     .709E-03    .955E-06    .868E-06    .400E-02    .000E+00
  1    640.    10.7     .705E-03    .946E-06    .861E-06    .400E-02    .000E+00
  1    650.    10.8     .701E-03    .936E-06    .855E-06    .400E-02    .000E+00
  1    660.    11.0     .697E-03    .927E-06    .849E-06    .400E-02    .000E+00
  1    670.    11.2     .693E-03    .918E-06    .842E-06    .400E-02    .000E+00
  1    680.    11.3     .689E-03    .909E-06    .836E-06    .400E-02    .000E+00
  1    690.    11.5     .685E-03    .900E-06    .830E-06    .400E-02    .000E+00
  1    700.    11.7     .681E-03    .891E-06    .824E-06    .400E-02    .000E+00
  1    710.    11.8     .677E-03    .882E-06    .818E-06    .400E-02    .000E+00
  1    720.    12.0     .673E-03    .874E-06    .812E-06    .400E-02    .000E+00
  1    730.    12.2     .669E-03    .865E-06    .806E-06    .400E-02    .000E+00
  1    740.    12.3     .665E-03    .857E-06    .800E-06    .400E-02    .000E+00
  1    750.    12.5     .661E-03    .848E-06    .794E-06    .400E-02    .000E+00
  1    760.    12.7     .658E-03    .840E-06    .788E-06    .400E-02    .000E+00
  1    770.    12.8     .654E-03    .832E-06    .782E-06    .400E-02    .000E+00
  1    780.    13.0     .650E-03    .824E-06    .776E-06    .400E-02    .000E+00
  1    790.    13.2     .646E-03    .816E-06    .770E-06    .400E-02    .000E+00
  1    800.    13.3     .642E-03    .808E-06    .764E-06    .400E-02    .000E+00
  1    810.    13.5     .638E-03    .800E-06    .759E-06    .400E-02    .000E+00
  1    820.    13.7     .635E-03    .792E-06    .753E-06    .400E-02    .000E+00
  1    830.    13.8     .631E-03    .785E-06    .747E-06    .400E-02    .000E+00
  1    840.    14.0     .627E-03    .777E-06    .741E-06    .400E-02    .000E+00
  1    850.    14.2     .624E-03    .770E-06    .736E-06    .400E-02    .000E+00
  1    860.    14.3     .620E-03    .762E-06    .730E-06    .400E-02    .000E+00
  1    870.    14.5     .616E-03    .755E-06    .725E-06    .400E-02    .000E+00
  1    880.    14.7     .613E-03    .748E-06    .719E-06    .400E-02    .000E+00
  1    890.    14.8     .609E-03    .741E-06    .714E-06    .400E-02    .000E+00
  1    900.    15.0     .605E-03    .734E-06    .708E-06    .400E-02    .000E+00
  1    910.    15.2     .602E-03    .727E-06    .703E-06    .400E-02    .000E+00
  1    920.    15.3     .598E-03    .720E-06    .697E-06    .400E-02    .000E+00
  1    930.    15.5     .594E-03    .713E-06    .692E-06    .400E-02    .000E+00
  1    940.    15.7     .591E-03    .706E-06    .687E-06    .400E-02    .000E+00
  1    950.    15.8     .587E-03    .700E-06    .681E-06    .400E-02    .000E+00
  1    960.    16.0     .584E-03    .693E-06    .676E-06    .400E-02    .000E+00
  1    970.    16.2     .580E-03    .686E-06    .671E-06    .400E-02    .000E+00
  1    980.    16.3     .577E-03    .680E-06    .666E-06    .400E-02    .000E+00
  1    990.    16.5     .573E-03    .674E-06    .660E-06    .400E-02    .000E+00
  1   1000.    16.7     .570E-03    .667E-06    .655E-06    .400E-02    .000E+00
  1   1010.    16.8     .566E-03    .661E-06    .650E-06    .400E-02    .000E+00
  1   1020.    17.0     .563E-03    .655E-06    .645E-06    .400E-02    .000E+00
  1   1030.    17.2     .560E-03    .649E-06    .640E-06    .400E-02    .000E+00
  1   1040.    17.3     .556E-03    .643E-06    .635E-06    .400E-02    .000E+00
  1   1050.    17.5     .553E-03    .637E-06    .630E-06    .400E-02    .000E+00
  1   1060.    17.7     .549E-03    .631E-06    .625E-06    .400E-02    .000E+00
  1   1070.    17.8     .546E-03    .625E-06    .620E-06    .400E-02    .000E+00
  1   1080.    18.0     .543E-03    .620E-06    .615E-06    .400E-02    .000E+00
  1   1090.    18.2     .539E-03    .614E-06    .611E-06    .400E-02    .000E+00
  1   1100.    18.3     .536E-03    .608E-06    .606E-06    .400E-02    .000E+00
  1   1110.    18.5     .533E-03    .603E-06    .601E-06    .400E-02    .000E+00
  1   1120.    18.7     .530E-03    .597E-06    .596E-06    .400E-02    .000E+00
  1   1130.    18.8     .526E-03    .592E-06    .592E-06    .400E-02    .000E+00
  1   1140.    19.0     .523E-03    .586E-06    .587E-06    .400E-02    .000E+00
  1   1150.    19.2     .520E-03    .581E-06    .582E-06    .400E-02    .000E+00
  1   1160.    19.3     .517E-03    .576E-06    .578E-06    .400E-02    .000E+00
  1   1170.    19.5     .514E-03    .571E-06    .573E-06    .400E-02    .000E+00
  1   1180.    19.7     .510E-03    .565E-06    .569E-06    .400E-02    .000E+00
  1   1190.    19.8     .507E-03    .560E-06    .564E-06    .400E-02    .000E+00
  1   1200.    20.0     .504E-03    .555E-06    .559E-06    .400E-02    .000E+00
  1   1210.    20.2     .501E-03    .550E-06    .555E-06    .400E-02    .000E+00
  1   1220.    20.3     .498E-03    .545E-06    .551E-06    .400E-02    .000E+00
  1   1230.    20.5     .495E-03    .541E-06    .546E-06    .400E-02    .000E+00
  1   1240.    20.7     .492E-03    .536E-06    .542E-06    .400E-02    .000E+00
  1   1250.    20.8     .489E-03    .531E-06    .537E-06    .400E-02    .000E+00
  1   1260.    21.0     .486E-03    .526E-06    .533E-06    .400E-02    .000E+00
  1   1270.    21.2     .483E-03    .522E-06    .529E-06    .400E-02    .000E+00
  1   1280.    21.3     .480E-03    .517E-06    .525E-06    .400E-02    .000E+00
  1   1290.    21.5     .477E-03    .513E-06    .520E-06    .400E-02    .000E+00
  1   1300.    21.7     .474E-03    .508E-06    .516E-06    .400E-02    .000E+00
  1   1310.    21.8     .471E-03    .504E-06    .512E-06    .400E-02    .000E+00
  1   1320.    22.0     .468E-03    .499E-06    .508E-06    .400E-02    .000E+00
  1   1330.    22.2     .465E-03    .495E-06    .504E-06    .400E-02    .000E+00
  1   1340.    22.3     .462E-03    .491E-06    .500E-06    .400E-02    .000E+00
  1   1350.    22.5     .459E-03    .486E-06    .496E-06    .400E-02    .000E+00
  1   1360.    22.7     .456E-03    .482E-06    .492E-06    .400E-02    .000E+00
  1   1370.    22.8     .453E-03    .478E-06    .488E-06    .400E-02    .000E+00
  1   1380.    23.0     .450E-03    .474E-06    .484E-06    .400E-02    .000E+00
  1   1390.    23.2     .447E-03    .470E-06    .480E-06    .400E-02    .000E+00
  1   1400.    23.3     .445E-03    .466E-06    .476E-06    .400E-02    .000E+00
  1   1410.    23.5     .442E-03    .462E-06    .472E-06    .400E-02    .000E+00
  1   1420.    23.7     .439E-03    .458E-06    .469E-06    .400E-02    .000E+00
  1   1430.    23.8     .436E-03    .454E-06    .465E-06    .400E-02    .000E+00
  1   1440.    24.0     .433E-03    .450E-06    .461E-06    .400E-02    .000E+00
  1   1450.    24.2     .431E-03    .446E-06    .457E-06    .400E-02    .000E+00
  1   1460.    24.3     .428E-03    .443E-06    .454E-06    .400E-02    .000E+00
  1   1470.    24.5     .425E-03    .439E-06    .450E-06    .400E-02    .000E+00
  1   1480.    24.7     .423E-03    .435E-06    .446E-06    .400E-02    .000E+00
  1   1490.    24.8     .420E-03    .431E-06    .443E-06    .400E-02    .000E+00
  1   1500.    25.0     .417E-03    .428E-06    .439E-06    .400E-02    .000E+00
  1   1510.    25.2     .415E-03    .424E-06    .436E-06    .400E-02    .000E+00
#TANK TIME(SEC) TIME(MIN) NOM         CO3*-       HPO4*-      HO*         
  1      0.      .0     .000E+00    .000E+00    .000E+00    .000E+00
  1     10.      .2     .000E+00    .242E-09    .000E+00    .574E-11
  1     20.      .3     .000E+00    .243E-09    .000E+00    .574E-11
  1     30.      .5     .000E+00    .244E-09    .000E+00    .573E-11
  1     40.      .7     .000E+00    .245E-09    .000E+00    .572E-11
  1     50.      .8     .000E+00    .247E-09    .000E+00    .572E-11
  1     60.     1.0     .000E+00    .248E-09    .000E+00    .571E-11
  1     70.     1.2     .000E+00    .249E-09    .000E+00    .571E-11
  1     80.     1.3     .000E+00    .250E-09    .000E+00    .570E-11
  1     90.     1.5     .000E+00    .251E-09    .000E+00    .569E-11
  1    100.     1.7     .000E+00    .252E-09    .000E+00    .569E-11
  1    110.     1.8     .000E+00    .253E-09    .000E+00    .568E-11
  1    120.     2.0     .000E+00    .255E-09    .000E+00    .568E-11
  1    130.     2.2     .000E+00    .256E-09    .000E+00    .567E-11
  1    140.     2.3     .000E+00    .257E-09    .000E+00    .566E-11
  1    150.     2.5     .000E+00    .258E-09    .000E+00    .566E-11
  1    160.     2.7     .000E+00    .259E-09    .000E+00    .565E-11
  1    170.     2.8     .000E+00    .260E-09    .000E+00    .564E-11
  1    180.     3.0     .000E+00    .262E-09    .000E+00    .563E-11
  1    190.     3.2     .000E+00    .263E-09    .000E+00    .563E-11
  1    200.     3.3     .000E+00    .264E-09    .000E+00    .562E-11
  1    210.     3.5     .000E+00    .265E-09    .000E+00    .561E-11
  1    220.     3.7     .000E+00    .266E-09    .000E+00    .561E-11
  1    230.     3.8     .000E+00    .268E-09    .000E+00    .560E-11
  1    240.     4.0     .000E+00    .269E-09    .000E+00    .559E-11
  1    250.     4.2     .000E+00    .270E-09    .000E+00    .558E-11
  1    260.     4.3     .000E+00    .271E-09    .000E+00    .557E-11
  1    270.     4.5     .000E+00    .273E-09    .000E+00    .557E-11
  1    280.     4.7     .000E+00    .274E-09    .000E+00    .556E-11
  1    290.     4.8     .000E+00    .275E-09    .000E+00    .555E-11
  1    300.     5.0     .000E+00    .276E-09    .000E+00    .554E-11
  1    310.     5.2     .000E+00    .278E-09    .000E+00    .553E-11
  1    320.     5.3     .000E+00    .279E-09    .000E+00    .553E-11
  1    330.     5.5     .000E+00    .280E-09    .000E+00    .552E-11
  1    340.     5.7     .000E+00    .281E-09    .000E+00    .551E-11
  1    350.     5.8     .000E+00    .283E-09    .000E+00    .550E-11
  1    360.     6.0     .000E+00    .284E-09    .000E+00    .549E-11
  1    370.     6.2     .000E+00    .285E-09    .000E+00    .548E-11
  1    380.     6.3     .000E+00    .287E-09    .000E+00    .547E-11
  1    390.     6.5     .000E+00    .288E-09    .000E+00    .546E-11
  1    400.     6.7     .000E+00    .289E-09    .000E+00    .546E-11
  1    410.     6.8     .000E+00    .290E-09    .000E+00    .545E-11
  1    420.     7.0     .000E+00    .292E-09    .000E+00    .544E-11
  1    430.     7.2     .000E+00    .293E-09    .000E+00    .543E-11
  1    440.     7.3     .000E+00    .294E-09    .000E+00    .542E-11
  1    450.     7.5     .000E+00    .296E-09    .000E+00    .541E-11
  1    460.     7.7     .000E+00    .297E-09    .000E+00    .540E-11
  1    470.     7.8     .000E+00    .298E-09    .000E+00    .539E-11
  1    480.     8.0     .000E+00    .300E-09    .000E+00    .538E-11
  1    490.     8.2     .000E+00    .301E-09    .000E+00    .537E-11
  1    500.     8.3     .000E+00    .302E-09    .000E+00    .536E-11
  1    510.     8.5     .000E+00    .304E-09    .000E+00    .535E-11
  1    520.     8.7     .000E+00    .305E-09    .000E+00    .534E-11
  1    530.     8.8     .000E+00    .307E-09    .000E+00    .533E-11
  1    540.     9.0     .000E+00    .308E-09    .000E+00    .532E-11
  1    550.     9.2     .000E+00    .309E-09    .000E+00    .531E-11
  1    560.     9.3     .000E+00    .311E-09    .000E+00    .530E-11
  1    570.     9.5     .000E+00    .312E-09    .000E+00    .529E-11
  1    580.     9.7     .000E+00    .313E-09    .000E+00    .528E-11
  1    590.     9.8     .000E+00    .315E-09    .000E+00    .526E-11
  1    600.    10.0     .000E+00    .316E-09    .000E+00    .525E-11
  1    610.    10.2     .000E+00    .318E-09    .000E+00    .524E-11
  1    620.    10.3     .000E+00    .319E-09    .000E+00    .523E-11
  1    630.    10.5     .000E+00    .320E-09    .000E+00    .522E-11
  1    640.    10.7     .000E+00    .322E-09    .000E+00    .521E-11
  1    650.    10.8     .000E+00    .323E-09    .000E+00    .520E-11
  1    660.    11.0     .000E+00    .325E-09    .000E+00    .519E-11
  1    670.    11.2     .000E+00    .326E-09    .000E+00    .518E-11
  1    680.    11.3     .000E+00    .328E-09    .000E+00    .516E-11
  1    690.    11.5     .000E+00    .329E-09    .000E+00    .515E-11
  1    700.    11.7     .000E+00    .331E-09    .000E+00    .514E-11
  1    710.    11.8     .000E+00    .332E-09    .000E+00    .513E-11
  1    720.    12.0     .000E+00    .333E-09    .000E+00    .512E-11
  1    730.    12.2     .000E+00    .335E-09    .000E+00    .510E-11
  1    740.    12.3     .000E+00    .336E-09    .000E+00    .509E-11
  1    750.    12.5     .000E+00    .338E-09    .000E+00    .508E-11
  1    760.    12.7     .000E+00    .339E-09    .000E+00    .507E-11
  1    770.    12.8     .000E+00    .341E-09    .000E+00    .506E-11
  1    780.    13.0     .000E+00    .342E-09    .000E+00    .504E-11
  1    790.    13.2     .000E+00    .344E-09    .000E+00    .503E-11
  1    800.    13.3     .000E+00    .345E-09    .000E+00    .502E-11
  1    810.    13.5     .000E+00    .347E-09    .000E+00    .501E-11
  1    820.    13.7     .000E+00    .348E-09    .000E+00    .499E-11
  1    830.    13.8     .000E+00    .350E-09    .000E+00    .498E-11
  1    840.    14.0     .000E+00    .351E-09    .000E+00    .497E-11
  1    850.    14.2     .000E+00    .353E-09    .000E+00    .496E-11
  1    860.    14.3     .000E+00    .354E-09    .000E+00    .494E-11
  1    870.    14.5     .000E+00    .356E-09    .000E+00    .493E-11
  1    880.    14.7     .000E+00    .357E-09    .000E+00    .492E-11
  1    890.    14.8     .000E+00    .359E-09    .000E+00    .490E-11
  1    900.    15.0     .000E+00    .360E-09    .000E+00    .489E-11
  1    910.    15.2     .000E+00    .362E-09    .000E+00    .488E-11
  1    920.    15.3     .000E+00    .363E-09    .000E+00    .487E-11
  1    930.    15.5     .000E+00    .365E-09    .000E+00    .485E-11
  1    940.    15.7     .000E+00    .366E-09    .000E+00    .484E-11
  1    950.    15.8     .000E+00    .368E-09    .000E+00    .482E-11
  1    960.    16.0     .000E+00    .369E-09    .000E+00    .481E-11
  1    970.    16.2     .000E+00    .371E-09    .000E+00    .480E-11
  1    980.    16.3     .000E+00    .372E-09    .000E+00    .478E-11
  1    990.    16.5     .000E+00    .374E-09    .000E+00    .477E-11
  1   1000.    16.7     .000E+00    .376E-09    .000E+00    .476E-11
  1   1010.    16.8     .000E+00    .377E-09    .000E+00    .474E-11
  1   1020.    17.0     .000E+00    .379E-09    .000E+00    .473E-11
  1   1030.    17.2     .000E+00    .380E-09    .000E+00    .472E-11
  1   1040.    17.3     .000E+00    .382E-09    .000E+00    .470E-11
  1   1050.    17.5     .000E+00    .383E-09    .000E+00    .469E-11
  1   1060.    17.7     .000E+00    .385E-09    .000E+00    .467E-11
  1   1070.    17.8     .000E+00    .386E-09    .000E+00    .466E-11
  1   1080.    18.0     .000E+00    .388E-09    .000E+00    .465E-11
  1   1090.    18.2     .000E+00    .390E-09    .000E+00    .463E-11
  1   1100.    18.3     .000E+00    .391E-09    .000E+00    .462E-11
  1   1110.    18.5     .000E+00    .393E-09    .000E+00    .460E-11
  1   1120.    18.7     .000E+00    .394E-09    .000E+00    .459E-11
  1   1130.    18.8     .000E+00    .396E-09    .000E+00    .457E-11
  1   1140.    19.0     .000E+00    .398E-09    .000E+00    .456E-11
  1   1150.    19.2     .000E+00    .399E-09    .000E+00    .455E-11
  1   1160.    19.3     .000E+00    .401E-09    .000E+00    .453E-11
  1   1170.    19.5     .000E+00    .402E-09    .000E+00    .452E-11
  1   1180.    19.7     .000E+00    .404E-09    .000E+00    .450E-11
  1   1190.    19.8     .000E+00    .405E-09    .000E+00    .449E-11
  1   1200.    20.0     .000E+00    .407E-09    .000E+00    .447E-11
  1   1210.    20.2     .000E+00    .409E-09    .000E+00    .446E-11
  1   1220.    20.3     .000E+00    .410E-09    .000E+00    .444E-11
  1   1230.    20.5     .000E+00    .412E-09    .000E+00    .443E-11
  1   1240.    20.7     .000E+00    .413E-09    .000E+00    .441E-11
  1   1250.    20.8     .000E+00    .415E-09    .000E+00    .440E-11
  1   1260.    21.0     .000E+00    .417E-09    .000E+00    .438E-11
  1   1270.    21.2     .000E+00    .418E-09    .000E+00    .437E-11
  1   1280.    21.3     .000E+00    .420E-09    .000E+00    .435E-11
  1   1290.    21.5     .000E+00    .421E-09    .000E+00    .434E-11
  1   1300.    21.7     .000E+00    .423E-09    .000E+00    .432E-11
  1   1310.    21.8     .000E+00    .425E-09    .000E+00    .431E-11
  1   1320.    22.0     .000E+00    .426E-09    .000E+00    .429E-11
  1   1330.    22.2     .000E+00    .428E-09    .000E+00    .428E-11
  1   1340.    22.3     .000E+00    .429E-09    .000E+00    .426E-11
  1   1350.    22.5     .000E+00    .431E-09    .000E+00    .425E-11
  1   1360.    22.7     .000E+00    .433E-09    .000E+00    .423E-11
  1   1370.    22.8     .000E+00    .434E-09    .000E+00    .422E-11
  1   1380.    23.0     .000E+00    .436E-09    .000E+00    .420E-11
  1   1390.    23.2     .000E+00    .437E-09    .000E+00    .419E-11
  1   1400.    23.3     .000E+00    .439E-09    .000E+00    .417E-11
  1   1410.    23.5     .000E+00    .441E-09    .000E+00    .416E-11
  1   1420.    23.7     .000E+00    .442E-09    .000E+00    .414E-11
  1   1430.    23.8     .000E+00    .444E-09    .000E+00    .413E-11
  1   1440.    24.0     .000E+00    .445E-09    .000E+00    .411E-11
  1   1450.    24.2     .000E+00    .447E-09    .000E+00    .410E-11
  1   1460.    24.3     .000E+00    .449E-09    .000E+00    .408E-11
  1   1470.    24.5     .000E+00    .450E-09    .000E+00    .406E-11
  1   1480.    24.7     .000E+00    .452E-09    .000E+00    .405E-11
  1   1490.    24.8     .000E+00    .453E-09    .000E+00    .403E-11
  1   1500.    25.0     .000E+00    .455E-09    .000E+00    .402E-11
  1   1510.    25.2     .000E+00    .457E-09    .000E+00    .400E-11
#TANK TIME(SEC) TIME(MIN) pH
  1      0.      .0     8.40
  1     10.      .2     8.39
  1     20.      .3     8.39
  1     30.      .5     8.39
  1     40.      .7     8.39
  1     50.      .8     8.39
  1     60.     1.0     8.39
  1     70.     1.2     8.39
  1     80.     1.3     8.39
  1     90.     1.5     8.39
  1    100.     1.7     8.39
  1    110.     1.8     8.39
  1    120.     2.0     8.39
  1    130.     2.2     8.39
  1    140.     2.3     8.39
  1    150.     2.5     8.39
  1    160.     2.7     8.39
  1    170.     2.8     8.39
  1    180.     3.0     8.39
  1    190.     3.2     8.39
  1    200.     3.3     8.39
  1    210.     3.5     8.39
  1    220.     3.7     8.39
  1    230.     3.8     8.38
  1    240.     4.0     8.38
  1    250.     4.2     8.38
  1    260.     4.3     8.38
  1    270.     4.5     8.38
  1    280.     4.7     8.38
  1    290.     4.8     8.38
  1    300.     5.0     8.38
  1    310.     5.2     8.38
  1    320.     5.3     8.38
  1    330.     5.5     8.38
  1    340.     5.7     8.38
  1    350.     5.8     8.38
  1    360.     6.0     8.38
  1    370.     6.2     8.38
  1    380.     6.3     8.38
  1    390.     6.5     8.38
  1    400.     6.7     8.38
  1    410.     6.8     8.38
  1    420.     7.0     8.38
  1    430.     7.2     8.38
  1    440.     7.3     8.38
  1    450.     7.5     8.38
  1    460.     7.7     8.38
  1    470.     7.8     8.38
  1    480.     8.0     8.38
  1    490.     8.2     8.38
  1    500.     8.3     8.38
  1    510.     8.5     8.38
  1    520.     8.7     8.38
  1    530.     8.8     8.38
  1    540.     9.0     8.38
  1    550.     9.2     8.38
  1    560.     9.3     8.38
  1    570.     9.5     8.38
  1    580.     9.7     8.37
  1    590.     9.8     8.37
  1    600.    10.0     8.37
  1    610.    10.2     8.37
  1    620.    10.3     8.37
  1    630.    10.5     8.37
  1    640.    10.7     8.37
  1    650.    10.8     8.37
  1    660.    11.0     8.37
  1    670.    11.2     8.37
  1    680.    11.3     8.37
  1    690.    11.5     8.37
  1    700.    11.7     8.37
  1    710.    11.8     8.37
  1    720.    12.0     8.37
  1    730.    12.2     8.37
  1    740.    12.3     8.37
  1    750.    12.5     8.37
  1    760.    12.7     8.37
  1    770.    12.8     8.37
  1    780.    13.0     8.37
  1    790.    13.2     8.37
  1    800.    13.3     8.37
  1    810.    13.5     8.37
  1    820.    13.7     8.37
  1    830.    13.8     8.37
  1    840.    14.0     8.37
  1    850.    14.2     8.37
  1    860.    14.3     8.37
  1    870.    14.5     8.37
  1    880.    14.7     8.37
  1    890.    14.8     8.37
  1    900.    15.0     8.37
  1    910.    15.2     8.37
  1    920.    15.3     8.37
  1    930.    15.5     8.37
  1    940.    15.7     8.37
  1    950.    15.8     8.37
  1    960.    16.0     8.37
  1    970.    16.2     8.37
  1    980.    16.3     8.37
  1    990.    16.5     8.37
  1   1000.    16.7     8.37
  1   1010.    16.8     8.37
  1   1020.    17.0     8.37
  1   1030.    17.2     8.37
  1   1040.    17.3     8.37
  1   1050.    17.5     8.37
  1   1060.    17.7     8.37
  1   1070.    17.8     8.37
  1   1080.    18.0     8.37
  1   1090.    18.2     8.37
  1   1100.    18.3     8.37
  1   1110.    18.5     8.37
  1   1120.    18.7     8.37
  1   1130.    18.8     8.37
  1   1140.    19.0     8.37
  1   1150.    19.2     8.37
  1   1160.    19.3     8.37
  1   1170.    19.5     8.37
  1   1180.    19.7     8.37
  1   1190.    19.8     8.36
  1   1200.    20.0     8.36
  1   1210.    20.2     8.36
  1   1220.    20.3     8.36
  1   1230.    20.5     8.36
  1   1240.    20.7     8.36
  1   1250.    20.8     8.36
  1   1260.    21.0     8.36
  1   1270.    21.2     8.36
  1   1280.    21.3     8.36
  1   1290.    21.5     8.36
  1   1300.    21.7     8.36
  1   1310.    21.8     8.36
  1   1320.    22.0     8.36
  1   1330.    22.2     8.36
  1   1340.    22.3     8.36
  1   1350.    22.5     8.36
  1   1360.    22.7     8.36
  1   1370.    22.8     8.36
  1   1380.    23.0     8.36
  1   1390.    23.2     8.36
  1   1400.    23.3     8.36
  1   1410.    23.5     8.36
  1   1420.    23.7     8.36
  1   1430.    23.8     8.36
  1   1440.    24.0     8.36
  1   1450.    24.2     8.36
  1   1460.    24.3     8.36
  1   1470.    24.5     8.36
  1   1480.    24.7     8.36
  1   1490.    24.8     8.36
  1   1500.    25.0     8.36
  1   1510.    25.2     8.36
