 HO*         
 gmol/L
#TANK TIME(SEC) TIME(MIN) CONC
  1      0.      .0     .000E+00
  1     10.      .2     .552E-11
  1     20.      .3     .552E-11
  1     30.      .5     .551E-11
  1     40.      .7     .551E-11
  1     50.      .8     .550E-11
  1     60.     1.0     .550E-11
  1     70.     1.2     .549E-11
  1     80.     1.3     .548E-11
  1     90.     1.5     .548E-11
  1    100.     1.7     .547E-11
  1    110.     1.8     .547E-11
  1    120.     2.0     .546E-11
  1    130.     2.2     .546E-11
  1    140.     2.3     .545E-11
  1    150.     2.5     .544E-11
  1    160.     2.7     .544E-11
  1    170.     2.8     .543E-11
  1    180.     3.0     .542E-11
  1    190.     3.2     .542E-11
  1    200.     3.3     .541E-11
  1    210.     3.5     .540E-11
  1    220.     3.7     .540E-11
  1    230.     3.8     .539E-11
  1    240.     4.0     .538E-11
  1    250.     4.2     .538E-11
  1    260.     4.3     .537E-11
  1    270.     4.5     .536E-11
  1    280.     4.7     .536E-11
  1    290.     4.8     .535E-11
  1    300.     5.0     .534E-11
  1    310.     5.2     .533E-11
  1    320.     5.3     .532E-11
  1    330.     5.5     .532E-11
  1    340.     5.7     .531E-11
  1    350.     5.8     .530E-11
  1    360.     6.0     .529E-11
  1    370.     6.2     .529E-11
  1    380.     6.3     .528E-11
  1    390.     6.5     .527E-11
  1    400.     6.7     .526E-11
  1    410.     6.8     .525E-11
  1    420.     7.0     .524E-11
  1    430.     7.2     .524E-11
  1    440.     7.3     .523E-11
  1    450.     7.5     .522E-11
  1    460.     7.7     .521E-11
  1    470.     7.8     .520E-11
  1    480.     8.0     .519E-11
  1    490.     8.2     .518E-11
  1    500.     8.3     .517E-11
  1    510.     8.5     .516E-11
  1    520.     8.7     .515E-11
  1    530.     8.8     .514E-11
  1    540.     9.0     .514E-11
  1    550.     9.2     .513E-11
  1    560.     9.3     .512E-11
  1    570.     9.5     .511E-11
  1    580.     9.7     .510E-11
  1    590.     9.8     .509E-11
  1    600.    10.0     .508E-11
  1    610.    10.2     .507E-11
  1    620.    10.3     .506E-11
  1    630.    10.5     .505E-11
  1    640.    10.7     .504E-11
  1    650.    10.8     .503E-11
  1    660.    11.0     .502E-11
  1    670.    11.2     .501E-11
  1    680.    11.3     .500E-11
  1    690.    11.5     .498E-11
  1    700.    11.7     .497E-11
  1    710.    11.8     .496E-11
  1    720.    12.0     .495E-11
  1    730.    12.2     .494E-11
  1    740.    12.3     .493E-11
  1    750.    12.5     .492E-11
  1    760.    12.7     .491E-11
  1    770.    12.8     .490E-11
  1    780.    13.0     .489E-11
  1    790.    13.2     .488E-11
  1    800.    13.3     .486E-11
  1    810.    13.5     .485E-11
  1    820.    13.7     .484E-11
  1    830.    13.8     .483E-11
  1    840.    14.0     .482E-11
  1    850.    14.2     .481E-11
  1    860.    14.3     .480E-11
  1    870.    14.5     .478E-11
  1    880.    14.7     .477E-11
  1    890.    14.8     .476E-11
  1    900.    15.0     .475E-11
  1    910.    15.2     .474E-11
  1    920.    15.3     .472E-11
  1    930.    15.5     .471E-11
  1    940.    15.7     .470E-11
  1    950.    15.8     .469E-11
  1    960.    16.0     .468E-11
  1    970.    16.2     .466E-11
  1    980.    16.3     .465E-11
  1    990.    16.5     .464E-11
  1   1000.    16.7     .463E-11
  1   1010.    16.8     .461E-11
  1   1020.    17.0     .460E-11
  1   1030.    17.2     .459E-11
  1   1040.    17.3     .458E-11
  1   1050.    17.5     .456E-11
  1   1060.    17.7     .455E-11
  1   1070.    17.8     .454E-11
  1   1080.    18.0     .452E-11
  1   1090.    18.2     .451E-11
  1   1100.    18.3     .450E-11
  1   1110.    18.5     .449E-11
  1   1120.    18.7     .447E-11
  1   1130.    18.8     .446E-11
  1   1140.    19.0     .445E-11
  1   1150.    19.2     .443E-11
  1   1160.    19.3     .442E-11
  1   1170.    19.5     .441E-11
  1   1180.    19.7     .439E-11
  1   1190.    19.8     .438E-11
  1   1200.    20.0     .437E-11
  1   1210.    20.2     .435E-11
  1   1220.    20.3     .434E-11
  1   1230.    20.5     .433E-11
  1   1240.    20.7     .431E-11
  1   1250.    20.8     .430E-11
  1   1260.    21.0     .429E-11
  1   1270.    21.2     .427E-11
  1   1280.    21.3     .426E-11
  1   1290.    21.5     .424E-11
  1   1300.    21.7     .423E-11
  1   1310.    21.8     .422E-11
  1   1320.    22.0     .420E-11
  1   1330.    22.2     .419E-11
  1   1340.    22.3     .418E-11
  1   1350.    22.5     .416E-11
  1   1360.    22.7     .415E-11
  1   1370.    22.8     .413E-11
  1   1380.    23.0     .412E-11
  1   1390.    23.2     .411E-11
  1   1400.    23.3     .409E-11
  1   1410.    23.5     .408E-11
  1   1420.    23.7     .406E-11
  1   1430.    23.8     .405E-11
  1   1440.    24.0     .404E-11
  1   1450.    24.2     .402E-11
  1   1460.    24.3     .401E-11
  1   1470.    24.5     .399E-11
  1   1480.    24.7     .398E-11
  1   1490.    24.8     .397E-11
  1   1500.    25.0     .395E-11
  1   1510.    25.2     .394E-11
 END_OF_TANK
 END_OF_FILE
