#TANK TIME(SEC) TIME(MIN) H2O2        TRICHLOROETHHO2*        HCO3-       H2PO4-      
  1      0.     0.0    0.100E-02   0.760E-01   0.000E+00   0.200E-02   0.000E+00
  1     30.     0.5    0.850E-03   0.757E-01   0.142E-07   0.215E-01   0.000E+00
  1     60.     1.0    0.716E-03   0.754E-01   0.166E-07   0.368E-01   0.000E+00
  1     90.     1.5    0.600E-03   0.752E-01   0.162E-07   0.511E-01   0.000E+00
  1    120.     2.0    0.498E-03   0.750E-01   0.149E-07   0.625E-01   0.000E+00
  1    150.     2.5    0.412E-03   0.748E-01   0.134E-07   0.737E-01   0.000E+00
  1    180.     3.0    0.338E-03   0.747E-01   0.119E-07   0.825E-01   0.000E+00
  1    210.     3.5    0.276E-03   0.746E-01   0.104E-07   0.897E-01   0.000E+00
  1    240.     4.0    0.225E-03   0.744E-01   0.912E-08   0.946E-01   0.000E+00
  1    270.     4.5    0.182E-03   0.744E-01   0.798E-08   0.998E-01   0.000E+00
#TANK TIME(SEC) TIME(MIN) NOM         CO3*-       HPO4*-      HO*         
  1      0.     0.0    0.000E+00   0.000E+00   0.000E+00   0.000E+00
  1     30.     0.5    0.000E+00   0.689E-14   0.000E+00   0.297E-13
  1     60.     1.0    0.000E+00   0.723E-14   0.000E+00   0.263E-13
  1     90.     1.5    0.000E+00   0.755E-14   0.000E+00   0.230E-13
  1    120.     2.0    0.000E+00   0.785E-14   0.000E+00   0.198E-13
  1    150.     2.5    0.000E+00   0.812E-14   0.000E+00   0.170E-13
  1    180.     3.0    0.000E+00   0.836E-14   0.000E+00   0.143E-13
  1    210.     3.5    0.000E+00   0.858E-14   0.000E+00   0.120E-13
  1    240.     4.0    0.000E+00   0.876E-14   0.000E+00   0.999E-14
  1    270.     4.5    0.000E+00   0.893E-14   0.000E+00   0.824E-14
#TANK TIME(SEC) TIME(MIN) pH
  1      0.     0.0     4.00
  1     30.     0.5     2.97
  1     60.     1.0     2.73
  1     90.     1.5     2.59
  1    120.     2.0     2.50
  1    150.     2.5     2.43
  1    180.     3.0     2.38
  1    210.     3.5     2.35
  1    240.     4.0     2.32
  1    270.     4.5     2.30
