Time (min) BVF         C/CT(1)     C/CT(2)

1.000E+00  7.654E-01   4.6618E-06  1.0000E+00
2.400E+00  1.837E+00   4.9234E-06  1.0000E+00
3.800E+00  2.909E+00   3.7091E-06  1.0000E+00
5.200E+00  3.980E+00   4.2890E-06  1.0000E+00
6.600E+00  5.052E+00   3.0311E-06  1.0000E+00
8.000E+00  6.124E+00   1.0640E-06  1.0000E+00
9.400E+00  7.195E+00   -5.6797E-08 1.0000E+00
1.080E+01  8.267E+00   2.3033E-06  1.0000E+00
1.220E+01  9.338E+00   3.1226E-06  1.0000E+00
1.360E+01  1.041E+01   5.2660E-06  9.9999E-01
1.500E+01  1.148E+01   2.2281E-06  1.0000E+00
1.640E+01  1.255E+01   2.5562E-06  1.0000E+00
1.780E+01  1.362E+01   4.3622E-06  1.0000E+00
1.920E+01  1.470E+01   1.0644E-06  1.0000E+00
2.060E+01  1.577E+01   3.5110E-06  1.0000E+00
2.200E+01  1.684E+01   3.9676E-06  1.0000E+00
2.340E+01  1.791E+01   1.0712E-05  9.9999E-01
2.480E+01  1.898E+01   1.0613E-05  9.9999E-01
2.620E+01  2.005E+01   2.1044E-05  9.9998E-01
2.760E+01  2.113E+01   2.9247E-05  9.9997E-01
2.900E+01  2.220E+01   3.9832E-05  9.9996E-01
3.040E+01  2.327E+01   5.3152E-05  9.9995E-01
3.180E+01  2.434E+01   6.9644E-05  9.9993E-01
3.320E+01  2.541E+01   8.9872E-05  9.9991E-01
3.460E+01  2.648E+01   1.1443E-04  9.9989E-01
3.600E+01  2.756E+01   1.4395E-04  9.9986E-01
3.740E+01  2.863E+01   1.7907E-04  9.9982E-01
3.880E+01  2.970E+01   2.2050E-04  9.9978E-01
4.020E+01  3.077E+01   2.6897E-04  9.9973E-01
4.160E+01  3.184E+01   3.2526E-04  9.9967E-01
4.300E+01  3.291E+01   3.9018E-04  9.9961E-01
4.440E+01  3.399E+01   4.6456E-04  9.9954E-01
4.580E+01  3.506E+01   5.4927E-04  9.9945E-01
4.720E+01  3.613E+01   6.4523E-04  9.9935E-01
4.860E+01  3.720E+01   7.5335E-04  9.9925E-01
5.000E+01  3.827E+01   8.7458E-04  9.9913E-01
5.140E+01  3.934E+01   1.0099E-03  9.9899E-01
5.280E+01  4.042E+01   1.1602E-03  9.9884E-01
5.420E+01  4.149E+01   1.3267E-03  9.9867E-01
5.560E+01  4.256E+01   1.5103E-03  9.9849E-01
5.700E+01  4.363E+01   1.7120E-03  9.9829E-01
5.840E+01  4.470E+01   1.9329E-03  9.9807E-01
5.980E+01  4.577E+01   2.1740E-03  9.9783E-01
6.120E+01  4.685E+01   2.4364E-03  9.9756E-01
6.260E+01  4.792E+01   2.7213E-03  9.9728E-01
6.400E+01  4.899E+01   3.0295E-03  9.9697E-01
6.540E+01  5.006E+01   3.3623E-03  9.9664E-01
6.680E+01  5.113E+01   3.7206E-03  9.9628E-01
6.820E+01  5.220E+01   4.1056E-03  9.9589E-01
6.960E+01  5.327E+01   4.5183E-03  9.9548E-01
7.100E+01  5.435E+01   4.9598E-03  9.9504E-01
7.240E+01  5.542E+01   5.4311E-03  9.9457E-01
7.380E+01  5.649E+01   5.9334E-03  9.9407E-01
7.520E+01  5.756E+01   6.4676E-03  9.9353E-01
7.660E+01  5.863E+01   7.0348E-03  9.9297E-01
7.800E+01  5.970E+01   7.6361E-03  9.9236E-01
7.940E+01  6.078E+01   8.2724E-03  9.9173E-01
8.080E+01  6.185E+01   8.9449E-03  9.9106E-01
8.220E+01  6.292E+01   9.6544E-03  9.9035E-01
8.360E+01  6.399E+01   1.0402E-02  9.8960E-01
8.500E+01  6.506E+01   1.1189E-02  9.8881E-01
8.640E+01  6.613E+01   1.2015E-02  9.8798E-01
8.780E+01  6.721E+01   1.2883E-02  9.8712E-01
8.920E+01  6.828E+01   1.3792E-02  9.8621E-01
9.060E+01  6.935E+01   1.4745E-02  9.8526E-01
9.200E+01  7.042E+01   1.5741E-02  9.8426E-01
9.340E+01  7.149E+01   1.6782E-02  9.8322E-01
9.480E+01  7.256E+01   1.7868E-02  9.8213E-01
9.620E+01  7.364E+01   1.9001E-02  9.8100E-01
9.760E+01  7.471E+01   2.0181E-02  9.7982E-01
9.900E+01  7.578E+01   2.1409E-02  9.7859E-01
1.004E+02  7.685E+01   2.2686E-02  9.7731E-01
1.018E+02  7.792E+01   2.4013E-02  9.7599E-01
1.032E+02  7.899E+01   2.5390E-02  9.7461E-01
1.046E+02  8.007E+01   2.6818E-02  9.7318E-01
1.060E+02  8.114E+01   2.8299E-02  9.7170E-01
1.074E+02  8.221E+01   2.9832E-02  9.7017E-01
1.088E+02  8.328E+01   3.1419E-02  9.6858E-01
1.102E+02  8.435E+01   3.3060E-02  9.6694E-01
1.116E+02  8.542E+01   3.4756E-02  9.6524E-01
1.130E+02  8.649E+01   3.6507E-02  9.6349E-01
1.144E+02  8.757E+01   3.8315E-02  9.6169E-01
1.158E+02  8.864E+01   4.0179E-02  9.5982E-01
1.172E+02  8.971E+01   4.2100E-02  9.5790E-01
1.186E+02  9.078E+01   4.4080E-02  9.5592E-01
1.200E+02  9.185E+01   4.6118E-02  9.5388E-01
1.214E+02  9.292E+01   4.8216E-02  9.5178E-01
1.228E+02  9.400E+01   5.0372E-02  9.4963E-01
1.242E+02  9.507E+01   5.2590E-02  9.4741E-01
1.256E+02  9.614E+01   5.4867E-02  9.4513E-01
1.270E+02  9.721E+01   5.7206E-02  9.4279E-01
1.284E+02  9.828E+01   5.9606E-02  9.4039E-01
1.298E+02  9.935E+01   6.2069E-02  9.3793E-01
1.312E+02  1.004E+02   6.4594E-02  9.3541E-01
1.326E+02  1.015E+02   6.7181E-02  9.3282E-01
1.340E+02  1.026E+02   6.9832E-02  9.3017E-01
1.354E+02  1.036E+02   7.2546E-02  9.2745E-01
1.368E+02  1.047E+02   7.5324E-02  9.2468E-01
1.382E+02  1.058E+02   7.8166E-02  9.2183E-01
1.396E+02  1.069E+02   8.1072E-02  9.1893E-01
1.410E+02  1.079E+02   8.4043E-02  9.1596E-01
1.424E+02  1.090E+02   8.7079E-02  9.1292E-01
1.438E+02  1.101E+02   9.0180E-02  9.0982E-01
1.452E+02  1.111E+02   9.3346E-02  9.0665E-01
1.466E+02  1.122E+02   9.6577E-02  9.0342E-01
1.480E+02  1.133E+02   9.9874E-02  9.0013E-01
1.494E+02  1.144E+02   1.0324E-01  8.9676E-01
1.508E+02  1.154E+02   1.0666E-01  8.9334E-01
1.522E+02  1.165E+02   1.1016E-01  8.8984E-01
1.536E+02  1.176E+02   1.1372E-01  8.8628E-01
1.550E+02  1.186E+02   1.1734E-01  8.8266E-01
1.564E+02  1.197E+02   1.2103E-01  8.7897E-01
1.578E+02  1.208E+02   1.2479E-01  8.7521E-01
1.592E+02  1.219E+02   1.2861E-01  8.7139E-01
1.606E+02  1.229E+02   1.3250E-01  8.6750E-01
1.620E+02  1.240E+02   1.3645E-01  8.6355E-01
1.634E+02  1.251E+02   1.4047E-01  8.5953E-01
1.648E+02  1.261E+02   1.4455E-01  8.5545E-01
1.662E+02  1.272E+02   1.4869E-01  8.5131E-01
1.676E+02  1.283E+02   1.5290E-01  8.4710E-01
1.690E+02  1.294E+02   1.5718E-01  8.4282E-01
1.704E+02  1.304E+02   1.6152E-01  8.3848E-01
1.718E+02  1.315E+02   1.6592E-01  8.3408E-01
1.732E+02  1.326E+02   1.7038E-01  8.2962E-01
1.746E+02  1.336E+02   1.7491E-01  8.2509E-01
1.760E+02  1.347E+02   1.7949E-01  8.2051E-01
1.774E+02  1.358E+02   1.8414E-01  8.1586E-01
1.788E+02  1.369E+02   1.8885E-01  8.1115E-01
1.802E+02  1.379E+02   1.9362E-01  8.0638E-01
1.816E+02  1.390E+02   1.9845E-01  8.0155E-01
1.830E+02  1.401E+02   2.0334E-01  7.9666E-01
1.844E+02  1.411E+02   2.0828E-01  7.9172E-01
1.858E+02  1.422E+02   2.1329E-01  7.8671E-01
1.872E+02  1.433E+02   2.1835E-01  7.8165E-01
1.886E+02  1.444E+02   2.2347E-01  7.7653E-01
1.900E+02  1.454E+02   2.2864E-01  7.7136E-01
1.914E+02  1.465E+02   2.3386E-01  7.6614E-01
1.928E+02  1.476E+02   2.3914E-01  7.6086E-01
1.942E+02  1.486E+02   2.4447E-01  7.5553E-01
1.956E+02  1.497E+02   2.4986E-01  7.5014E-01
1.970E+02  1.508E+02   2.5529E-01  7.4471E-01
1.984E+02  1.519E+02   2.6078E-01  7.3922E-01
1.998E+02  1.529E+02   2.6631E-01  7.3369E-01
2.012E+02  1.540E+02   2.7189E-01  7.2811E-01
2.026E+02  1.551E+02   2.7751E-01  7.2249E-01
2.040E+02  1.562E+02   2.8318E-01  7.1682E-01
2.054E+02  1.572E+02   2.8890E-01  7.1110E-01
2.068E+02  1.583E+02   2.9466E-01  7.0534E-01
2.082E+02  1.594E+02   3.0046E-01  6.9954E-01
2.096E+02  1.604E+02   3.0630E-01  6.9370E-01
2.110E+02  1.615E+02   3.1218E-01  6.8782E-01
2.124E+02  1.626E+02   3.1810E-01  6.8190E-01
2.138E+02  1.637E+02   3.2405E-01  6.7595E-01
2.152E+02  1.647E+02   3.3004E-01  6.6996E-01
2.166E+02  1.658E+02   3.3607E-01  6.6393E-01
2.180E+02  1.669E+02   3.4212E-01  6.5788E-01
2.194E+02  1.679E+02   3.4821E-01  6.5179E-01
2.208E+02  1.690E+02   3.5433E-01  6.4567E-01
2.222E+02  1.701E+02   3.6048E-01  6.3952E-01
2.236E+02  1.712E+02   3.6665E-01  6.3335E-01
2.250E+02  1.722E+02   3.7285E-01  6.2715E-01
2.264E+02  1.733E+02   3.7907E-01  6.2093E-01
2.278E+02  1.744E+02   3.8532E-01  6.1468E-01
2.292E+02  1.754E+02   3.9158E-01  6.0842E-01
2.306E+02  1.765E+02   3.9787E-01  6.0213E-01
2.320E+02  1.776E+02   4.0417E-01  5.9583E-01
2.334E+02  1.787E+02   4.1049E-01  5.8951E-01
2.348E+02  1.797E+02   4.1683E-01  5.8317E-01
2.362E+02  1.808E+02   4.2317E-01  5.7683E-01
2.376E+02  1.819E+02   4.2953E-01  5.7047E-01
2.390E+02  1.829E+02   4.3590E-01  5.6410E-01
2.404E+02  1.840E+02   4.4228E-01  5.5772E-01
2.418E+02  1.851E+02   4.4867E-01  5.5133E-01
2.432E+02  1.862E+02   4.5506E-01  5.4494E-01
2.446E+02  1.872E+02   4.6146E-01  5.3854E-01
2.460E+02  1.883E+02   4.6785E-01  5.3215E-01
2.474E+02  1.894E+02   4.7425E-01  5.2575E-01
2.488E+02  1.904E+02   4.8065E-01  5.1935E-01
2.502E+02  1.915E+02   4.8705E-01  5.1295E-01
2.516E+02  1.926E+02   4.9344E-01  5.0656E-01
2.530E+02  1.937E+02   4.9982E-01  5.0018E-01
2.544E+02  1.947E+02   5.0620E-01  4.9380E-01
2.558E+02  1.958E+02   5.1257E-01  4.8743E-01
2.572E+02  1.969E+02   5.1893E-01  4.8107E-01
2.586E+02  1.979E+02   5.2528E-01  4.7472E-01
2.600E+02  1.990E+02   5.3162E-01  4.6838E-01
2.614E+02  2.001E+02   5.3794E-01  4.6206E-01
2.628E+02  2.012E+02   5.4424E-01  4.5576E-01
2.642E+02  2.022E+02   5.5053E-01  4.4947E-01
2.656E+02  2.033E+02   5.5680E-01  4.4320E-01
2.670E+02  2.044E+02   5.6304E-01  4.3696E-01
2.684E+02  2.054E+02   5.6927E-01  4.3073E-01
2.698E+02  2.065E+02   5.7547E-01  4.2453E-01
2.712E+02  2.076E+02   5.8164E-01  4.1836E-01
2.726E+02  2.087E+02   5.8779E-01  4.1221E-01
2.740E+02  2.097E+02   5.9391E-01  4.0609E-01
2.754E+02  2.108E+02   6.0001E-01  3.9999E-01
2.768E+02  2.119E+02   6.0607E-01  3.9393E-01
2.782E+02  2.129E+02   6.1210E-01  3.8790E-01
2.796E+02  2.140E+02   6.1810E-01  3.8190E-01
2.810E+02  2.151E+02   6.2406E-01  3.7594E-01
2.824E+02  2.162E+02   6.2999E-01  3.7001E-01
2.838E+02  2.172E+02   6.3588E-01  3.6412E-01
2.852E+02  2.183E+02   6.4173E-01  3.5827E-01
2.866E+02  2.194E+02   6.4755E-01  3.5245E-01
2.880E+02  2.204E+02   6.5332E-01  3.4668E-01
2.894E+02  2.215E+02   6.5905E-01  3.4095E-01
2.908E+02  2.226E+02   6.6474E-01  3.3526E-01
2.922E+02  2.237E+02   6.7039E-01  3.2961E-01
2.936E+02  2.247E+02   6.7599E-01  3.2401E-01
2.950E+02  2.258E+02   6.8155E-01  3.1845E-01
2.964E+02  2.269E+02   6.8706E-01  3.1294E-01
2.978E+02  2.279E+02   6.9252E-01  3.0748E-01
2.992E+02  2.290E+02   6.9793E-01  3.0207E-01
3.006E+02  2.301E+02   7.0330E-01  2.9670E-01
3.020E+02  2.312E+02   7.0862E-01  2.9138E-01
3.034E+02  2.322E+02   7.1389E-01  2.8611E-01
3.048E+02  2.333E+02   7.1910E-01  2.8090E-01
3.062E+02  2.344E+02   7.2427E-01  2.7573E-01
3.076E+02  2.354E+02   7.2938E-01  2.7062E-01
3.090E+02  2.365E+02   7.3444E-01  2.6556E-01
3.104E+02  2.376E+02   7.3944E-01  2.6056E-01
3.118E+02  2.387E+02   7.4439E-01  2.5561E-01
3.132E+02  2.397E+02   7.4928E-01  2.5072E-01
3.146E+02  2.408E+02   7.5411E-01  2.4589E-01
3.160E+02  2.419E+02   7.5889E-01  2.4111E-01
3.174E+02  2.430E+02   7.6362E-01  2.3638E-01
3.188E+02  2.440E+02   7.6828E-01  2.3172E-01
3.202E+02  2.451E+02   7.7289E-01  2.2711E-01
3.216E+02  2.462E+02   7.7744E-01  2.2256E-01
3.230E+02  2.472E+02   7.8194E-01  2.1806E-01
3.244E+02  2.483E+02   7.8637E-01  2.1363E-01
3.258E+02  2.494E+02   7.9075E-01  2.0925E-01
3.272E+02  2.505E+02   7.9507E-01  2.0493E-01
3.286E+02  2.515E+02   7.9932E-01  2.0068E-01
3.300E+02  2.526E+02   8.0352E-01  1.9648E-01
3.314E+02  2.537E+02   8.0766E-01  1.9234E-01
3.328E+02  2.547E+02   8.1174E-01  1.8826E-01
3.342E+02  2.558E+02   8.1576E-01  1.8424E-01
3.356E+02  2.569E+02   8.1972E-01  1.8028E-01
3.370E+02  2.580E+02   8.2362E-01  1.7638E-01
3.384E+02  2.590E+02   8.2746E-01  1.7254E-01
3.398E+02  2.601E+02   8.3124E-01  1.6876E-01
3.412E+02  2.612E+02   8.3496E-01  1.6504E-01
3.426E+02  2.622E+02   8.3862E-01  1.6138E-01
3.440E+02  2.633E+02   8.4222E-01  1.5778E-01
3.454E+02  2.644E+02   8.4577E-01  1.5423E-01
3.468E+02  2.655E+02   8.4925E-01  1.5075E-01
3.482E+02  2.665E+02   8.5268E-01  1.4732E-01
3.496E+02  2.676E+02   8.5604E-01  1.4396E-01
3.510E+02  2.687E+02   8.5935E-01  1.4065E-01
3.524E+02  2.697E+02   8.6260E-01  1.3740E-01
3.538E+02  2.708E+02   8.6580E-01  1.3420E-01
3.552E+02  2.719E+02   8.6893E-01  1.3107E-01
3.566E+02  2.730E+02   8.7201E-01  1.2799E-01
3.580E+02  2.740E+02   8.7504E-01  1.2496E-01
3.594E+02  2.751E+02   8.7800E-01  1.2200E-01
3.608E+02  2.762E+02   8.8092E-01  1.1908E-01
3.622E+02  2.772E+02   8.8377E-01  1.1623E-01
3.636E+02  2.783E+02   8.8657E-01  1.1343E-01
3.650E+02  2.794E+02   8.8932E-01  1.1068E-01
3.664E+02  2.805E+02   8.9202E-01  1.0798E-01
3.678E+02  2.815E+02   8.9466E-01  1.0534E-01
3.692E+02  2.826E+02   8.9725E-01  1.0275E-01
3.706E+02  2.837E+02   8.9978E-01  1.0022E-01
3.720E+02  2.847E+02   9.0227E-01  9.7731E-02
3.734E+02  2.858E+02   9.0470E-01  9.5297E-02
3.748E+02  2.869E+02   9.0709E-01  9.2913E-02
3.762E+02  2.880E+02   9.0942E-01  9.0578E-02
3.776E+02  2.890E+02   9.1171E-01  8.8293E-02
3.790E+02  2.901E+02   9.1394E-01  8.6056E-02
3.804E+02  2.912E+02   9.1613E-01  8.3867E-02
3.818E+02  2.922E+02   9.1827E-01  8.1725E-02
3.832E+02  2.933E+02   9.2037E-01  7.9630E-02
3.846E+02  2.944E+02   9.2242E-01  7.7580E-02
3.860E+02  2.955E+02   9.2442E-01  7.5576E-02
3.874E+02  2.965E+02   9.2638E-01  7.3616E-02
3.888E+02  2.976E+02   9.2830E-01  7.1700E-02
3.902E+02  2.987E+02   9.3017E-01  6.9827E-02
3.916E+02  2.997E+02   9.3200E-01  6.7997E-02
3.930E+02  3.008E+02   9.3379E-01  6.6209E-02
3.944E+02  3.019E+02   9.3554E-01  6.4462E-02
3.958E+02  3.030E+02   9.3725E-01  6.2755E-02
3.972E+02  3.040E+02   9.3891E-01  6.1088E-02
3.986E+02  3.051E+02   9.4054E-01  5.9460E-02
4.000E+02  3.062E+02   9.4213E-01  5.7870E-02
4.014E+02  3.072E+02   9.4368E-01  5.6319E-02
4.028E+02  3.083E+02   9.4520E-01  5.4804E-02
4.042E+02  3.094E+02   9.4667E-01  5.3326E-02
4.056E+02  3.105E+02   9.4812E-01  5.1883E-02
4.070E+02  3.115E+02   9.4952E-01  5.0476E-02
4.084E+02  3.126E+02   9.5090E-01  4.9103E-02
4.098E+02  3.137E+02   9.5224E-01  4.7763E-02
4.112E+02  3.147E+02   9.5354E-01  4.6457E-02
4.126E+02  3.158E+02   9.5482E-01  4.5183E-02
4.140E+02  3.169E+02   9.5606E-01  4.3941E-02
4.154E+02  3.180E+02   9.5727E-01  4.2730E-02
4.168E+02  3.190E+02   9.5845E-01  4.1549E-02
4.182E+02  3.201E+02   9.5960E-01  4.0399E-02
4.196E+02  3.212E+02   9.6072E-01  3.9278E-02
4.210E+02  3.223E+02   9.6181E-01  3.8185E-02
4.224E+02  3.233E+02   9.6288E-01  3.7120E-02
4.238E+02  3.244E+02   9.6392E-01  3.6083E-02
4.252E+02  3.255E+02   9.6493E-01  3.5073E-02
4.266E+02  3.265E+02   9.6591E-01  3.4089E-02
4.280E+02  3.276E+02   9.6687E-01  3.3130E-02
4.294E+02  3.287E+02   9.6780E-01  3.2197E-02
4.308E+02  3.298E+02   9.6871E-01  3.1289E-02
4.322E+02  3.308E+02   9.6960E-01  3.0404E-02
4.336E+02  3.319E+02   9.7046E-01  2.9543E-02
4.350E+02  3.330E+02   9.7130E-01  2.8705E-02
4.364E+02  3.340E+02   9.7211E-01  2.7889E-02
4.378E+02  3.351E+02   9.7291E-01  2.7095E-02
4.392E+02  3.362E+02   9.7368E-01  2.6322E-02
4.406E+02  3.373E+02   9.7443E-01  2.5570E-02
4.420E+02  3.383E+02   9.7516E-01  2.4838E-02
4.434E+02  3.394E+02   9.7587E-01  2.4126E-02
4.448E+02  3.405E+02   9.7657E-01  2.3434E-02
4.462E+02  3.415E+02   9.7724E-01  2.2760E-02
4.476E+02  3.426E+02   9.7789E-01  2.2105E-02
4.490E+02  3.437E+02   9.7853E-01  2.1468E-02
4.504E+02  3.448E+02   9.7915E-01  2.0848E-02
4.518E+02  3.458E+02   9.7975E-01  2.0246E-02
4.532E+02  3.469E+02   9.8034E-01  1.9660E-02
4.546E+02  3.480E+02   9.8091E-01  1.9090E-02
4.560E+02  3.490E+02   9.8146E-01  1.8536E-02
4.574E+02  3.501E+02   9.8200E-01  1.7998E-02
4.588E+02  3.512E+02   9.8253E-01  1.7474E-02
4.602E+02  3.523E+02   9.8303E-01  1.6966E-02
4.616E+02  3.533E+02   9.8353E-01  1.6471E-02
4.630E+02  3.544E+02   9.8401E-01  1.5991E-02
4.644E+02  3.555E+02   9.8448E-01  1.5524E-02
4.658E+02  3.565E+02   9.8493E-01  1.5070E-02
4.672E+02  3.576E+02   9.8537E-01  1.4630E-02
4.686E+02  3.587E+02   9.8580E-01  1.4201E-02
4.700E+02  3.598E+02   9.8621E-01  1.3785E-02
4.714E+02  3.608E+02   9.8662E-01  1.3381E-02
4.728E+02  3.619E+02   9.8701E-01  1.2989E-02
4.742E+02  3.630E+02   9.8739E-01  1.2607E-02
4.756E+02  3.640E+02   9.8776E-01  1.2237E-02
4.770E+02  3.651E+02   9.8812E-01  1.1877E-02
4.784E+02  3.662E+02   9.8847E-01  1.1528E-02
4.798E+02  3.673E+02   9.8881E-01  1.1188E-02
4.812E+02  3.683E+02   9.8914E-01  1.0859E-02
4.826E+02  3.694E+02   9.8946E-01  1.0539E-02
4.840E+02  3.705E+02   9.8977E-01  1.0228E-02
4.854E+02  3.715E+02   9.9007E-01  9.9264E-03
4.868E+02  3.726E+02   9.9037E-01  9.6335E-03
4.882E+02  3.737E+02   9.9065E-01  9.3491E-03
4.896E+02  3.748E+02   9.9093E-01  9.0730E-03
4.910E+02  3.758E+02   9.9120E-01  8.8049E-03
4.924E+02  3.769E+02   9.9146E-01  8.5447E-03
4.938E+02  3.780E+02   9.9171E-01  8.2920E-03
4.952E+02  3.790E+02   9.9195E-01  8.0468E-03
4.966E+02  3.801E+02   9.9219E-01  7.8089E-03
4.980E+02  3.812E+02   9.9242E-01  7.5779E-03
4.994E+02  3.823E+02   9.9265E-01  7.3538E-03
5.008E+02  3.833E+02   9.9286E-01  7.1364E-03
5.022E+02  3.844E+02   9.9307E-01  6.9254E-03
5.036E+02  3.855E+02   9.9328E-01  6.7208E-03
5.050E+02  3.865E+02   9.9348E-01  6.5222E-03
5.064E+02  3.876E+02   9.9367E-01  6.3297E-03
5.078E+02  3.887E+02   9.9386E-01  6.1427E-03
5.092E+02  3.898E+02   9.9404E-01  5.9613E-03
5.106E+02  3.908E+02   9.9421E-01  5.7853E-03
5.120E+02  3.919E+02   9.9439E-01  5.6145E-03
5.134E+02  3.930E+02   9.9455E-01  5.4488E-03
5.148E+02  3.940E+02   9.9471E-01  5.2880E-03
5.162E+02  3.951E+02   9.9487E-01  5.1319E-03
5.176E+02  3.962E+02   9.9502E-01  4.9804E-03
5.180E+02  3.965E+02   9.9506E-01  4.9380E-03
