1.3
3
"TRICHLOROETHYLENE#$1$#",131.39,.2,102,87,60.1,.416,1.48,821,4690,1.475
79016
5,-1,0
3.60602214338982E-03,2.43143862346912E-09,6.42042823315924E-06,-1,-1,-1
.0000000001,.0000000001,.0000000001
0,"",0,0
"79016           TCE                                                   ",15,4,50,0,1,1
60.1,.416,-1,-1,98,.43
1,0,-1
"TOLUENE#$1$#",92.14,.2,119,111,84.8195144626615,.384302914173068,.878,419,1660,1.494
108883
5,-1,0
3.38453545465436E-03,1.02422470829352E-10,5.86316797771566E-06,-1,-1,-1
.0000000001,.0000000001,.0000000001
0,"",0,0
"108883          Toluene                                               ",0,4,50,0,1,2
26.1,.44,84.8195144626615,.384302914173068,98,.43
1,0,-1
"TETRACHLOROETHYLENE#$1$#",165.83,.2,119,121,245.6,.458,1.64,66,1060,1.5055
127184
5,-1,0
3.38453545465436E-03,9.54126256154976E-11,5.86316797771566E-06,-1,-1,-1
.0000000001,.0000000001,.0000000001
0,"",0,0
"127184          PCE                                                   ",10,4,50,0,1,1
245.6,.458,-1,-1,98,.43
1,0,-1
1.8,3.658,8500,3.15597133636278E-02,.999750231137907,1.30531118318885E-02,10,1,0,2
"Organic Free Water",1,0,0,0
"Calgon F400 (12x40)",.641,.803,.000513,1,.63,.02766,1.208
-1,-1
1.5,-1
3,8
.0000999936,1440000,1900,3614.4
"m","m","kg","gpm","min"
"g/mL","m"
"mg/mmol","mL/gmol","C","µg/L"
"g/mL","mg/L","Pa","(mg/g)*(L/mg)^(1/n)"
99
28800
.2
.2
.2
43200
.2
.2
.2
57600
.2
.2
.2
72000
.2
.2
.2
86400
.2
.2
.2
100800
.2
.2
.2
115200
.2
.2
.2
129600
.2
.2
.2
144000
.2
.2
.2
158400
.2
.2
.2
172800
.2
.2
.2
187200
.2
.2
.2
201600
.2
.2
.2
216000
.2
.2
.2
230400
.2
.2
.2
244800
.2
.2
.2
259200
.2
.2
.2
273600
.2
.2
.2
288000
.2
.2
.2
302400
.2
.2
.2
316800
.2
.2
.2
331200
.2
.2
.2
345600
.2
.2
.2
360000
.2
.2
.2
374400
.2
.2
.2
388800
.2
.2
.2
403200
.2
.2
.2
417600
.2
.2
.2
432000
.2
.2
.2
446400
.2
.2
.2
460800
.2
.2
.2
475200
.2
.2
.2
489600
.2
.2
.2
504000
.2
.2
.2
518400
.2
.2
.2
532800
.2
.2
.2
547200
.2
.2
.2
561600
.2
.2
.2
576000
.2
.2
.2
590400
.2
.2
.2
604800
.2
.2
.2
619200
.2
.2
.2
633600
.2
.2
.2
648000
.2
.2
.2
662400
.2
.2
.2
676800
.2
.2
.2
691200
.2
.2
.2
705600
.2
.2
.2
720000
.2
.2
.2
734400
.2
.2
.2
748800
.2
.2
.2
763200
.2
.2
.2
777600
.2
.2
.2
792000
.2
.2
.2
806400
.2
.2
.2
820800
.2
.2
.2
835200
.2
.2
.2
849600
.2
.2
.2
864000
.2
.2
.2
878400
.2
.2
.2
892800
.2
.2
.2
907200
.2
.2
.2
921600
.2
.2
.2
936000
.2
.2
.2
950400
.2
.2
.2
964800
.2
.2
.2
979200
.2
.2
.2
993600
.2
.2
.2
1008000
.2
.2
.2
1022400
.2
.2
.2
1036800
.2
.2
.2
1051200
.2
.2
.2
1065600
.2
.2
.2
1080000
.2
.2
.2
1094400
.2
.2
.2
1108800
.2
.2
.2
1123200
.2
.2
.2
1137600
.2
.2
.2
1152000
.2
.2
.2
1166400
.2
.2
.2
1180800
.2
.2
.2
1195200
.2
.2
.2
1209600
.2
.2
.2
1224000
.2
.2
.2
1238400
.2
.2
.2
1252800
.2
.2
.2
1267200
.2
.2
.2
1281600
.2
.2
.2
1296000
.2
.2
.2
1310400
.2
.2
.2
1324800
.2
.2
.2
1339200
.2
.2
.2
1353600
.2
.2
.2
1368000
.2
.2
.2
1382400
.2
.2
.2
1396800
.2
.2
.2
1411200
.2
.2
.2
1425600
.2
.2
.2
1440000
.2
.2
.2
0,3
