 H2O2        
 gmol/L
#TANK TIME(SEC) TIME(MIN) CONC
  1      0.      .0     .100E-02
  1     10.      .2     .995E-03
  1     20.      .3     .990E-03
  1     30.      .5     .985E-03
  1     40.      .7     .980E-03
  1     50.      .8     .975E-03
  1     60.     1.0     .971E-03
  1     70.     1.2     .966E-03
  1     80.     1.3     .961E-03
  1     90.     1.5     .956E-03
  1    100.     1.7     .951E-03
  1    110.     1.8     .946E-03
  1    120.     2.0     .942E-03
  1    130.     2.2     .937E-03
  1    140.     2.3     .932E-03
  1    150.     2.5     .927E-03
  1    160.     2.7     .923E-03
  1    170.     2.8     .918E-03
  1    180.     3.0     .913E-03
  1    190.     3.2     .909E-03
  1    200.     3.3     .904E-03
  1    210.     3.5     .899E-03
  1    220.     3.7     .895E-03
  1    230.     3.8     .890E-03
  1    240.     4.0     .886E-03
  1    250.     4.2     .881E-03
  1    260.     4.3     .877E-03
  1    270.     4.5     .872E-03
  1    280.     4.7     .867E-03
  1    290.     4.8     .863E-03
  1    300.     5.0     .859E-03
  1    310.     5.2     .854E-03
  1    320.     5.3     .850E-03
  1    330.     5.5     .845E-03
  1    340.     5.7     .841E-03
  1    350.     5.8     .836E-03
  1    360.     6.0     .832E-03
  1    370.     6.2     .828E-03
  1    380.     6.3     .823E-03
  1    390.     6.5     .819E-03
  1    400.     6.7     .814E-03
  1    410.     6.8     .810E-03
  1    420.     7.0     .806E-03
  1    430.     7.2     .802E-03
  1    440.     7.3     .797E-03
  1    450.     7.5     .793E-03
  1    460.     7.7     .789E-03
  1    470.     7.8     .785E-03
  1    480.     8.0     .780E-03
  1    490.     8.2     .776E-03
  1    500.     8.3     .772E-03
  1    510.     8.5     .768E-03
  1    520.     8.7     .764E-03
  1    530.     8.8     .760E-03
  1    540.     9.0     .756E-03
  1    550.     9.2     .751E-03
  1    560.     9.3     .747E-03
  1    570.     9.5     .743E-03
  1    580.     9.7     .739E-03
  1    590.     9.8     .735E-03
  1    600.    10.0     .731E-03
  1    610.    10.2     .727E-03
  1    620.    10.3     .723E-03
  1    630.    10.5     .719E-03
  1    640.    10.7     .715E-03
  1    650.    10.8     .711E-03
  1    660.    11.0     .707E-03
  1    670.    11.2     .704E-03
  1    680.    11.3     .700E-03
  1    690.    11.5     .696E-03
  1    700.    11.7     .692E-03
  1    710.    11.8     .688E-03
  1    720.    12.0     .684E-03
  1    730.    12.2     .681E-03
  1    740.    12.3     .677E-03
  1    750.    12.5     .673E-03
  1    760.    12.7     .669E-03
  1    770.    12.8     .665E-03
  1    780.    13.0     .662E-03
  1    790.    13.2     .658E-03
  1    800.    13.3     .654E-03
  1    810.    13.5     .651E-03
  1    820.    13.7     .647E-03
  1    830.    13.8     .643E-03
  1    840.    14.0     .640E-03
  1    850.    14.2     .636E-03
  1    860.    14.3     .632E-03
  1    870.    14.5     .629E-03
  1    880.    14.7     .625E-03
  1    890.    14.8     .622E-03
  1    900.    15.0     .618E-03
  1    910.    15.2     .615E-03
  1    920.    15.3     .611E-03
  1    930.    15.5     .608E-03
  1    940.    15.7     .604E-03
  1    950.    15.8     .601E-03
  1    960.    16.0     .597E-03
  1    970.    16.2     .594E-03
  1    980.    16.3     .590E-03
  1    990.    16.5     .587E-03
  1   1000.    16.7     .584E-03
  1   1010.    16.8     .580E-03
  1   1020.    17.0     .577E-03
  1   1030.    17.2     .574E-03
  1   1040.    17.3     .570E-03
  1   1050.    17.5     .567E-03
  1   1060.    17.7     .564E-03
  1   1070.    17.8     .560E-03
  1   1080.    18.0     .557E-03
  1   1090.    18.2     .554E-03
  1   1100.    18.3     .551E-03
  1   1110.    18.5     .547E-03
  1   1120.    18.7     .544E-03
  1   1130.    18.8     .541E-03
  1   1140.    19.0     .538E-03
  1   1150.    19.2     .535E-03
  1   1160.    19.3     .532E-03
  1   1170.    19.5     .528E-03
  1   1180.    19.7     .525E-03
  1   1190.    19.8     .522E-03
  1   1200.    20.0     .519E-03
  1   1210.    20.2     .516E-03
  1   1220.    20.3     .513E-03
  1   1230.    20.5     .510E-03
  1   1240.    20.7     .507E-03
  1   1250.    20.8     .504E-03
  1   1260.    21.0     .501E-03
  1   1270.    21.2     .498E-03
  1   1280.    21.3     .495E-03
  1   1290.    21.5     .492E-03
  1   1300.    21.7     .489E-03
  1   1310.    21.8     .486E-03
  1   1320.    22.0     .483E-03
  1   1330.    22.2     .480E-03
  1   1340.    22.3     .477E-03
  1   1350.    22.5     .475E-03
  1   1360.    22.7     .472E-03
  1   1370.    22.8     .469E-03
  1   1380.    23.0     .466E-03
  1   1390.    23.2     .463E-03
  1   1400.    23.3     .460E-03
  1   1410.    23.5     .458E-03
  1   1420.    23.7     .455E-03
  1   1430.    23.8     .452E-03
  1   1440.    24.0     .449E-03
  1   1450.    24.2     .447E-03
  1   1460.    24.3     .444E-03
  1   1470.    24.5     .441E-03
  1   1480.    24.7     .439E-03
  1   1490.    24.8     .436E-03
  1   1500.    25.0     .433E-03
  1   1510.    25.2     .431E-03
 END_OF_TANK
 END_OF_FILE
