 DBCP        
 gmol/L
#TANK TIME(SEC) TIME(MIN) CONC
  1      0.      .0     .183E-05
  1     10.      .2     .181E-05
  1     20.      .3     .179E-05
  1     30.      .5     .178E-05
  1     40.      .7     .176E-05
  1     50.      .8     .174E-05
  1     60.     1.0     .172E-05
  1     70.     1.2     .170E-05
  1     80.     1.3     .169E-05
  1     90.     1.5     .167E-05
  1    100.     1.7     .165E-05
  1    110.     1.8     .164E-05
  1    120.     2.0     .162E-05
  1    130.     2.2     .160E-05
  1    140.     2.3     .159E-05
  1    150.     2.5     .157E-05
  1    160.     2.7     .156E-05
  1    170.     2.8     .154E-05
  1    180.     3.0     .153E-05
  1    190.     3.2     .151E-05
  1    200.     3.3     .149E-05
  1    210.     3.5     .148E-05
  1    220.     3.7     .147E-05
  1    230.     3.8     .145E-05
  1    240.     4.0     .144E-05
  1    250.     4.2     .142E-05
  1    260.     4.3     .141E-05
  1    270.     4.5     .139E-05
  1    280.     4.7     .138E-05
  1    290.     4.8     .137E-05
  1    300.     5.0     .135E-05
  1    310.     5.2     .134E-05
  1    320.     5.3     .133E-05
  1    330.     5.5     .131E-05
  1    340.     5.7     .130E-05
  1    350.     5.8     .129E-05
  1    360.     6.0     .127E-05
  1    370.     6.2     .126E-05
  1    380.     6.3     .125E-05
  1    390.     6.5     .124E-05
  1    400.     6.7     .122E-05
  1    410.     6.8     .121E-05
  1    420.     7.0     .120E-05
  1    430.     7.2     .119E-05
  1    440.     7.3     .118E-05
  1    450.     7.5     .117E-05
  1    460.     7.7     .115E-05
  1    470.     7.8     .114E-05
  1    480.     8.0     .113E-05
  1    490.     8.2     .112E-05
  1    500.     8.3     .111E-05
  1    510.     8.5     .110E-05
  1    520.     8.7     .109E-05
  1    530.     8.8     .108E-05
  1    540.     9.0     .107E-05
  1    550.     9.2     .106E-05
  1    560.     9.3     .105E-05
  1    570.     9.5     .104E-05
  1    580.     9.7     .103E-05
  1    590.     9.8     .102E-05
  1    600.    10.0     .101E-05
  1    610.    10.2     .997E-06
  1    620.    10.3     .988E-06
  1    630.    10.5     .978E-06
  1    640.    10.7     .969E-06
  1    650.    10.8     .960E-06
  1    660.    11.0     .951E-06
  1    670.    11.2     .942E-06
  1    680.    11.3     .933E-06
  1    690.    11.5     .924E-06
  1    700.    11.7     .915E-06
  1    710.    11.8     .906E-06
  1    720.    12.0     .898E-06
  1    730.    12.2     .889E-06
  1    740.    12.3     .881E-06
  1    750.    12.5     .873E-06
  1    760.    12.7     .864E-06
  1    770.    12.8     .856E-06
  1    780.    13.0     .848E-06
  1    790.    13.2     .840E-06
  1    800.    13.3     .832E-06
  1    810.    13.5     .825E-06
  1    820.    13.7     .817E-06
  1    830.    13.8     .809E-06
  1    840.    14.0     .802E-06
  1    850.    14.2     .794E-06
  1    860.    14.3     .787E-06
  1    870.    14.5     .780E-06
  1    880.    14.7     .772E-06
  1    890.    14.8     .765E-06
  1    900.    15.0     .758E-06
  1    910.    15.2     .751E-06
  1    920.    15.3     .744E-06
  1    930.    15.5     .738E-06
  1    940.    15.7     .731E-06
  1    950.    15.8     .724E-06
  1    960.    16.0     .718E-06
  1    970.    16.2     .711E-06
  1    980.    16.3     .705E-06
  1    990.    16.5     .698E-06
  1   1000.    16.7     .692E-06
  1   1010.    16.8     .686E-06
  1   1020.    17.0     .679E-06
  1   1030.    17.2     .673E-06
  1   1040.    17.3     .667E-06
  1   1050.    17.5     .661E-06
  1   1060.    17.7     .655E-06
  1   1070.    17.8     .650E-06
  1   1080.    18.0     .644E-06
  1   1090.    18.2     .638E-06
  1   1100.    18.3     .632E-06
  1   1110.    18.5     .627E-06
  1   1120.    18.7     .621E-06
  1   1130.    18.8     .616E-06
  1   1140.    19.0     .610E-06
  1   1150.    19.2     .605E-06
  1   1160.    19.3     .600E-06
  1   1170.    19.5     .594E-06
  1   1180.    19.7     .589E-06
  1   1190.    19.8     .584E-06
  1   1200.    20.0     .579E-06
  1   1210.    20.2     .574E-06
  1   1220.    20.3     .569E-06
  1   1230.    20.5     .564E-06
  1   1240.    20.7     .559E-06
  1   1250.    20.8     .554E-06
  1   1260.    21.0     .550E-06
  1   1270.    21.2     .545E-06
  1   1280.    21.3     .540E-06
  1   1290.    21.5     .536E-06
  1   1300.    21.7     .531E-06
  1   1310.    21.8     .526E-06
  1   1320.    22.0     .522E-06
  1   1330.    22.2     .518E-06
  1   1340.    22.3     .513E-06
  1   1350.    22.5     .509E-06
  1   1360.    22.7     .505E-06
  1   1370.    22.8     .500E-06
  1   1380.    23.0     .496E-06
  1   1390.    23.2     .492E-06
  1   1400.    23.3     .488E-06
  1   1410.    23.5     .484E-06
  1   1420.    23.7     .480E-06
  1   1430.    23.8     .476E-06
  1   1440.    24.0     .472E-06
  1   1450.    24.2     .468E-06
  1   1460.    24.3     .464E-06
  1   1470.    24.5     .460E-06
  1   1480.    24.7     .457E-06
  1   1490.    24.8     .453E-06
  1   1500.    25.0     .449E-06
  1   1510.    25.2     .446E-06
 END_OF_TANK
 END_OF_FILE
