 DBCP        
 gmol/L
#TANK TIME(SEC) TIME(MIN) CONC
  1      0.     0.0    0.183E-05
  1     10.     0.2    0.182E-05
  1     20.     0.3    0.180E-05
  1     30.     0.5    0.179E-05
  1     40.     0.7    0.177E-05
  1     50.     0.8    0.176E-05
  1     60.     1.0    0.175E-05
  1     70.     1.2    0.173E-05
  1     80.     1.3    0.172E-05
  1     90.     1.5    0.170E-05
  1    100.     1.7    0.169E-05
  1    110.     1.8    0.168E-05
  1    120.     2.0    0.166E-05
  1    130.     2.2    0.165E-05
  1    140.     2.3    0.164E-05
  1    150.     2.5    0.163E-05
  1    160.     2.7    0.161E-05
  1    170.     2.8    0.160E-05
  1    180.     3.0    0.159E-05
  1    190.     3.2    0.157E-05
  1    200.     3.3    0.156E-05
  1    210.     3.5    0.155E-05
  1    220.     3.7    0.154E-05
  1    230.     3.8    0.153E-05
  1    240.     4.0    0.151E-05
  1    250.     4.2    0.150E-05
  1    260.     4.3    0.149E-05
  1    270.     4.5    0.148E-05
  1    280.     4.7    0.147E-05
  1    290.     4.8    0.145E-05
  1    300.     5.0    0.144E-05
  1    310.     5.2    0.143E-05
  1    320.     5.3    0.142E-05
  1    330.     5.5    0.141E-05
  1    340.     5.7    0.140E-05
  1    350.     5.8    0.139E-05
  1    360.     6.0    0.138E-05
  1    370.     6.2    0.137E-05
  1    380.     6.3    0.135E-05
  1    390.     6.5    0.134E-05
  1    400.     6.7    0.133E-05
  1    410.     6.8    0.132E-05
  1    420.     7.0    0.131E-05
  1    430.     7.2    0.130E-05
  1    440.     7.3    0.129E-05
  1    450.     7.5    0.128E-05
  1    460.     7.7    0.127E-05
  1    470.     7.8    0.126E-05
  1    480.     8.0    0.125E-05
  1    490.     8.2    0.124E-05
  1    500.     8.3    0.123E-05
  1    510.     8.5    0.122E-05
  1    520.     8.7    0.121E-05
  1    530.     8.8    0.120E-05
  1    540.     9.0    0.119E-05
  1    550.     9.2    0.118E-05
  1    560.     9.3    0.117E-05
  1    570.     9.5    0.117E-05
  1    580.     9.7    0.116E-05
  1    590.     9.8    0.115E-05
  1    600.    10.0    0.114E-05
  1    610.    10.2    0.113E-05
  1    620.    10.3    0.112E-05
  1    630.    10.5    0.111E-05
  1    640.    10.7    0.110E-05
  1    650.    10.8    0.109E-05
  1    660.    11.0    0.109E-05
  1    670.    11.2    0.108E-05
  1    680.    11.3    0.107E-05
  1    690.    11.5    0.106E-05
  1    700.    11.7    0.105E-05
  1    710.    11.8    0.104E-05
  1    720.    12.0    0.104E-05
  1    730.    12.2    0.103E-05
  1    740.    12.3    0.102E-05
  1    750.    12.5    0.101E-05
  1    760.    12.7    0.100E-05
  1    770.    12.8    0.995E-06
  1    780.    13.0    0.987E-06
  1    790.    13.2    0.979E-06
  1    800.    13.3    0.972E-06
  1    810.    13.5    0.964E-06
  1    820.    13.7    0.956E-06
  1    830.    13.8    0.949E-06
  1    840.    14.0    0.941E-06
  1    850.    14.2    0.934E-06
  1    860.    14.3    0.927E-06
  1    870.    14.5    0.919E-06
  1    880.    14.7    0.912E-06
  1    890.    14.8    0.905E-06
  1    900.    15.0    0.898E-06
  1    910.    15.2    0.891E-06
  1    920.    15.3    0.884E-06
  1    930.    15.5    0.877E-06
  1    940.    15.7    0.870E-06
  1    950.    15.8    0.863E-06
  1    960.    16.0    0.856E-06
  1    970.    16.2    0.849E-06
  1    980.    16.3    0.843E-06
  1    990.    16.5    0.836E-06
  1   1000.    16.7    0.829E-06
  1   1010.    16.8    0.823E-06
  1   1020.    17.0    0.816E-06
  1   1030.    17.2    0.810E-06
  1   1040.    17.3    0.804E-06
  1   1050.    17.5    0.797E-06
  1   1060.    17.7    0.791E-06
  1   1070.    17.8    0.785E-06
  1   1080.    18.0    0.779E-06
  1   1090.    18.2    0.772E-06
  1   1100.    18.3    0.766E-06
  1   1110.    18.5    0.760E-06
  1   1120.    18.7    0.754E-06
  1   1130.    18.8    0.748E-06
  1   1140.    19.0    0.743E-06
  1   1150.    19.2    0.737E-06
  1   1160.    19.3    0.731E-06
  1   1170.    19.5    0.725E-06
  1   1180.    19.7    0.719E-06
  1   1190.    19.8    0.714E-06
  1   1200.    20.0    0.708E-06
  1   1210.    20.2    0.702E-06
  1   1220.    20.3    0.697E-06
  1   1230.    20.5    0.691E-06
  1   1240.    20.7    0.686E-06
  1   1250.    20.8    0.681E-06
  1   1260.    21.0    0.675E-06
  1   1270.    21.2    0.670E-06
  1   1280.    21.3    0.665E-06
  1   1290.    21.5    0.659E-06
  1   1300.    21.7    0.654E-06
  1   1310.    21.8    0.649E-06
  1   1320.    22.0    0.644E-06
  1   1330.    22.2    0.639E-06
  1   1340.    22.3    0.634E-06
  1   1350.    22.5    0.629E-06
  1   1360.    22.7    0.624E-06
  1   1370.    22.8    0.619E-06
  1   1380.    23.0    0.614E-06
  1   1390.    23.2    0.609E-06
  1   1400.    23.3    0.604E-06
  1   1410.    23.5    0.600E-06
  1   1420.    23.7    0.595E-06
  1   1430.    23.8    0.590E-06
  1   1440.    24.0    0.586E-06
  1   1450.    24.2    0.581E-06
  1   1460.    24.3    0.576E-06
  1   1470.    24.5    0.572E-06
  1   1480.    24.7    0.567E-06
  1   1490.    24.8    0.563E-06
  1   1500.    25.0    0.558E-06
  1   1510.    25.2    0.554E-06
 END_OF_TANK
 END_OF_FILE
