Variable Influent Data to Bed Number 2 is given below:
Time   Cin(1,T)    Cin(2, T)   Cin(3, T)   Cin(4, T)   Cin(5, T)   Cin(6, T)
(min)  (mg/L)      (mg/L)      (mg/L)      (mg/L)      (mg/L)      (mg/L)
0.0    2.258E-01   3.331E+02
0.7    2.912E+01   3.118E+02
1.3    7.764E+01   2.760E+02
2.0    1.229E+02   2.426E+02
2.6    1.397E+02   2.302E+02
3.3    1.466E+02   2.250E+02
3.9    1.541E+02   2.195E+02
4.6    1.634E+02   2.127E+02
5.2    1.746E+02   2.044E+02
5.9    1.876E+02   1.948E+02
6.5    2.018E+02   1.844E+02
7.2    2.162E+02   1.737E+02
7.8    2.305E+02   1.632E+02
8.5    2.442E+02   1.530E+02
9.1    2.572E+02   1.435E+02
9.8    2.691E+02   1.346E+02
10.4   2.799E+02   1.267E+02
11.1   2.891E+02   1.199E+02
11.7   2.967E+02   1.143E+02
12.4   3.023E+02   1.101E+02
13.0   3.069E+02   1.067E+02
13.7   3.101E+02   1.044E+02
14.3   3.125E+02   1.026E+02
15.0   3.145E+02   1.011E+02
15.6   3.161E+02   9.993E+01
16.3   3.176E+02   9.882E+01
16.9   3.190E+02   9.778E+01
17.6   3.205E+02   9.671E+01
18.2   3.220E+02   9.561E+01
18.9   3.236E+02   9.443E+01
19.5   3.253E+02   9.317E+01
20.2   3.271E+02   9.183E+01
20.8   3.290E+02   9.041E+01
21.5   3.311E+02   8.890E+01
22.1   3.332E+02   8.731E+01
22.8   3.355E+02   8.564E+01
23.4   3.379E+02   8.389E+01
24.1   3.403E+02   8.207E+01
24.7   3.429E+02   8.019E+01
25.4   3.455E+02   7.826E+01
26.0   3.482E+02   7.629E+01
26.7   3.509E+02   7.428E+01
27.3   3.536E+02   7.227E+01
28.0   3.563E+02   7.027E+01
28.6   3.590E+02   6.829E+01
29.3   3.617E+02   6.634E+01
29.9   3.642E+02   6.443E+01
30.6   3.667E+02   6.259E+01
31.2   3.691E+02   6.082E+01
31.9   3.714E+02   5.912E+01
32.5   3.736E+02   5.751E+01
33.2   3.757E+02   5.599E+01
33.8   3.776E+02   5.454E+01
34.5   3.795E+02   5.319E+01
35.1   3.812E+02   5.194E+01
35.8   3.827E+02   5.079E+01
36.4   3.842E+02   4.972E+01
37.1   3.855E+02   4.875E+01
37.7   3.867E+02   4.787E+01
38.4   3.878E+02   4.707E+01
39.0   3.888E+02   4.633E+01
39.7   3.897E+02   4.566E+01
40.3   3.905E+02   4.506E+01
41.0   3.912E+02   4.451E+01
41.6   3.919E+02   4.402E+01
42.3   3.925E+02   4.357E+01
42.9   3.930E+02   4.317E+01
43.6   3.936E+02   4.277E+01
44.2   3.941E+02   4.239E+01
44.9   3.946E+02   4.202E+01
45.5   3.951E+02   4.166E+01
46.2   3.955E+02   4.133E+01
46.8   3.960E+02   4.100E+01
47.5   3.964E+02   4.066E+01
48.1   3.969E+02   4.033E+01
48.8   3.973E+02   4.000E+01
49.4   3.978E+02   3.966E+01
50.1   3.983E+02   3.932E+01
50.7   3.987E+02   3.897E+01
51.4   3.992E+02   3.860E+01
52.0   3.997E+02   3.823E+01
52.7   4.003E+02   3.785E+01
53.3   4.008E+02   3.745E+01
54.0   4.014E+02   3.703E+01
54.6   4.019E+02   3.660E+01
55.3   4.025E+02   3.616E+01
55.9   4.032E+02   3.571E+01
56.6   4.038E+02   3.524E+01
57.2   4.044E+02   3.475E+01
57.9   4.051E+02   3.425E+01
58.5   4.058E+02   3.375E+01
59.2   4.065E+02   3.323E+01
59.8   4.072E+02   3.270E+01
60.5   4.080E+02   3.216E+01
61.1   4.087E+02   3.161E+01
61.8   4.095E+02   3.106E+01
62.4   4.102E+02   3.049E+01
63.1   4.110E+02   2.993E+01
63.7   4.118E+02   2.935E+01
64.4   4.125E+02   2.877E+01
65.0   4.133E+02   2.820E+01
65.7   4.141E+02   2.763E+01
66.3   4.149E+02   2.706E+01
67.0   4.156E+02   2.649E+01
67.6   4.164E+02   2.593E+01
68.3   4.172E+02   2.538E+01
68.9   4.179E+02   2.483E+01
69.6   4.186E+02   2.429E+01
70.2   4.193E+02   2.377E+01
70.9   4.200E+02   2.325E+01
71.5   4.207E+02   2.275E+01
72.2   4.214E+02   2.226E+01
72.8   4.220E+02   2.179E+01
73.5   4.226E+02   2.133E+01
74.1   4.232E+02   2.089E+01
74.8   4.238E+02   2.047E+01
75.4   4.243E+02   2.006E+01
76.1   4.249E+02   1.967E+01
76.7   4.254E+02   1.929E+01
77.4   4.259E+02   1.893E+01
78.0   4.263E+02   1.859E+01
78.7   4.268E+02   1.827E+01
79.3   4.272E+02   1.796E+01
80.0   4.276E+02   1.766E+01
80.6   4.280E+02   1.738E+01
81.3   4.284E+02   1.711E+01
81.9   4.287E+02   1.685E+01
82.6   4.290E+02   1.660E+01
83.2   4.293E+02   1.637E+01
83.9   4.297E+02   1.614E+01
84.5   4.300E+02   1.592E+01
85.2   4.302E+02   1.571E+01
85.8   4.305E+02   1.550E+01
86.5   4.308E+02   1.530E+01
87.1   4.311E+02   1.510E+01
87.8   4.314E+02   1.489E+01
88.4   4.316E+02   1.468E+01
89.1   4.319E+02   1.447E+01
89.7   4.322E+02   1.425E+01
90.4   4.325E+02   1.403E+01
91.0   4.328E+02   1.381E+01
91.7   4.331E+02   1.359E+01
92.3   4.334E+02   1.338E+01
93.0   4.337E+02   1.317E+01
93.6   4.340E+02   1.295E+01
94.3   4.343E+02   1.274E+01
94.9   4.346E+02   1.252E+01
95.6   4.349E+02   1.228E+01
96.2   4.352E+02   1.203E+01
96.9   4.356E+02   1.177E+01
97.5   4.360E+02   1.149E+01
98.2   4.364E+02   1.119E+01
98.8   4.368E+02   1.090E+01
99.5   4.372E+02   1.060E+01
100.1  4.376E+02   1.029E+01
100.8  4.380E+02   9.967E+00
101.4  4.385E+02   9.636E+00
102.1  4.389E+02   9.296E+00
102.7  4.394E+02   8.961E+00
103.4  4.398E+02   8.622E+00
104.0  4.403E+02   8.282E+00
104.7  4.408E+02   7.940E+00
105.3  4.412E+02   7.599E+00
106.0  4.417E+02   7.258E+00
106.6  4.422E+02   6.919E+00
107.3  4.426E+02   6.583E+00
107.9  4.431E+02   6.251E+00
108.6  4.435E+02   5.923E+00
109.2  4.439E+02   5.601E+00
109.9  4.444E+02   5.286E+00
110.5  4.448E+02   4.978E+00
111.2  4.452E+02   4.678E+00
111.8  4.456E+02   4.388E+00
112.5  4.460E+02   4.109E+00
113.1  4.463E+02   3.840E+00
113.8  4.467E+02   3.582E+00
114.4  4.470E+02   3.333E+00
115.1  4.473E+02   3.097E+00
115.7  4.476E+02   2.872E+00
116.4  4.479E+02   2.661E+00
117.0  4.482E+02   2.464E+00
117.7  4.484E+02   2.277E+00
118.3  4.487E+02   2.100E+00
119.0  4.489E+02   1.935E+00
119.6  4.491E+02   1.782E+00
120.3  4.493E+02   1.641E+00
120.9  4.495E+02   1.513E+00
121.6  4.496E+02   1.392E+00
122.2  4.498E+02   1.280E+00
122.9  4.499E+02   1.178E+00
123.5  4.501E+02   1.084E+00
124.2  4.502E+02   9.994E-01
124.8  4.503E+02   9.228E-01
125.5  4.504E+02   8.511E-01
126.1  4.505E+02   7.855E-01
126.8  4.505E+02   7.256E-01
127.4  4.506E+02   6.707E-01
128.1  4.507E+02   6.203E-01
128.7  4.508E+02   5.741E-01
129.4  4.508E+02   5.319E-01
130.0  4.509E+02   4.930E-01
130.7  4.509E+02   4.567E-01
131.3  4.510E+02   4.226E-01
132.0  4.510E+02   3.903E-01
132.6  4.510E+02   3.605E-01
133.3  4.511E+02   3.340E-01
133.9  4.511E+02   3.094E-01
134.6  4.511E+02   2.864E-01
135.2  4.512E+02   2.647E-01
135.9  4.512E+02   2.441E-01
136.5  4.512E+02   2.258E-01
137.2  4.512E+02   2.100E-01
137.8  4.513E+02   1.959E-01
138.5  4.513E+02   1.833E-01
139.1  4.513E+02   1.722E-01
139.8  4.513E+02   1.626E-01
140.4  4.513E+02   1.533E-01
141.1  4.513E+02   1.444E-01
141.7  4.513E+02   1.360E-01
142.4  4.514E+02   1.280E-01
143.0  4.514E+02   1.201E-01
143.7  4.514E+02   1.122E-01
144.3  4.514E+02   1.058E-01
145.0  4.514E+02   9.989E-02
145.6  4.514E+02   9.438E-02
146.3  4.514E+02   8.923E-02
146.9  4.514E+02   8.439E-02
147.6  4.514E+02   7.988E-02
148.2  4.514E+02   7.607E-02
148.9  4.514E+02   7.268E-02
149.5  4.514E+02   6.968E-02
150.2  4.514E+02   6.707E-02
150.8  4.514E+02   6.483E-02
151.5  4.514E+02   6.147E-02
152.1  4.514E+02   5.996E-02
152.8  4.515E+02   5.832E-02
153.4  4.515E+02   5.654E-02
154.1  4.515E+02   5.463E-02
154.7  4.515E+02   5.259E-02
155.4  4.515E+02   5.090E-02
156.0  4.515E+02   4.971E-02
156.7  4.515E+02   4.856E-02
157.3  4.515E+02   4.747E-02
158.0  4.515E+02   4.643E-02
158.6  4.515E+02   4.544E-02
159.3  4.515E+02   4.450E-02
159.9  4.515E+02   4.361E-02
160.6  4.515E+02   4.277E-02
161.2  4.515E+02   4.199E-02
161.9  4.515E+02   4.126E-02
162.5  4.515E+02   4.060E-02
163.2  4.515E+02   4.000E-02
163.8  4.515E+02   3.945E-02
164.5  4.515E+02   3.895E-02
165.1  4.515E+02   3.852E-02
165.8  4.515E+02   3.813E-02
166.4  4.515E+02   3.780E-02
167.1  4.515E+02   3.753E-02
167.7  4.515E+02   3.731E-02
168.4  4.515E+02   3.708E-02
169.0  4.515E+02   3.681E-02
169.7  4.515E+02   3.656E-02
170.3  4.515E+02   3.635E-02
171.0  4.515E+02   3.617E-02
171.6  4.515E+02   3.601E-02
172.3  4.515E+02   3.588E-02
172.9  4.515E+02   3.578E-02



Variable Influent Data to Bed Number 3 is given below:
Time   Cin(1,T)    Cin(2, T)   Cin(3, T)   Cin(4, T)   Cin(5, T)   Cin(6, T)
(min)  (mg/L)      (mg/L)      (mg/L)      (mg/L)      (mg/L)      (mg/L)
0.0    2.258E-01   3.331E+02
0.7    4.552E-01   3.329E+02
1.3    1.434E+00   3.322E+02
2.0    3.112E+00   3.310E+02
2.6    5.803E+00   3.290E+02
3.3    9.701E+00   3.261E+02
3.9    1.510E+01   3.221E+02
4.6    2.234E+01   3.168E+02
5.2    3.153E+01   3.100E+02
5.9    4.227E+01   3.021E+02
6.5    5.331E+01   2.939E+02
7.2    6.297E+01   2.868E+02
7.8    7.061E+01   2.811E+02
8.5    7.698E+01   2.764E+02
9.1    8.297E+01   2.720E+02
9.8    8.928E+01   2.674E+02
10.4   9.586E+01   2.625E+02
11.1   1.028E+02   2.574E+02
11.7   1.100E+02   2.521E+02
12.4   1.173E+02   2.467E+02
13.0   1.250E+02   2.410E+02
13.7   1.327E+02   2.353E+02
14.3   1.406E+02   2.295E+02
15.0   1.485E+02   2.237E+02
15.6   1.563E+02   2.179E+02
16.3   1.640E+02   2.122E+02
16.9   1.716E+02   2.066E+02
17.6   1.791E+02   2.011E+02
18.2   1.863E+02   1.958E+02
18.9   1.933E+02   1.906E+02
19.5   1.999E+02   1.857E+02
20.2   2.061E+02   1.812E+02
20.8   2.119E+02   1.768E+02
21.5   2.172E+02   1.729E+02
22.1   2.220E+02   1.694E+02
22.8   2.264E+02   1.662E+02
23.4   2.302E+02   1.633E+02
24.1   2.337E+02   1.607E+02
24.7   2.369E+02   1.584E+02
25.4   2.399E+02   1.562E+02
26.0   2.427E+02   1.541E+02
26.7   2.454E+02   1.521E+02
27.3   2.482E+02   1.501E+02
28.0   2.511E+02   1.479E+02
28.6   2.539E+02   1.459E+02
29.3   2.567E+02   1.438E+02
29.9   2.596E+02   1.417E+02
30.6   2.624E+02   1.396E+02
31.2   2.652E+02   1.375E+02
31.9   2.681E+02   1.354E+02
32.5   2.709E+02   1.333E+02
33.2   2.737E+02   1.312E+02
33.8   2.766E+02   1.291E+02
34.5   2.794E+02   1.270E+02
35.1   2.822E+02   1.250E+02
35.8   2.850E+02   1.229E+02
36.4   2.878E+02   1.208E+02
37.1   2.906E+02   1.188E+02
37.7   2.934E+02   1.167E+02
38.4   2.961E+02   1.147E+02
39.0   2.988E+02   1.127E+02
39.7   3.015E+02   1.108E+02
40.3   3.041E+02   1.088E+02
41.0   3.067E+02   1.069E+02
41.6   3.093E+02   1.050E+02
42.3   3.118E+02   1.032E+02
42.9   3.142E+02   1.014E+02
43.6   3.166E+02   9.960E+01
44.2   3.189E+02   9.787E+01
44.9   3.212E+02   9.619E+01
45.5   3.234E+02   9.456E+01
46.2   3.256E+02   9.297E+01
46.8   3.277E+02   9.143E+01
47.5   3.297E+02   8.996E+01
48.1   3.316E+02   8.854E+01
48.8   3.334E+02   8.717E+01
49.4   3.352E+02   8.586E+01
50.1   3.369E+02   8.461E+01
50.7   3.385E+02   8.341E+01
51.4   3.401E+02   8.227E+01
52.0   3.416E+02   8.116E+01
52.7   3.430E+02   8.010E+01
53.3   3.444E+02   7.909E+01
54.0   3.457E+02   7.813E+01
54.6   3.469E+02   7.720E+01
55.3   3.481E+02   7.632E+01
55.9   3.493E+02   7.548E+01
56.6   3.504E+02   7.466E+01
57.2   3.515E+02   7.384E+01
57.9   3.526E+02   7.303E+01
58.5   3.537E+02   7.224E+01
59.2   3.547E+02   7.146E+01
59.8   3.558E+02   7.069E+01
60.5   3.568E+02   6.993E+01
61.1   3.578E+02   6.918E+01
61.8   3.588E+02   6.842E+01
62.4   3.599E+02   6.766E+01
63.1   3.609E+02   6.689E+01
63.7   3.619E+02   6.613E+01
64.4   3.630E+02   6.536E+01
65.0   3.640E+02   6.458E+01
65.7   3.651E+02   6.380E+01
66.3   3.661E+02   6.302E+01
67.0   3.672E+02   6.223E+01
67.6   3.683E+02   6.144E+01
68.3   3.694E+02   6.064E+01
68.9   3.705E+02   5.984E+01
69.6   3.715E+02   5.904E+01
70.2   3.726E+02   5.824E+01
70.9   3.737E+02   5.743E+01
71.5   3.748E+02   5.662E+01
72.2   3.759E+02   5.582E+01
72.8   3.770E+02   5.501E+01
73.5   3.781E+02   5.420E+01
74.1   3.792E+02   5.339E+01
74.8   3.803E+02   5.259E+01
75.4   3.814E+02   5.179E+01
76.1   3.824E+02   5.099E+01
76.7   3.835E+02   5.020E+01
77.4   3.846E+02   4.941E+01
78.0   3.856E+02   4.863E+01
78.7   3.867E+02   4.785E+01
79.3   3.878E+02   4.707E+01
80.0   3.888E+02   4.629E+01
80.6   3.899E+02   4.551E+01
81.3   3.909E+02   4.474E+01
81.9   3.920E+02   4.397E+01
82.6   3.930E+02   4.322E+01
83.2   3.940E+02   4.247E+01
83.9   3.950E+02   4.174E+01
84.5   3.959E+02   4.102E+01
85.2   3.969E+02   4.032E+01
85.8   3.978E+02   3.962E+01
86.5   3.988E+02   3.893E+01
87.1   3.997E+02   3.825E+01
87.8   4.006E+02   3.758E+01
88.4   4.015E+02   3.693E+01
89.1   4.024E+02   3.628E+01
89.7   4.032E+02   3.564E+01
90.4   4.041E+02   3.501E+01
91.0   4.049E+02   3.439E+01
91.7   4.058E+02   3.377E+01
92.3   4.066E+02   3.317E+01
93.0   4.074E+02   3.258E+01
93.6   4.082E+02   3.199E+01
94.3   4.090E+02   3.142E+01
94.9   4.097E+02   3.085E+01
95.6   4.105E+02   3.030E+01
96.2   4.112E+02   2.975E+01
96.9   4.119E+02   2.922E+01
97.5   4.127E+02   2.869E+01
98.2   4.134E+02   2.816E+01
98.8   4.141E+02   2.762E+01
99.5   4.148E+02   2.708E+01
100.1  4.156E+02   2.655E+01
100.8  4.163E+02   2.601E+01
101.4  4.170E+02   2.547E+01
102.1  4.178E+02   2.493E+01
102.7  4.185E+02   2.440E+01
103.4  4.192E+02   2.387E+01
104.0  4.199E+02   2.334E+01
104.7  4.206E+02   2.282E+01
105.3  4.213E+02   2.230E+01
106.0  4.220E+02   2.178E+01
106.6  4.227E+02   2.127E+01
107.3  4.234E+02   2.075E+01
107.9  4.241E+02   2.025E+01
108.6  4.248E+02   1.974E+01
109.2  4.255E+02   1.924E+01
109.9  4.261E+02   1.875E+01
110.5  4.268E+02   1.825E+01
111.2  4.275E+02   1.775E+01
111.8  4.282E+02   1.725E+01
112.5  4.288E+02   1.675E+01
113.1  4.295E+02   1.625E+01
113.8  4.302E+02   1.575E+01
114.4  4.309E+02   1.525E+01
115.1  4.315E+02   1.475E+01
115.7  4.322E+02   1.426E+01
116.4  4.329E+02   1.378E+01
117.0  4.335E+02   1.329E+01
117.7  4.342E+02   1.282E+01
118.3  4.348E+02   1.234E+01
119.0  4.354E+02   1.187E+01
119.6  4.361E+02   1.141E+01
120.3  4.367E+02   1.095E+01
120.9  4.373E+02   1.050E+01
121.6  4.379E+02   1.005E+01
122.2  4.385E+02   9.606E+00
122.9  4.391E+02   9.170E+00
123.5  4.397E+02   8.741E+00
124.2  4.403E+02   8.319E+00
124.8  4.408E+02   7.903E+00
125.5  4.414E+02   7.496E+00
126.1  4.419E+02   7.096E+00
126.8  4.424E+02   6.706E+00
127.4  4.430E+02   6.327E+00
128.1  4.435E+02   5.958E+00
128.7  4.439E+02   5.600E+00
129.4  4.444E+02   5.254E+00
130.0  4.449E+02   4.919E+00
130.7  4.453E+02   4.598E+00
131.3  4.457E+02   4.290E+00
132.0  4.461E+02   3.995E+00
132.6  4.465E+02   3.715E+00
133.3  4.469E+02   3.449E+00
133.9  4.472E+02   3.199E+00
134.6  4.475E+02   2.961E+00
135.2  4.478E+02   2.736E+00
135.9  4.481E+02   2.526E+00
136.5  4.484E+02   2.331E+00
137.2  4.486E+02   2.151E+00
137.8  4.488E+02   1.986E+00
138.5  4.491E+02   1.830E+00
139.1  4.492E+02   1.687E+00
139.8  4.494E+02   1.556E+00
140.4  4.496E+02   1.437E+00
141.1  4.497E+02   1.330E+00
141.7  4.499E+02   1.234E+00
142.4  4.500E+02   1.140E+00
143.0  4.501E+02   1.051E+00
143.7  4.502E+02   9.687E-01
144.3  4.503E+02   8.904E-01
145.0  4.504E+02   8.156E-01
145.6  4.505E+02   7.446E-01
146.3  4.506E+02   6.847E-01
146.9  4.507E+02   6.305E-01
147.6  4.507E+02   5.815E-01
148.2  4.508E+02   5.376E-01
148.9  4.509E+02   4.985E-01
149.5  4.509E+02   4.635E-01
150.2  4.509E+02   4.305E-01
150.8  4.510E+02   4.003E-01
151.5  4.510E+02   3.725E-01
152.1  4.511E+02   3.467E-01
152.8  4.511E+02   3.224E-01
153.4  4.511E+02   2.998E-01
154.1  4.512E+02   2.797E-01
154.7  4.512E+02   2.609E-01
155.4  4.512E+02   2.431E-01
156.0  4.512E+02   2.260E-01
156.7  4.512E+02   2.093E-01
157.3  4.513E+02   1.939E-01
158.0  4.513E+02   1.806E-01
158.6  4.513E+02   1.683E-01
159.3  4.513E+02   1.570E-01
159.9  4.513E+02   1.464E-01
160.6  4.513E+02   1.366E-01
161.2  4.514E+02   1.277E-01
161.9  4.514E+02   1.196E-01
162.5  4.514E+02   1.122E-01
163.2  4.514E+02   1.055E-01
163.8  4.514E+02   9.928E-02
164.5  4.514E+02   9.360E-02
165.1  4.514E+02   8.847E-02
165.8  4.514E+02   8.387E-02
166.4  4.514E+02   7.970E-02
167.1  4.514E+02   7.591E-02
167.7  4.514E+02   7.245E-02
168.4  4.514E+02   6.928E-02
169.0  4.514E+02   6.551E-02
169.7  4.514E+02   6.336E-02
170.3  4.514E+02   6.125E-02
171.0  4.514E+02   5.919E-02
171.6  4.515E+02   5.717E-02
172.3  4.515E+02   5.520E-02
172.9  4.515E+02   5.350E-02
173.6  4.515E+02   5.197E-02
174.2  4.515E+02   5.053E-02
174.9  4.515E+02   4.920E-02
175.5  4.515E+02   4.797E-02
176.2  4.515E+02   4.683E-02
176.8  4.515E+02   4.580E-02
177.5  4.515E+02   4.486E-02
178.1  4.515E+02   4.403E-02
178.8  4.515E+02   4.330E-02
179.4  4.515E+02   4.251E-02
180.1  4.515E+02   4.175E-02
180.7  4.515E+02   4.105E-02
181.4  4.515E+02   4.041E-02
182.0  4.515E+02   3.984E-02
182.7  4.515E+02   3.933E-02
183.3  4.515E+02   3.888E-02
184.0  4.515E+02   3.850E-02
184.6  4.515E+02   3.818E-02
185.3  4.515E+02   3.792E-02
185.9  4.515E+02   3.761E-02
186.6  4.515E+02   3.729E-02
187.2  4.515E+02   3.701E-02
187.9  4.515E+02   3.676E-02
188.5  4.515E+02   3.654E-02
189.2  4.515E+02   3.636E-02
189.8  4.515E+02   3.622E-02
190.5  4.515E+02   3.610E-02
191.1  4.515E+02   3.602E-02
191.8  4.515E+02   3.598E-02
192.4  4.515E+02   3.527E-02



Variable Influent Data to Bed Number 4 is given below:
Time   Cin(1,T)    Cin(2, T)   Cin(3, T)   Cin(4, T)   Cin(5, T)   Cin(6, T)
(min)  (mg/L)      (mg/L)      (mg/L)      (mg/L)      (mg/L)      (mg/L)
0.0    2.258E-01   3.331E+02
0.7    2.258E-01   3.331E+02
1.3    2.258E-01   3.331E+02
2.0    2.258E-01   3.331E+02
2.6    2.258E-01   3.331E+02
3.3    2.258E-01   3.331E+02
3.9    2.598E-01   3.331E+02
4.6    4.035E-01   3.330E+02
5.2    6.127E-01   3.328E+02
5.9    9.161E-01   3.326E+02
6.5    1.349E+00   3.323E+02
7.2    1.964E+00   3.318E+02
7.8    2.831E+00   3.312E+02
8.5    3.980E+00   3.303E+02
9.1    5.488E+00   3.292E+02
9.8    7.464E+00   3.278E+02
10.4   1.001E+01   3.259E+02
11.1   1.322E+01   3.235E+02
11.7   1.714E+01   3.206E+02
12.4   2.175E+01   3.172E+02
13.0   2.693E+01   3.134E+02
13.7   3.244E+01   3.093E+02
14.3   3.784E+01   3.053E+02
15.0   4.274E+01   3.017E+02
15.6   4.698E+01   2.986E+02
16.3   5.073E+01   2.958E+02
16.9   5.410E+01   2.933E+02
17.6   5.739E+01   2.909E+02
18.2   6.078E+01   2.884E+02
18.9   6.436E+01   2.858E+02
19.5   6.808E+01   2.830E+02
20.2   7.198E+01   2.801E+02
20.8   7.610E+01   2.771E+02
21.5   8.043E+01   2.739E+02
22.1   8.499E+01   2.705E+02
22.8   8.977E+01   2.670E+02
23.4   9.475E+01   2.633E+02
24.1   9.992E+01   2.595E+02
24.7   1.052E+02   2.556E+02
25.4   1.106E+02   2.517E+02
26.0   1.160E+02   2.477E+02
26.7   1.215E+02   2.436E+02
27.3   1.271E+02   2.394E+02
28.0   1.328E+02   2.352E+02
28.6   1.386E+02   2.310E+02
29.3   1.443E+02   2.267E+02
29.9   1.501E+02   2.225E+02
30.6   1.557E+02   2.184E+02
31.2   1.612E+02   2.143E+02
31.9   1.665E+02   2.104E+02
32.5   1.716E+02   2.066E+02
33.2   1.765E+02   2.030E+02
33.8   1.811E+02   1.996E+02
34.5   1.854E+02   1.965E+02
35.1   1.893E+02   1.935E+02
35.8   1.930E+02   1.908E+02
36.4   1.964E+02   1.883E+02
37.1   1.996E+02   1.860E+02
37.7   2.025E+02   1.838E+02
38.4   2.053E+02   1.818E+02
39.0   2.079E+02   1.798E+02
39.7   2.105E+02   1.779E+02
40.3   2.130E+02   1.760E+02
41.0   2.155E+02   1.742E+02
41.6   2.180E+02   1.723E+02
42.3   2.205E+02   1.705E+02
42.9   2.229E+02   1.687E+02
43.6   2.253E+02   1.669E+02
44.2   2.278E+02   1.651E+02
44.9   2.303E+02   1.633E+02
45.5   2.328E+02   1.615E+02
46.2   2.352E+02   1.596E+02
46.8   2.377E+02   1.578E+02
47.5   2.402E+02   1.560E+02
48.1   2.427E+02   1.541E+02
48.8   2.452E+02   1.523E+02
49.4   2.477E+02   1.504E+02
50.1   2.502E+02   1.486E+02
50.7   2.527E+02   1.467E+02
51.4   2.553E+02   1.449E+02
52.0   2.578E+02   1.430E+02
52.7   2.604E+02   1.411E+02
53.3   2.629E+02   1.392E+02
54.0   2.654E+02   1.374E+02
54.6   2.680E+02   1.355E+02
55.3   2.705E+02   1.336E+02
55.9   2.730E+02   1.318E+02
56.6   2.755E+02   1.299E+02
57.2   2.780E+02   1.281E+02
57.9   2.805E+02   1.263E+02
58.5   2.829E+02   1.245E+02
59.2   2.854E+02   1.227E+02
59.8   2.878E+02   1.209E+02
60.5   2.902E+02   1.191E+02
61.1   2.925E+02   1.174E+02
61.8   2.948E+02   1.157E+02
62.4   2.971E+02   1.140E+02
63.1   2.993E+02   1.124E+02
63.7   3.014E+02   1.108E+02
64.4   3.036E+02   1.092E+02
65.0   3.057E+02   1.077E+02
65.7   3.077E+02   1.062E+02
66.3   3.097E+02   1.047E+02
67.0   3.116E+02   1.033E+02
67.6   3.135E+02   1.019E+02
68.3   3.153E+02   1.005E+02
68.9   3.171E+02   9.924E+01
69.6   3.188E+02   9.798E+01
70.2   3.205E+02   9.675E+01
70.9   3.221E+02   9.556E+01
71.5   3.236E+02   9.441E+01
72.2   3.251E+02   9.329E+01
72.8   3.266E+02   9.221E+01
73.5   3.281E+02   9.112E+01
74.1   3.295E+02   9.005E+01
74.8   3.310E+02   8.899E+01
75.4   3.323E+02   8.797E+01
76.1   3.337E+02   8.697E+01
76.7   3.350E+02   8.600E+01
77.4   3.363E+02   8.506E+01
78.0   3.376E+02   8.412E+01
78.7   3.388E+02   8.319E+01
79.3   3.401E+02   8.227E+01
80.0   3.413E+02   8.135E+01
80.6   3.425E+02   8.044E+01
81.3   3.438E+02   7.953E+01
81.9   3.450E+02   7.861E+01
82.6   3.463E+02   7.770E+01
83.2   3.475E+02   7.680E+01
83.9   3.487E+02   7.590E+01
84.5   3.499E+02   7.500E+01
85.2   3.511E+02   7.411E+01
85.8   3.523E+02   7.321E+01
86.5   3.536E+02   7.231E+01
87.1   3.548E+02   7.141E+01
87.8   3.560E+02   7.051E+01
88.4   3.572E+02   6.961E+01
89.1   3.585E+02   6.869E+01
89.7   3.597E+02   6.778E+01
90.4   3.609E+02   6.687E+01
91.0   3.622E+02   6.595E+01
91.7   3.634E+02   6.503E+01
92.3   3.647E+02   6.410E+01
93.0   3.659E+02   6.317E+01
93.6   3.672E+02   6.224E+01
94.3   3.685E+02   6.130E+01
94.9   3.698E+02   6.036E+01
95.6   3.710E+02   5.942E+01
96.2   3.723E+02   5.847E+01
96.9   3.736E+02   5.752E+01
97.5   3.749E+02   5.657E+01
98.2   3.762E+02   5.562E+01
98.8   3.775E+02   5.465E+01
99.5   3.788E+02   5.369E+01
100.1  3.801E+02   5.271E+01
100.8  3.814E+02   5.173E+01
101.4  3.828E+02   5.074E+01
102.1  3.841E+02   4.975E+01
102.7  3.855E+02   4.877E+01
103.4  3.868E+02   4.780E+01
104.0  3.881E+02   4.683E+01
104.7  3.894E+02   4.588E+01
105.3  3.907E+02   4.493E+01
106.0  3.919E+02   4.399E+01
106.6  3.932E+02   4.305E+01
107.3  3.944E+02   4.214E+01
107.9  3.957E+02   4.123E+01
108.6  3.969E+02   4.034E+01
109.2  3.981E+02   3.946E+01
109.9  3.992E+02   3.860E+01
110.5  4.004E+02   3.774E+01
111.2  4.015E+02   3.690E+01
111.8  4.027E+02   3.607E+01
112.5  4.038E+02   3.525E+01
113.1  4.049E+02   3.445E+01
113.8  4.059E+02   3.366E+01
114.4  4.070E+02   3.289E+01
115.1  4.080E+02   3.213E+01
115.7  4.090E+02   3.138E+01
116.4  4.100E+02   3.065E+01
117.0  4.110E+02   2.993E+01
117.7  4.119E+02   2.923E+01
118.3  4.129E+02   2.854E+01
119.0  4.138E+02   2.786E+01
119.6  4.147E+02   2.720E+01
120.3  4.156E+02   2.654E+01
120.9  4.164E+02   2.590E+01
121.6  4.173E+02   2.527E+01
122.2  4.181E+02   2.466E+01
122.9  4.189E+02   2.405E+01
123.5  4.198E+02   2.345E+01
124.2  4.206E+02   2.286E+01
124.8  4.214E+02   2.227E+01
125.5  4.221E+02   2.169E+01
126.1  4.229E+02   2.111E+01
126.8  4.237E+02   2.054E+01
127.4  4.245E+02   1.997E+01
128.1  4.252E+02   1.942E+01
128.7  4.260E+02   1.887E+01
129.4  4.267E+02   1.832E+01
130.0  4.274E+02   1.778E+01
130.7  4.282E+02   1.725E+01
131.3  4.289E+02   1.671E+01
132.0  4.296E+02   1.619E+01
132.6  4.303E+02   1.567E+01
133.3  4.310E+02   1.516E+01
133.9  4.317E+02   1.465E+01
134.6  4.324E+02   1.414E+01
135.2  4.330E+02   1.364E+01
135.9  4.337E+02   1.315E+01
136.5  4.344E+02   1.266E+01
137.2  4.350E+02   1.218E+01
137.8  4.357E+02   1.170E+01
138.5  4.363E+02   1.123E+01
139.1  4.369E+02   1.077E+01
139.8  4.376E+02   1.031E+01
140.4  4.382E+02   9.862E+00
141.1  4.388E+02   9.416E+00
141.7  4.394E+02   8.978E+00
142.4  4.400E+02   8.546E+00
143.0  4.405E+02   8.120E+00
143.7  4.411E+02   7.701E+00
144.3  4.417E+02   7.289E+00
145.0  4.422E+02   6.883E+00
145.6  4.427E+02   6.491E+00
146.3  4.432E+02   6.112E+00
146.9  4.437E+02   5.743E+00
147.6  4.442E+02   5.387E+00
148.2  4.447E+02   5.043E+00
148.9  4.451E+02   4.712E+00
149.5  4.456E+02   4.394E+00
150.2  4.460E+02   4.090E+00
150.8  4.464E+02   3.800E+00
151.5  4.468E+02   3.526E+00
152.1  4.471E+02   3.266E+00
152.8  4.474E+02   3.023E+00
153.4  4.477E+02   2.797E+00
154.1  4.480E+02   2.586E+00
154.7  4.483E+02   2.382E+00
155.4  4.486E+02   2.192E+00
156.0  4.488E+02   2.016E+00
156.7  4.490E+02   1.852E+00
157.3  4.492E+02   1.702E+00
158.0  4.494E+02   1.565E+00
158.6  4.496E+02   1.440E+00
159.3  4.497E+02   1.322E+00
159.9  4.499E+02   1.214E+00
160.6  4.500E+02   1.115E+00
161.2  4.501E+02   1.026E+00
161.9  4.502E+02   9.461E-01
162.5  4.503E+02   8.744E-01
163.2  4.504E+02   8.090E-01
163.8  4.505E+02   7.484E-01
164.5  4.506E+02   6.933E-01
165.1  4.507E+02   6.431E-01
165.8  4.507E+02   5.972E-01
166.4  4.508E+02   5.551E-01
167.1  4.508E+02   5.159E-01
167.7  4.509E+02   4.810E-01
168.4  4.509E+02   4.493E-01
169.0  4.510E+02   4.201E-01
169.7  4.510E+02   3.926E-01
170.3  4.510E+02   3.665E-01
171.0  4.511E+02   3.413E-01
171.6  4.511E+02   3.165E-01
172.3  4.511E+02   2.954E-01
172.9  4.512E+02   2.758E-01
173.6  4.512E+02   2.571E-01
174.2  4.512E+02   2.390E-01
174.9  4.512E+02   2.213E-01
175.5  4.513E+02   2.037E-01
176.2  4.513E+02   1.865E-01
176.8  4.513E+02   1.747E-01
177.5  4.513E+02   1.641E-01
178.1  4.513E+02   1.544E-01
178.8  4.513E+02   1.457E-01
179.4  4.513E+02   1.379E-01
180.1  4.514E+02   1.307E-01
180.7  4.514E+02   1.242E-01
181.4  4.514E+02   1.182E-01
182.0  4.514E+02   1.126E-01
182.7  4.514E+02   1.075E-01
183.3  4.514E+02   1.033E-01
184.0  4.514E+02   9.952E-02
184.6  4.514E+02   9.604E-02
185.3  4.514E+02   9.276E-02
185.9  4.514E+02   8.963E-02
186.6  4.514E+02   8.656E-02
187.2  4.514E+02   8.347E-02
187.9  4.514E+02   8.029E-02
188.5  4.514E+02   7.693E-02
189.2  4.514E+02   7.349E-02
189.8  4.514E+02   7.147E-02
190.5  4.514E+02   6.958E-02
191.1  4.514E+02   6.779E-02
191.8  4.514E+02   6.608E-02
192.4  4.514E+02   6.441E-02
193.1  4.514E+02   6.275E-02
193.7  4.514E+02   6.108E-02
194.4  4.514E+02   5.937E-02
195.0  4.515E+02   5.758E-02
195.7  4.515E+02   5.576E-02
196.3  4.515E+02   5.454E-02
197.0  4.515E+02   5.338E-02
197.6  4.515E+02   5.228E-02
198.3  4.515E+02   5.122E-02
198.9  4.515E+02   5.020E-02
199.6  4.515E+02   4.920E-02
200.2  4.515E+02   4.823E-02
200.9  4.515E+02   4.726E-02
201.5  4.515E+02   4.629E-02
202.2  4.515E+02   4.489E-02
202.8  4.515E+02   4.427E-02
203.5  4.515E+02   4.366E-02
204.1  4.515E+02   4.308E-02
204.8  4.515E+02   4.251E-02
205.4  4.515E+02   4.196E-02
206.1  4.515E+02   4.142E-02
206.7  4.515E+02   4.091E-02
207.4  4.515E+02   4.042E-02
208.0  4.515E+02   3.994E-02
208.7  4.515E+02   3.949E-02
209.3  4.515E+02   3.910E-02
210.0  4.515E+02   3.875E-02
210.6  4.515E+02   3.842E-02
211.3  4.515E+02   3.812E-02
211.9  4.515E+02   3.785E-02
212.6  4.515E+02   3.761E-02
213.2  4.515E+02   3.740E-02
213.9  4.515E+02   3.721E-02
214.5  4.515E+02   3.706E-02
215.2  4.515E+02   3.692E-02
215.8  4.515E+02   3.673E-02
216.5  4.515E+02   3.654E-02
217.1  4.515E+02   3.636E-02
217.8  4.515E+02   3.620E-02
218.4  4.515E+02   3.605E-02
219.1  4.515E+02   3.591E-02
219.7  4.515E+02   3.578E-02



Variable Influent Data to Bed Number 5 is given below:
Time   Cin(1,T)    Cin(2, T)   Cin(3, T)   Cin(4, T)   Cin(5, T)   Cin(6, T)
(min)  (mg/L)      (mg/L)      (mg/L)      (mg/L)      (mg/L)      (mg/L)
0.0    2.258E-01   3.331E+02
0.7    2.258E-01   3.331E+02
1.3    2.258E-01   3.331E+02
2.0    2.258E-01   3.331E+02
2.6    2.258E-01   3.331E+02
3.3    2.258E-01   3.331E+02
3.9    2.258E-01   3.331E+02
4.6    2.258E-01   3.331E+02
5.2    2.258E-01   3.331E+02
5.9    2.258E-01   3.331E+02
6.5    2.258E-01   3.331E+02
7.2    2.258E-01   3.331E+02
7.8    2.258E-01   3.331E+02
8.5    2.258E-01   3.331E+02
9.1    2.258E-01   3.331E+02
9.8    2.258E-01   3.331E+02
10.4   2.258E-01   3.331E+02
11.1   2.387E-01   3.331E+02
11.7   3.225E-01   3.330E+02
12.4   4.324E-01   3.329E+02
13.0   5.748E-01   3.328E+02
13.7   7.594E-01   3.327E+02
14.3   9.963E-01   3.325E+02
15.0   1.303E+00   3.323E+02
15.6   1.697E+00   3.320E+02
16.3   2.188E+00   3.317E+02
16.9   2.789E+00   3.312E+02
17.6   3.525E+00   3.307E+02
18.2   4.425E+00   3.300E+02
18.9   5.527E+00   3.292E+02
19.5   6.858E+00   3.282E+02
20.2   8.450E+00   3.270E+02
20.8   1.035E+01   3.256E+02
21.5   1.256E+01   3.240E+02
22.1   1.509E+01   3.221E+02
22.8   1.794E+01   3.200E+02
23.4   2.106E+01   3.177E+02
24.1   2.436E+01   3.153E+02
24.7   2.769E+01   3.128E+02
25.4   3.087E+01   3.105E+02
26.0   3.385E+01   3.083E+02
26.7   3.663E+01   3.062E+02
27.3   3.912E+01   3.044E+02
28.0   4.165E+01   3.025E+02
28.6   4.403E+01   3.008E+02
29.3   4.644E+01   2.990E+02
29.9   4.896E+01   2.971E+02
30.6   5.161E+01   2.952E+02
31.2   5.441E+01   2.931E+02
31.9   5.732E+01   2.910E+02
32.5   6.037E+01   2.887E+02
33.2   6.355E+01   2.864E+02
33.8   6.688E+01   2.839E+02
34.5   7.035E+01   2.813E+02
35.1   7.397E+01   2.787E+02
35.8   7.775E+01   2.759E+02
36.4   8.171E+01   2.730E+02
37.1   8.578E+01   2.700E+02
37.7   8.989E+01   2.669E+02
38.4   9.406E+01   2.638E+02
39.0   9.831E+01   2.607E+02
39.7   1.026E+02   2.575E+02
40.3   1.070E+02   2.543E+02
41.0   1.115E+02   2.510E+02
41.6   1.160E+02   2.477E+02
42.3   1.205E+02   2.443E+02
42.9   1.250E+02   2.410E+02
43.6   1.295E+02   2.377E+02
44.2   1.339E+02   2.344E+02
44.9   1.383E+02   2.312E+02
45.5   1.427E+02   2.280E+02
46.2   1.469E+02   2.248E+02
46.8   1.510E+02   2.218E+02
47.5   1.549E+02   2.189E+02
48.1   1.587E+02   2.161E+02
48.8   1.622E+02   2.135E+02
49.4   1.656E+02   2.110E+02
50.1   1.687E+02   2.087E+02
50.7   1.717E+02   2.065E+02
51.4   1.745E+02   2.045E+02
52.0   1.772E+02   2.025E+02
52.7   1.797E+02   2.006E+02
53.3   1.822E+02   1.988E+02
54.0   1.847E+02   1.970E+02
54.6   1.870E+02   1.952E+02
55.3   1.893E+02   1.936E+02
55.9   1.916E+02   1.919E+02
56.6   1.938E+02   1.902E+02
57.2   1.961E+02   1.885E+02
57.9   1.984E+02   1.869E+02
58.5   2.007E+02   1.851E+02
59.2   2.031E+02   1.834E+02
59.8   2.054E+02   1.816E+02
60.5   2.078E+02   1.799E+02
61.1   2.102E+02   1.781E+02
61.8   2.126E+02   1.763E+02
62.4   2.151E+02   1.745E+02
63.1   2.175E+02   1.727E+02
63.7   2.200E+02   1.709E+02
64.4   2.225E+02   1.691E+02
65.0   2.250E+02   1.672E+02
65.7   2.276E+02   1.653E+02
66.3   2.301E+02   1.634E+02
67.0   2.326E+02   1.616E+02
67.6   2.352E+02   1.597E+02
68.3   2.377E+02   1.578E+02
68.9   2.403E+02   1.559E+02
69.6   2.428E+02   1.540E+02
70.2   2.454E+02   1.521E+02
70.9   2.480E+02   1.502E+02
71.5   2.507E+02   1.483E+02
72.2   2.532E+02   1.463E+02
72.8   2.558E+02   1.444E+02
73.5   2.584E+02   1.425E+02
74.1   2.610E+02   1.406E+02
74.8   2.635E+02   1.388E+02
75.4   2.660E+02   1.369E+02
76.1   2.685E+02   1.351E+02
76.7   2.710E+02   1.333E+02
77.4   2.734E+02   1.315E+02
78.0   2.758E+02   1.297E+02
78.7   2.781E+02   1.280E+02
79.3   2.804E+02   1.263E+02
80.0   2.827E+02   1.246E+02
80.6   2.849E+02   1.230E+02
81.3   2.871E+02   1.214E+02
81.9   2.892E+02   1.198E+02
82.6   2.913E+02   1.183E+02
83.2   2.933E+02   1.168E+02
83.9   2.953E+02   1.153E+02
84.5   2.972E+02   1.139E+02
85.2   2.991E+02   1.125E+02
85.8   3.009E+02   1.112E+02
86.5   3.027E+02   1.099E+02
87.1   3.044E+02   1.086E+02
87.8   3.060E+02   1.074E+02
88.4   3.077E+02   1.062E+02
89.1   3.093E+02   1.050E+02
89.7   3.109E+02   1.038E+02
90.4   3.125E+02   1.026E+02
91.0   3.140E+02   1.015E+02
91.7   3.156E+02   1.003E+02
92.3   3.171E+02   9.924E+01
93.0   3.186E+02   9.815E+01
93.6   3.200E+02   9.707E+01
94.3   3.215E+02   9.601E+01
94.9   3.229E+02   9.495E+01
95.6   3.243E+02   9.389E+01
96.2   3.258E+02   9.283E+01
96.9   3.272E+02   9.178E+01
97.5   3.286E+02   9.072E+01
98.2   3.301E+02   8.966E+01
98.8   3.315E+02   8.859E+01
99.5   3.329E+02   8.752E+01
100.1  3.344E+02   8.644E+01
100.8  3.359E+02   8.535E+01
101.4  3.374E+02   8.424E+01
102.1  3.389E+02   8.312E+01
102.7  3.404E+02   8.201E+01
103.4  3.419E+02   8.089E+01
104.0  3.435E+02   7.976E+01
104.7  3.450E+02   7.862E+01
105.3  3.466E+02   7.747E+01
106.0  3.481E+02   7.631E+01
106.6  3.497E+02   7.514E+01
107.3  3.513E+02   7.399E+01
107.9  3.528E+02   7.285E+01
108.6  3.544E+02   7.170E+01
109.2  3.559E+02   7.056E+01
109.9  3.575E+02   6.942E+01
110.5  3.590E+02   6.829E+01
111.2  3.606E+02   6.715E+01
111.8  3.621E+02   6.599E+01
112.5  3.637E+02   6.484E+01
113.1  3.653E+02   6.368E+01
113.8  3.668E+02   6.251E+01
114.4  3.684E+02   6.134E+01
115.1  3.700E+02   6.017E+01
115.7  3.716E+02   5.903E+01
116.4  3.731E+02   5.789E+01
117.0  3.746E+02   5.677E+01
117.7  3.761E+02   5.566E+01
118.3  3.776E+02   5.456E+01
119.0  3.791E+02   5.347E+01
119.6  3.805E+02   5.239E+01
120.3  3.820E+02   5.132E+01
120.9  3.835E+02   5.025E+01
121.6  3.849E+02   4.919E+01
122.2  3.863E+02   4.814E+01
122.9  3.877E+02   4.710E+01
123.5  3.891E+02   4.607E+01
124.2  3.905E+02   4.506E+01
124.8  3.918E+02   4.406E+01
125.5  3.932E+02   4.308E+01
126.1  3.945E+02   4.211E+01
126.8  3.958E+02   4.115E+01
127.4  3.970E+02   4.021E+01
128.1  3.983E+02   3.929E+01
128.7  3.995E+02   3.838E+01
129.4  4.007E+02   3.750E+01
130.0  4.019E+02   3.662E+01
130.7  4.031E+02   3.577E+01
131.3  4.042E+02   3.494E+01
132.0  4.053E+02   3.412E+01
132.6  4.064E+02   3.332E+01
133.3  4.074E+02   3.254E+01
133.9  4.085E+02   3.177E+01
134.6  4.095E+02   3.102E+01
135.2  4.105E+02   3.029E+01
135.9  4.115E+02   2.958E+01
136.5  4.124E+02   2.888E+01
137.2  4.133E+02   2.819E+01
137.8  4.142E+02   2.752E+01
138.5  4.151E+02   2.686E+01
139.1  4.160E+02   2.621E+01
139.8  4.169E+02   2.557E+01
140.4  4.177E+02   2.495E+01
141.1  4.186E+02   2.433E+01
141.7  4.194E+02   2.372E+01
142.4  4.202E+02   2.311E+01
143.0  4.210E+02   2.252E+01
143.7  4.218E+02   2.193E+01
144.3  4.226E+02   2.134E+01
145.0  4.234E+02   2.077E+01
145.6  4.242E+02   2.019E+01
146.3  4.249E+02   1.963E+01
146.9  4.257E+02   1.906E+01
147.6  4.265E+02   1.851E+01
148.2  4.272E+02   1.795E+01
148.9  4.280E+02   1.740E+01
149.5  4.287E+02   1.685E+01
150.2  4.294E+02   1.632E+01
150.8  4.301E+02   1.579E+01
151.5  4.308E+02   1.527E+01
152.1  4.315E+02   1.476E+01
152.8  4.322E+02   1.425E+01
153.4  4.329E+02   1.375E+01
154.1  4.336E+02   1.326E+01
154.7  4.342E+02   1.276E+01
155.4  4.349E+02   1.228E+01
156.0  4.355E+02   1.180E+01
156.7  4.362E+02   1.132E+01
157.3  4.368E+02   1.085E+01
158.0  4.375E+02   1.039E+01
158.6  4.381E+02   9.937E+00
159.3  4.387E+02   9.488E+00
159.9  4.393E+02   9.045E+00
160.6  4.399E+02   8.610E+00
161.2  4.404E+02   8.181E+00
161.9  4.410E+02   7.759E+00
162.5  4.416E+02   7.350E+00
163.2  4.421E+02   6.951E+00
163.8  4.426E+02   6.563E+00
164.5  4.431E+02   6.185E+00
165.1  4.436E+02   5.819E+00
165.8  4.441E+02   5.465E+00
166.4  4.446E+02   5.123E+00
167.1  4.450E+02   4.793E+00
167.7  4.455E+02   4.476E+00
168.4  4.459E+02   4.173E+00
169.0  4.463E+02   3.883E+00
169.7  4.466E+02   3.608E+00
170.3  4.470E+02   3.348E+00
171.0  4.473E+02   3.100E+00
171.6  4.476E+02   2.865E+00
172.3  4.479E+02   2.645E+00
172.9  4.482E+02   2.439E+00
173.6  4.485E+02   2.247E+00
174.2  4.487E+02   2.070E+00
174.9  4.489E+02   1.907E+00
175.5  4.492E+02   1.752E+00
176.2  4.493E+02   1.610E+00
176.8  4.495E+02   1.479E+00
177.5  4.497E+02   1.360E+00
178.1  4.498E+02   1.252E+00
178.8  4.500E+02   1.156E+00
179.4  4.501E+02   1.066E+00
180.1  4.502E+02   9.840E-01
180.7  4.503E+02   9.094E-01
181.4  4.504E+02   8.420E-01
182.0  4.505E+02   7.813E-01
182.7  4.505E+02   7.267E-01
183.3  4.506E+02   6.775E-01
184.0  4.507E+02   6.315E-01
184.6  4.507E+02   5.891E-01
185.3  4.508E+02   5.497E-01
185.9  4.508E+02   5.126E-01
186.6  4.509E+02   4.771E-01
187.2  4.509E+02   4.426E-01
187.9  4.510E+02   4.112E-01
188.5  4.510E+02   3.838E-01
189.2  4.510E+02   3.580E-01
189.8  4.511E+02   3.334E-01
190.5  4.511E+02   3.098E-01
191.1  4.511E+02   2.869E-01
191.8  4.512E+02   2.642E-01
192.4  4.512E+02   2.456E-01
193.1  4.512E+02   2.286E-01
193.7  4.512E+02   2.130E-01
194.4  4.513E+02   1.987E-01
195.0  4.513E+02   1.856E-01
195.7  4.513E+02   1.736E-01
196.3  4.513E+02   1.626E-01
197.0  4.513E+02   1.526E-01
197.6  4.513E+02   1.435E-01
198.3  4.513E+02   1.351E-01
198.9  4.514E+02   1.275E-01
199.6  4.514E+02   1.204E-01
200.2  4.514E+02   1.139E-01
200.9  4.514E+02   1.056E-01
201.5  4.514E+02   1.012E-01
202.2  4.514E+02   9.678E-02
202.8  4.514E+02   9.235E-02
203.5  4.514E+02   8.792E-02
204.1  4.514E+02   8.348E-02
204.8  4.514E+02   7.926E-02
205.4  4.514E+02   7.582E-02
206.1  4.514E+02   7.255E-02
206.7  4.514E+02   6.945E-02
207.4  4.514E+02   6.652E-02
208.0  4.514E+02   6.377E-02
208.7  4.514E+02   6.118E-02
209.3  4.515E+02   5.877E-02
210.0  4.515E+02   5.652E-02
210.6  4.515E+02   5.445E-02
211.3  4.515E+02   5.251E-02
211.9  4.515E+02   5.064E-02
212.6  4.515E+02   4.891E-02
213.2  4.515E+02   4.733E-02
213.9  4.515E+02   4.590E-02
214.5  4.515E+02   4.461E-02
215.2  4.515E+02   4.347E-02
215.8  4.515E+02   4.247E-02
216.5  4.515E+02   4.162E-02
217.1  4.515E+02   4.092E-02
217.8  4.515E+02   4.028E-02
218.4  4.515E+02   3.950E-02
219.1  4.515E+02   3.880E-02
219.7  4.515E+02   3.819E-02
220.4  4.515E+02   3.766E-02
221.0  4.515E+02   3.721E-02
221.7  4.515E+02   3.684E-02
222.3  4.515E+02   3.656E-02
223.0  4.515E+02   3.635E-02
223.6  4.515E+02   3.623E-02
224.3  4.515E+02   3.454E-02



Variable Influent Data to Bed Number 6 is given below:
Time   Cin(1,T)    Cin(2, T)   Cin(3, T)   Cin(4, T)   Cin(5, T)   Cin(6, T)
(min)  (mg/L)      (mg/L)      (mg/L)      (mg/L)      (mg/L)      (mg/L)
0.0    2.258E-01   3.331E+02
0.7    2.258E-01   3.331E+02
1.3    2.258E-01   3.331E+02
2.0    2.258E-01   3.331E+02
2.6    2.258E-01   3.331E+02
3.3    2.258E-01   3.331E+02
3.9    2.258E-01   3.331E+02
4.6    2.258E-01   3.331E+02
5.2    2.258E-01   3.331E+02
5.9    2.258E-01   3.331E+02
6.5    2.258E-01   3.331E+02
7.2    2.258E-01   3.331E+02
7.8    2.258E-01   3.331E+02
8.5    2.258E-01   3.331E+02
9.1    2.258E-01   3.331E+02
9.8    2.258E-01   3.331E+02
10.4   2.258E-01   3.331E+02
11.1   2.258E-01   3.331E+02
11.7   2.258E-01   3.331E+02
12.4   2.258E-01   3.331E+02
13.0   2.258E-01   3.331E+02
13.7   2.258E-01   3.331E+02
14.3   2.258E-01   3.331E+02
15.0   2.258E-01   3.331E+02
15.6   2.258E-01   3.331E+02
16.3   2.258E-01   3.331E+02
16.9   2.258E-01   3.331E+02
17.6   2.258E-01   3.331E+02
18.2   2.258E-01   3.331E+02
18.9   2.258E-01   3.331E+02
19.5   2.258E-01   3.331E+02
20.2   2.258E-01   3.331E+02
20.8   2.258E-01   3.331E+02
21.5   2.375E-01   3.331E+02
22.1   2.970E-01   3.330E+02
22.8   3.711E-01   3.330E+02
23.4   4.618E-01   3.329E+02
24.1   5.731E-01   3.328E+02
24.7   7.102E-01   3.327E+02
25.4   8.789E-01   3.326E+02
26.0   1.087E+00   3.325E+02
26.7   1.342E+00   3.323E+02
27.3   1.648E+00   3.320E+02
28.0   2.015E+00   3.318E+02
28.6   2.451E+00   3.315E+02
29.3   2.966E+00   3.311E+02
29.9   3.583E+00   3.306E+02
30.6   4.317E+00   3.301E+02
31.2   5.189E+00   3.294E+02
31.9   6.207E+00   3.287E+02
32.5   7.402E+00   3.278E+02
33.2   8.788E+00   3.268E+02
33.8   1.038E+01   3.256E+02
34.5   1.217E+01   3.243E+02
35.1   1.417E+01   3.228E+02
35.8   1.637E+01   3.212E+02
36.4   1.874E+01   3.194E+02
37.1   2.119E+01   3.176E+02
37.7   2.368E+01   3.158E+02
38.4   2.609E+01   3.140E+02
39.0   2.838E+01   3.123E+02
39.7   3.054E+01   3.107E+02
40.3   3.255E+01   3.092E+02
41.0   3.450E+01   3.078E+02
41.6   3.646E+01   3.064E+02
42.3   3.819E+01   3.051E+02
42.9   4.018E+01   3.036E+02
43.6   4.214E+01   3.022E+02
44.2   4.419E+01   3.007E+02
44.9   4.632E+01   2.991E+02
45.5   4.855E+01   2.974E+02
46.2   5.087E+01   2.957E+02
46.8   5.329E+01   2.939E+02
47.5   5.583E+01   2.921E+02
48.1   5.847E+01   2.901E+02
48.8   6.122E+01   2.881E+02
49.4   6.408E+01   2.860E+02
50.1   6.705E+01   2.838E+02
50.7   7.013E+01   2.815E+02
51.4   7.332E+01   2.792E+02
52.0   7.661E+01   2.767E+02
52.7   7.997E+01   2.742E+02
53.3   8.342E+01   2.717E+02
54.0   8.693E+01   2.691E+02
54.6   9.050E+01   2.665E+02
55.3   9.410E+01   2.638E+02
55.9   9.776E+01   2.611E+02
56.6   1.015E+02   2.584E+02
57.2   1.052E+02   2.556E+02
57.9   1.090E+02   2.528E+02
58.5   1.128E+02   2.500E+02
59.2   1.167E+02   2.472E+02
59.8   1.205E+02   2.443E+02
60.5   1.244E+02   2.415E+02
61.1   1.282E+02   2.386E+02
61.8   1.319E+02   2.359E+02
62.4   1.356E+02   2.332E+02
63.1   1.392E+02   2.306E+02
63.7   1.426E+02   2.280E+02
64.4   1.460E+02   2.255E+02
65.0   1.492E+02   2.232E+02
65.7   1.523E+02   2.209E+02
66.3   1.552E+02   2.187E+02
67.0   1.580E+02   2.166E+02
67.6   1.607E+02   2.147E+02
68.3   1.632E+02   2.128E+02
68.9   1.657E+02   2.110E+02
69.6   1.681E+02   2.092E+02
70.2   1.705E+02   2.074E+02
70.9   1.728E+02   2.057E+02
71.5   1.751E+02   2.040E+02
72.2   1.774E+02   2.023E+02
72.8   1.797E+02   2.007E+02
73.5   1.819E+02   1.990E+02
74.1   1.842E+02   1.973E+02
74.8   1.865E+02   1.956E+02
75.4   1.888E+02   1.939E+02
76.1   1.912E+02   1.922E+02
76.7   1.935E+02   1.905E+02
77.4   1.958E+02   1.888E+02
78.0   1.981E+02   1.870E+02
78.7   2.004E+02   1.853E+02
79.3   2.028E+02   1.836E+02
80.0   2.051E+02   1.819E+02
80.6   2.075E+02   1.801E+02
81.3   2.099E+02   1.783E+02
81.9   2.123E+02   1.765E+02
82.6   2.148E+02   1.747E+02
83.2   2.172E+02   1.729E+02
83.9   2.197E+02   1.711E+02
84.5   2.222E+02   1.693E+02
85.2   2.246E+02   1.675E+02
85.8   2.271E+02   1.656E+02
86.5   2.296E+02   1.638E+02
87.1   2.321E+02   1.620E+02
87.8   2.346E+02   1.601E+02
88.4   2.370E+02   1.583E+02
89.1   2.395E+02   1.565E+02
89.7   2.420E+02   1.546E+02
90.4   2.445E+02   1.528E+02
91.0   2.471E+02   1.509E+02
91.7   2.496E+02   1.490E+02
92.3   2.521E+02   1.472E+02
93.0   2.546E+02   1.453E+02
93.6   2.571E+02   1.435E+02
94.3   2.596E+02   1.417E+02
94.9   2.620E+02   1.399E+02
95.6   2.644E+02   1.381E+02
96.2   2.668E+02   1.363E+02
96.9   2.692E+02   1.346E+02
97.5   2.715E+02   1.329E+02
98.2   2.738E+02   1.311E+02
98.8   2.761E+02   1.295E+02
99.5   2.784E+02   1.278E+02
100.1  2.806E+02   1.261E+02
100.8  2.829E+02   1.245E+02
101.4  2.850E+02   1.229E+02
102.1  2.872E+02   1.213E+02
102.7  2.893E+02   1.197E+02
103.4  2.914E+02   1.182E+02
104.0  2.934E+02   1.167E+02
104.7  2.954E+02   1.152E+02
105.3  2.974E+02   1.137E+02
106.0  2.994E+02   1.123E+02
106.6  3.013E+02   1.109E+02
107.3  3.032E+02   1.095E+02
107.9  3.050E+02   1.081E+02
108.6  3.068E+02   1.068E+02
109.2  3.086E+02   1.055E+02
109.9  3.104E+02   1.042E+02
110.5  3.121E+02   1.029E+02
111.2  3.138E+02   1.017E+02
111.8  3.154E+02   1.004E+02
112.5  3.171E+02   9.920E+01
113.1  3.188E+02   9.796E+01
113.8  3.205E+02   9.670E+01
114.4  3.222E+02   9.544E+01
115.1  3.240E+02   9.415E+01
115.7  3.257E+02   9.290E+01
116.4  3.273E+02   9.167E+01
117.0  3.290E+02   9.045E+01
117.7  3.306E+02   8.925E+01
118.3  3.322E+02   8.806E+01
119.0  3.338E+02   8.686E+01
119.6  3.355E+02   8.566E+01
120.3  3.371E+02   8.447E+01
120.9  3.387E+02   8.327E+01
121.6  3.403E+02   8.207E+01
122.2  3.420E+02   8.088E+01
122.9  3.436E+02   7.968E+01
123.5  3.452E+02   7.848E+01
124.2  3.468E+02   7.728E+01
124.8  3.485E+02   7.607E+01
125.5  3.501E+02   7.487E+01
126.1  3.517E+02   7.367E+01
126.8  3.533E+02   7.247E+01
127.4  3.550E+02   7.128E+01
128.1  3.566E+02   7.008E+01
128.7  3.582E+02   6.889E+01
129.4  3.598E+02   6.770E+01
130.0  3.614E+02   6.652E+01
130.7  3.630E+02   6.534E+01
131.3  3.646E+02   6.417E+01
132.0  3.662E+02   6.299E+01
132.6  3.678E+02   6.183E+01
133.3  3.693E+02   6.067E+01
133.9  3.709E+02   5.952E+01
134.6  3.724E+02   5.838E+01
135.2  3.740E+02   5.724E+01
135.9  3.755E+02   5.611E+01
136.5  3.770E+02   5.499E+01
137.2  3.785E+02   5.389E+01
137.8  3.800E+02   5.279E+01
138.5  3.815E+02   5.170E+01
139.1  3.829E+02   5.063E+01
139.8  3.844E+02   4.957E+01
140.4  3.858E+02   4.851E+01
141.1  3.872E+02   4.746E+01
141.7  3.886E+02   4.643E+01
142.4  3.900E+02   4.541E+01
143.0  3.914E+02   4.439E+01
143.7  3.927E+02   4.339E+01
144.3  3.941E+02   4.241E+01
145.0  3.954E+02   4.144E+01
145.6  3.967E+02   4.050E+01
146.3  3.979E+02   3.957E+01
146.9  3.991E+02   3.867E+01
147.6  4.003E+02   3.779E+01
148.2  4.015E+02   3.692E+01
148.9  4.027E+02   3.607E+01
149.5  4.038E+02   3.524E+01
150.2  4.049E+02   3.442E+01
150.8  4.060E+02   3.362E+01
151.5  4.070E+02   3.284E+01
152.1  4.081E+02   3.208E+01
152.8  4.091E+02   3.133E+01
153.4  4.101E+02   3.059E+01
154.1  4.111E+02   2.987E+01
154.7  4.120E+02   2.916E+01
155.4  4.130E+02   2.847E+01
156.0  4.139E+02   2.778E+01
156.7  4.148E+02   2.710E+01
157.3  4.157E+02   2.644E+01
158.0  4.166E+02   2.578E+01
158.6  4.175E+02   2.514E+01
159.3  4.183E+02   2.451E+01
159.9  4.192E+02   2.388E+01
160.6  4.200E+02   2.326E+01
161.2  4.208E+02   2.265E+01
161.9  4.217E+02   2.205E+01
162.5  4.225E+02   2.146E+01
163.2  4.232E+02   2.088E+01
163.8  4.240E+02   2.030E+01
164.5  4.248E+02   1.973E+01
165.1  4.256E+02   1.917E+01
165.8  4.263E+02   1.862E+01
166.4  4.270E+02   1.807E+01
167.1  4.278E+02   1.753E+01
167.7  4.285E+02   1.699E+01
168.4  4.292E+02   1.646E+01
169.0  4.299E+02   1.593E+01
169.7  4.307E+02   1.541E+01
170.3  4.314E+02   1.489E+01
171.0  4.321E+02   1.437E+01
171.6  4.327E+02   1.387E+01
172.3  4.334E+02   1.336E+01
172.9  4.341E+02   1.286E+01
173.6  4.348E+02   1.237E+01
174.2  4.354E+02   1.188E+01
174.9  4.361E+02   1.140E+01
175.5  4.367E+02   1.092E+01
176.2  4.374E+02   1.045E+01
176.8  4.380E+02   9.984E+00
177.5  4.386E+02   9.528E+00
178.1  4.392E+02   9.081E+00
178.8  4.398E+02   8.643E+00
179.4  4.404E+02   8.214E+00
180.1  4.410E+02   7.796E+00
180.7  4.415E+02   7.388E+00
181.4  4.421E+02   6.988E+00
182.0  4.426E+02   6.599E+00
182.7  4.431E+02   6.222E+00
183.3  4.436E+02   5.857E+00
184.0  4.441E+02   5.505E+00
184.6  4.445E+02   5.167E+00
185.3  4.450E+02   4.842E+00
185.9  4.454E+02   4.529E+00
186.6  4.458E+02   4.228E+00
187.2  4.462E+02   3.942E+00
187.9  4.466E+02   3.669E+00
188.5  4.469E+02   3.411E+00
189.2  4.472E+02   3.167E+00
189.8  4.475E+02   2.939E+00
190.5  4.478E+02   2.724E+00
191.1  4.481E+02   2.522E+00
191.8  4.484E+02   2.333E+00
192.4  4.486E+02   2.158E+00
193.1  4.488E+02   1.997E+00
193.7  4.490E+02   1.848E+00
194.4  4.492E+02   1.713E+00
195.0  4.494E+02   1.590E+00
195.7  4.495E+02   1.476E+00
196.3  4.497E+02   1.370E+00
197.0  4.498E+02   1.273E+00
197.6  4.499E+02   1.184E+00
198.3  4.500E+02   1.100E+00
198.9  4.501E+02   1.023E+00
199.6  4.502E+02   9.491E-01
200.2  4.503E+02   8.801E-01
200.9  4.504E+02   8.195E-01
201.5  4.505E+02   7.628E-01
202.2  4.506E+02   7.092E-01
202.8  4.506E+02   6.579E-01
203.5  4.507E+02   6.080E-01
204.1  4.508E+02   5.587E-01
204.8  4.508E+02   5.092E-01
205.4  4.509E+02   4.652E-01
206.1  4.510E+02   4.255E-01
206.7  4.510E+02   3.881E-01
207.4  4.511E+02   3.531E-01
208.0  4.511E+02   3.205E-01
208.7  4.511E+02   2.905E-01
209.3  4.512E+02   2.632E-01
210.0  4.512E+02   2.384E-01
210.6  4.512E+02   2.143E-01
211.3  4.513E+02   1.923E-01
211.9  4.513E+02   1.727E-01
212.6  4.513E+02   1.555E-01
213.2  4.513E+02   1.409E-01
213.9  4.514E+02   1.292E-01
214.5  4.514E+02   1.206E-01
215.2  4.514E+02   1.123E-01
215.8  4.514E+02   1.041E-01
216.5  4.514E+02   9.715E-02
217.1  4.514E+02   9.135E-02
217.8  4.514E+02   8.653E-02
218.4  4.514E+02   8.252E-02
219.1  4.514E+02   7.917E-02
219.7  4.514E+02   7.630E-02
220.4  4.514E+02   7.371E-02
221.0  4.514E+02   7.123E-02
221.7  4.514E+02   6.866E-02
222.3  4.514E+02   6.580E-02
223.0  4.514E+02   6.244E-02
223.6  4.515E+02   5.837E-02
224.3  4.515E+02   5.336E-02
224.9  4.515E+02   4.913E-02
225.6  4.515E+02   4.624E-02
226.2  4.515E+02   4.366E-02
226.9  4.515E+02   4.152E-02
227.5  4.515E+02   3.994E-02
228.2  4.515E+02   3.908E-02
228.8  4.515E+02   3.914E-02
229.5  4.515E+02   4.020E-02
230.1  4.515E+02   3.957E-02
230.8  4.515E+02   3.904E-02
231.4  4.515E+02   3.857E-02
232.1  4.515E+02   3.815E-02
232.7  4.515E+02   3.773E-02
233.4  4.515E+02   3.727E-02
234.0  4.515E+02   3.673E-02
234.7  4.515E+02   3.617E-02
235.3  4.515E+02   3.597E-02
236.0  4.515E+02   3.579E-02



Variable Influent Data to Bed Number 7 is given below:
Time   Cin(1,T)    Cin(2, T)   Cin(3, T)   Cin(4, T)   Cin(5, T)   Cin(6, T)
(min)  (mg/L)      (mg/L)      (mg/L)      (mg/L)      (mg/L)      (mg/L)
0.0    2.258E-01   3.331E+02
0.7    2.258E-01   3.331E+02
1.3    2.258E-01   3.331E+02
2.0    2.258E-01   3.331E+02
2.6    2.258E-01   3.331E+02
3.3    2.258E-01   3.331E+02
3.9    2.258E-01   3.331E+02
4.6    2.258E-01   3.331E+02
5.2    2.258E-01   3.331E+02
5.9    2.258E-01   3.331E+02
6.5    2.258E-01   3.331E+02
7.2    2.258E-01   3.331E+02
7.8    2.258E-01   3.331E+02
8.5    2.258E-01   3.331E+02
9.1    2.258E-01   3.331E+02
9.8    2.258E-01   3.331E+02
10.4   2.258E-01   3.331E+02
11.1   2.258E-01   3.331E+02
11.7   2.258E-01   3.331E+02
12.4   2.258E-01   3.331E+02
13.0   2.258E-01   3.331E+02
13.7   2.258E-01   3.331E+02
14.3   2.258E-01   3.331E+02
15.0   2.258E-01   3.331E+02
15.6   2.258E-01   3.331E+02
16.3   2.258E-01   3.331E+02
16.9   2.258E-01   3.331E+02
17.6   2.258E-01   3.331E+02
18.2   2.258E-01   3.331E+02
18.9   2.258E-01   3.331E+02
19.5   2.258E-01   3.331E+02
20.2   2.258E-01   3.331E+02
20.8   2.258E-01   3.331E+02
21.5   2.258E-01   3.331E+02
22.1   2.258E-01   3.331E+02
22.8   2.258E-01   3.331E+02
23.4   2.258E-01   3.331E+02
24.1   2.258E-01   3.331E+02
24.7   2.258E-01   3.331E+02
25.4   2.258E-01   3.331E+02
26.0   2.258E-01   3.331E+02
26.7   2.258E-01   3.331E+02
27.3   2.258E-01   3.331E+02
28.0   2.258E-01   3.331E+02
28.6   2.258E-01   3.331E+02
29.3   2.258E-01   3.331E+02
29.9   2.258E-01   3.331E+02
30.6   2.258E-01   3.331E+02
31.2   2.258E-01   3.331E+02
31.9   2.258E-01   3.331E+02
32.5   2.258E-01   3.331E+02
33.2   2.258E-01   3.331E+02
33.8   2.258E-01   3.331E+02
34.5   2.395E-01   3.331E+02
35.1   2.905E-01   3.331E+02
35.8   3.506E-01   3.330E+02
36.4   4.251E-01   3.330E+02
37.1   5.135E-01   3.329E+02
37.7   6.184E-01   3.328E+02
38.4   7.447E-01   3.327E+02
39.0   8.964E-01   3.326E+02
39.7   1.078E+00   3.325E+02
40.3   1.292E+00   3.323E+02
41.0   1.542E+00   3.321E+02
41.6   1.837E+00   3.319E+02
42.3   2.170E+00   3.317E+02
42.9   2.570E+00   3.314E+02
43.6   3.034E+00   3.310E+02
44.2   3.571E+00   3.306E+02
44.9   4.200E+00   3.302E+02
45.5   4.925E+00   3.296E+02
46.2   5.758E+00   3.290E+02
46.8   6.717E+00   3.283E+02
47.5   7.811E+00   3.275E+02
48.1   9.047E+00   3.266E+02
48.8   1.042E+01   3.256E+02
49.4   1.196E+01   3.244E+02
50.1   1.364E+01   3.232E+02
50.7   1.544E+01   3.219E+02
51.4   1.734E+01   3.205E+02
52.0   1.930E+01   3.190E+02
52.7   2.126E+01   3.176E+02
53.3   2.318E+01   3.162E+02
54.0   2.502E+01   3.148E+02
54.6   2.678E+01   3.135E+02
55.3   2.842E+01   3.123E+02
55.9   3.002E+01   3.111E+02
56.6   3.157E+01   3.100E+02
57.2   3.313E+01   3.088E+02
57.9   3.469E+01   3.077E+02
58.5   3.628E+01   3.065E+02
59.2   3.794E+01   3.053E+02
59.8   3.970E+01   3.040E+02
60.5   4.153E+01   3.026E+02
61.1   4.343E+01   3.012E+02
61.8   4.541E+01   2.998E+02
62.4   4.746E+01   2.982E+02
63.1   4.961E+01   2.966E+02
63.7   5.185E+01   2.950E+02
64.4   5.418E+01   2.933E+02
65.0   5.662E+01   2.915E+02
65.7   5.916E+01   2.896E+02
66.3   6.178E+01   2.877E+02
67.0   6.451E+01   2.857E+02
67.6   6.733E+01   2.836E+02
68.3   7.022E+01   2.814E+02
68.9   7.320E+01   2.792E+02
69.6   7.626E+01   2.770E+02
70.2   7.938E+01   2.747E+02
70.9   8.257E+01   2.723E+02
71.5   8.581E+01   2.699E+02
72.2   8.911E+01   2.675E+02
72.8   9.247E+01   2.650E+02
73.5   9.587E+01   2.625E+02
74.1   9.932E+01   2.600E+02
74.8   1.028E+02   2.574E+02
75.4   1.063E+02   2.548E+02
76.1   1.099E+02   2.522E+02
76.7   1.134E+02   2.495E+02
77.4   1.170E+02   2.469E+02
78.0   1.205E+02   2.443E+02
78.7   1.239E+02   2.418E+02
79.3   1.273E+02   2.393E+02
80.0   1.306E+02   2.368E+02
80.6   1.339E+02   2.344E+02
81.3   1.371E+02   2.321E+02
81.9   1.401E+02   2.298E+02
82.6   1.431E+02   2.277E+02
83.2   1.459E+02   2.256E+02
83.9   1.486E+02   2.236E+02
84.5   1.512E+02   2.217E+02
85.2   1.537E+02   2.198E+02
85.8   1.561E+02   2.181E+02
86.5   1.584E+02   2.163E+02
87.1   1.607E+02   2.146E+02
87.8   1.630E+02   2.130E+02
88.4   1.652E+02   2.114E+02
89.1   1.673E+02   2.098E+02
89.7   1.695E+02   2.082E+02
90.4   1.717E+02   2.065E+02
91.0   1.739E+02   2.049E+02
91.7   1.761E+02   2.033E+02
92.3   1.783E+02   2.016E+02
93.0   1.806E+02   2.000E+02
93.6   1.829E+02   1.983E+02
94.3   1.851E+02   1.966E+02
94.9   1.874E+02   1.950E+02
95.6   1.896E+02   1.933E+02
96.2   1.919E+02   1.916E+02
96.9   1.943E+02   1.899E+02
97.5   1.966E+02   1.881E+02
98.2   1.990E+02   1.864E+02
98.8   2.014E+02   1.846E+02
99.5   2.039E+02   1.828E+02
100.1  2.064E+02   1.809E+02
100.8  2.089E+02   1.791E+02
101.4  2.114E+02   1.772E+02
102.1  2.139E+02   1.754E+02
102.7  2.165E+02   1.735E+02
103.4  2.190E+02   1.716E+02
104.0  2.216E+02   1.697E+02
104.7  2.242E+02   1.678E+02
105.3  2.269E+02   1.658E+02
106.0  2.295E+02   1.639E+02
106.6  2.321E+02   1.619E+02
107.3  2.348E+02   1.600E+02
107.9  2.375E+02   1.580E+02
108.6  2.401E+02   1.560E+02
109.2  2.428E+02   1.540E+02
109.9  2.455E+02   1.521E+02
110.5  2.481E+02   1.501E+02
111.2  2.508E+02   1.482E+02
111.8  2.534E+02   1.462E+02
112.5  2.560E+02   1.443E+02
113.1  2.586E+02   1.424E+02
113.8  2.612E+02   1.405E+02
114.4  2.638E+02   1.386E+02
115.1  2.663E+02   1.367E+02
115.7  2.688E+02   1.349E+02
116.4  2.713E+02   1.330E+02
117.0  2.738E+02   1.312E+02
117.7  2.762E+02   1.294E+02
118.3  2.786E+02   1.276E+02
119.0  2.809E+02   1.259E+02
119.6  2.832E+02   1.242E+02
120.3  2.855E+02   1.226E+02
120.9  2.877E+02   1.209E+02
121.6  2.898E+02   1.193E+02
122.2  2.920E+02   1.178E+02
122.9  2.941E+02   1.162E+02
123.5  2.961E+02   1.147E+02
124.2  2.981E+02   1.132E+02
124.8  3.001E+02   1.118E+02
125.5  3.020E+02   1.103E+02
126.1  3.040E+02   1.089E+02
126.8  3.058E+02   1.075E+02
127.4  3.077E+02   1.062E+02
128.1  3.095E+02   1.048E+02
128.7  3.113E+02   1.035E+02
129.4  3.131E+02   1.022E+02
130.0  3.148E+02   1.009E+02
130.7  3.166E+02   9.963E+01
131.3  3.183E+02   9.836E+01
132.0  3.200E+02   9.710E+01
132.6  3.217E+02   9.585E+01
133.3  3.233E+02   9.462E+01
133.9  3.250E+02   9.340E+01
134.6  3.266E+02   9.218E+01
135.2  3.283E+02   9.097E+01
135.9  3.299E+02   8.977E+01
136.5  3.315E+02   8.856E+01
137.2  3.332E+02   8.736E+01
137.8  3.348E+02   8.616E+01
138.5  3.364E+02   8.496E+01
139.1  3.381E+02   8.375E+01
139.8  3.397E+02   8.255E+01
140.4  3.413E+02   8.134E+01
141.1  3.430E+02   8.013E+01
141.7  3.446E+02   7.891E+01
142.4  3.463E+02   7.768E+01
143.0  3.480E+02   7.645E+01
143.7  3.496E+02   7.523E+01
144.3  3.512E+02   7.402E+01
145.0  3.529E+02   7.282E+01
145.6  3.545E+02   7.162E+01
146.3  3.561E+02   7.043E+01
146.9  3.577E+02   6.924E+01
147.6  3.593E+02   6.806E+01
148.2  3.609E+02   6.688E+01
148.9  3.625E+02   6.571E+01
149.5  3.641E+02   6.454E+01
150.2  3.657E+02   6.338E+01
150.8  3.672E+02   6.222E+01
151.5  3.688E+02   6.107E+01
152.1  3.703E+02   5.993E+01
152.8  3.719E+02   5.879E+01
153.4  3.734E+02   5.766E+01
154.1  3.749E+02   5.653E+01
154.7  3.765E+02   5.540E+01
155.4  3.780E+02   5.428E+01
156.0  3.795E+02   5.317E+01
156.7  3.810E+02   5.206E+01
157.3  3.825E+02   5.096E+01
158.0  3.840E+02   4.988E+01
158.6  3.854E+02   4.880E+01
159.3  3.869E+02   4.774E+01
159.9  3.883E+02   4.668E+01
160.6  3.897E+02   4.564E+01
161.2  3.911E+02   4.461E+01
161.9  3.925E+02   4.360E+01
162.5  3.938E+02   4.261E+01
163.2  3.951E+02   4.164E+01
163.8  3.964E+02   4.069E+01
164.5  3.977E+02   3.976E+01
165.1  3.989E+02   3.885E+01
165.8  4.001E+02   3.796E+01
166.4  4.013E+02   3.708E+01
167.1  4.025E+02   3.621E+01
167.7  4.036E+02   3.536E+01
168.4  4.047E+02   3.454E+01
169.0  4.058E+02   3.372E+01
169.7  4.069E+02   3.293E+01
170.3  4.080E+02   3.215E+01
171.0  4.090E+02   3.139E+01
171.6  4.100E+02   3.064E+01
172.3  4.110E+02   2.991E+01
172.9  4.120E+02   2.919E+01
173.6  4.129E+02   2.849E+01
174.2  4.139E+02   2.780E+01
174.9  4.148E+02   2.712E+01
175.5  4.157E+02   2.646E+01
176.2  4.166E+02   2.580E+01
176.8  4.174E+02   2.516E+01
177.5  4.183E+02   2.452E+01
178.1  4.192E+02   2.390E+01
178.8  4.200E+02   2.328E+01
179.4  4.208E+02   2.268E+01
180.1  4.216E+02   2.209E+01
180.7  4.224E+02   2.150E+01
181.4  4.232E+02   2.093E+01
182.0  4.239E+02   2.036E+01
182.7  4.247E+02   1.980E+01
183.3  4.255E+02   1.925E+01
184.0  4.262E+02   1.870E+01
184.6  4.269E+02   1.816E+01
185.3  4.276E+02   1.763E+01
185.9  4.284E+02   1.710E+01
186.6  4.291E+02   1.658E+01
187.2  4.298E+02   1.606E+01
187.9  4.305E+02   1.555E+01
188.5  4.311E+02   1.504E+01
189.2  4.318E+02   1.454E+01
189.8  4.325E+02   1.405E+01
190.5  4.332E+02   1.355E+01
191.1  4.338E+02   1.306E+01
191.8  4.345E+02   1.258E+01
192.4  4.351E+02   1.210E+01
193.1  4.358E+02   1.163E+01
193.7  4.364E+02   1.116E+01
194.4  4.370E+02   1.071E+01
195.0  4.376E+02   1.025E+01
195.7  4.382E+02   9.804E+00
196.3  4.388E+02   9.362E+00
197.0  4.394E+02   8.928E+00
197.6  4.400E+02   8.500E+00
198.3  4.406E+02   8.080E+00
198.9  4.411E+02   7.667E+00
199.6  4.417E+02   7.262E+00
200.2  4.422E+02   6.864E+00
200.9  4.428E+02   6.474E+00
201.5  4.433E+02   6.095E+00
202.2  4.438E+02   5.727E+00
202.8  4.443E+02   5.370E+00
203.5  4.447E+02   5.024E+00
204.1  4.452E+02   4.690E+00
204.8  4.456E+02   4.368E+00
205.4  4.460E+02   4.058E+00
206.1  4.464E+02   3.763E+00
206.7  4.468E+02   3.482E+00
207.4  4.472E+02   3.216E+00
208.0  4.475E+02   2.965E+00
208.7  4.478E+02   2.729E+00
209.3  4.481E+02   2.511E+00
210.0  4.484E+02   2.309E+00
210.6  4.487E+02   2.116E+00
211.3  4.489E+02   1.937E+00
211.9  4.491E+02   1.772E+00
212.6  4.493E+02   1.621E+00
213.2  4.495E+02   1.485E+00
213.9  4.497E+02   1.363E+00
214.5  4.498E+02   1.255E+00
215.2  4.500E+02   1.151E+00
215.8  4.501E+02   1.057E+00
216.5  4.502E+02   9.723E-01
217.1  4.503E+02   8.964E-01
217.8  4.504E+02   8.289E-01
218.4  4.505E+02   7.692E-01
219.1  4.506E+02   7.164E-01
219.7  4.506E+02   6.660E-01
220.4  4.507E+02   6.200E-01
221.0  4.507E+02   5.775E-01
221.7  4.508E+02   5.378E-01
222.3  4.509E+02   5.002E-01
223.0  4.509E+02   4.638E-01
223.6  4.509E+02   4.293E-01
224.3  4.510E+02   4.005E-01
224.9  4.510E+02   3.735E-01
225.6  4.511E+02   3.479E-01
226.2  4.511E+02   3.231E-01
226.9  4.511E+02   2.989E-01
227.5  4.512E+02   2.748E-01
228.2  4.512E+02   2.525E-01
228.8  4.512E+02   2.346E-01
229.5  4.512E+02   2.183E-01
230.1  4.513E+02   2.034E-01
230.8  4.513E+02   1.899E-01
231.4  4.513E+02   1.776E-01
232.1  4.513E+02   1.666E-01
232.7  4.513E+02   1.563E-01
233.4  4.513E+02   1.465E-01
234.0  4.513E+02   1.374E-01
234.7  4.514E+02   1.287E-01
235.3  4.514E+02   1.204E-01
236.0  4.514E+02   1.124E-01
236.6  4.514E+02   1.045E-01
237.3  4.514E+02   9.782E-02
237.9  4.514E+02   9.236E-02
238.6  4.514E+02   8.754E-02
239.2  4.514E+02   8.336E-02
239.9  4.514E+02   7.978E-02
240.5  4.514E+02   7.680E-02
241.2  4.514E+02   7.439E-02
241.8  4.514E+02   7.194E-02
242.5  4.514E+02   6.960E-02
243.1  4.514E+02   6.743E-02
243.8  4.514E+02   6.537E-02
244.4  4.514E+02   6.337E-02
245.1  4.514E+02   6.135E-02
245.7  4.514E+02   5.927E-02
246.4  4.515E+02   5.687E-02
247.0  4.515E+02   5.577E-02
247.7  4.515E+02   5.463E-02
248.3  4.515E+02   5.344E-02
249.0  4.515E+02   5.220E-02
249.6  4.515E+02   5.091E-02
250.0  4.515E+02   5.010E-02



Variable Influent Data to Bed Number 8 is given below:
Time   Cin(1,T)    Cin(2, T)   Cin(3, T)   Cin(4, T)   Cin(5, T)   Cin(6, T)
(min)  (mg/L)      (mg/L)      (mg/L)      (mg/L)      (mg/L)      (mg/L)
0.0    2.258E-01   3.331E+02
0.7    2.258E-01   3.331E+02
1.3    2.258E-01   3.331E+02
2.0    2.258E-01   3.331E+02
2.6    2.258E-01   3.331E+02
3.3    2.258E-01   3.331E+02
3.9    2.258E-01   3.331E+02
4.6    2.258E-01   3.331E+02
5.2    2.258E-01   3.331E+02
5.9    2.258E-01   3.331E+02
6.5    2.258E-01   3.331E+02
7.2    2.258E-01   3.331E+02
7.8    2.258E-01   3.331E+02
8.5    2.258E-01   3.331E+02
9.1    2.258E-01   3.331E+02
9.8    2.258E-01   3.331E+02
10.4   2.258E-01   3.331E+02
11.1   2.258E-01   3.331E+02
11.7   2.258E-01   3.331E+02
12.4   2.258E-01   3.331E+02
13.0   2.258E-01   3.331E+02
13.7   2.258E-01   3.331E+02
14.3   2.258E-01   3.331E+02
15.0   2.258E-01   3.331E+02
15.6   2.258E-01   3.331E+02
16.3   2.258E-01   3.331E+02
16.9   2.258E-01   3.331E+02
17.6   2.258E-01   3.331E+02
18.2   2.258E-01   3.331E+02
18.9   2.258E-01   3.331E+02
19.5   2.258E-01   3.331E+02
20.2   2.258E-01   3.331E+02
20.8   2.258E-01   3.331E+02
21.5   2.258E-01   3.331E+02
22.1   2.258E-01   3.331E+02
22.8   2.258E-01   3.331E+02
23.4   2.258E-01   3.331E+02
24.1   2.258E-01   3.331E+02
24.7   2.258E-01   3.331E+02
25.4   2.258E-01   3.331E+02
26.0   2.258E-01   3.331E+02
26.7   2.258E-01   3.331E+02
27.3   2.258E-01   3.331E+02
28.0   2.258E-01   3.331E+02
28.6   2.258E-01   3.331E+02
29.3   2.258E-01   3.331E+02
29.9   2.258E-01   3.331E+02
30.6   2.258E-01   3.331E+02
31.2   2.258E-01   3.331E+02
31.9   2.258E-01   3.331E+02
32.5   2.258E-01   3.331E+02
33.2   2.258E-01   3.331E+02
33.8   2.258E-01   3.331E+02
34.5   2.258E-01   3.331E+02
35.1   2.258E-01   3.331E+02
35.8   2.258E-01   3.331E+02
36.4   2.258E-01   3.331E+02
37.1   2.258E-01   3.331E+02
37.7   2.258E-01   3.331E+02
38.4   2.258E-01   3.331E+02
39.0   2.258E-01   3.331E+02
39.7   2.258E-01   3.331E+02
40.3   2.258E-01   3.331E+02
41.0   2.258E-01   3.331E+02
41.6   2.258E-01   3.331E+02
42.3   2.258E-01   3.331E+02
42.9   2.258E-01   3.331E+02
43.6   2.258E-01   3.331E+02
44.2   2.258E-01   3.331E+02
44.9   2.258E-01   3.331E+02
45.5   2.258E-01   3.331E+02
46.2   2.258E-01   3.331E+02
46.8   2.258E-01   3.331E+02
47.5   2.258E-01   3.331E+02
48.1   2.258E-01   3.331E+02
48.8   2.258E-01   3.331E+02
49.4   2.464E-01   3.331E+02
50.1   2.921E-01   3.330E+02
50.7   3.454E-01   3.330E+02
51.4   4.081E-01   3.330E+02
52.0   4.827E-01   3.329E+02
52.7   5.707E-01   3.328E+02
53.3   6.738E-01   3.328E+02
54.0   7.958E-01   3.327E+02
54.6   9.392E-01   3.326E+02
55.3   1.105E+00   3.324E+02
55.9   1.296E+00   3.323E+02
56.6   1.516E+00   3.321E+02
57.2   1.769E+00   3.320E+02
57.9   2.061E+00   3.317E+02
58.5   2.396E+00   3.315E+02
59.2   2.781E+00   3.312E+02
59.8   3.229E+00   3.309E+02
60.5   3.745E+00   3.305E+02
61.1   4.335E+00   3.301E+02
61.8   5.007E+00   3.296E+02
62.4   5.770E+00   3.290E+02
63.1   6.637E+00   3.284E+02
63.7   7.608E+00   3.277E+02
64.4   8.697E+00   3.268E+02
65.0   9.908E+00   3.260E+02
65.7   1.123E+01   3.250E+02
66.3   1.268E+01   3.239E+02
67.0   1.424E+01   3.228E+02
67.6   1.587E+01   3.216E+02
68.3   1.756E+01   3.203E+02
68.9   1.927E+01   3.190E+02
69.6   2.097E+01   3.178E+02
70.2   2.262E+01   3.166E+02
70.9   2.420E+01   3.154E+02
71.5   2.571E+01   3.143E+02
72.2   2.715E+01   3.132E+02
72.8   2.855E+01   3.122E+02
73.5   2.993E+01   3.112E+02
74.1   3.133E+01   3.101E+02
74.8   3.275E+01   3.091E+02
75.4   3.420E+01   3.080E+02
76.1   3.574E+01   3.069E+02
76.7   3.740E+01   3.057E+02
77.4   3.910E+01   3.044E+02
78.0   4.076E+01   3.032E+02
78.7   4.249E+01   3.019E+02
79.3   4.436E+01   3.005E+02
80.0   4.633E+01   2.991E+02
80.6   4.835E+01   2.976E+02
81.3   5.046E+01   2.960E+02
81.9   5.265E+01   2.944E+02
82.6   5.494E+01   2.927E+02
83.2   5.731E+01   2.910E+02
83.9   5.978E+01   2.891E+02
84.5   6.233E+01   2.873E+02
85.2   6.494E+01   2.853E+02
85.8   6.762E+01   2.834E+02
86.5   7.037E+01   2.813E+02
87.1   7.320E+01   2.792E+02
87.8   7.609E+01   2.771E+02
88.4   7.904E+01   2.749E+02
89.1   8.204E+01   2.727E+02
89.7   8.510E+01   2.705E+02
90.4   8.823E+01   2.681E+02
91.0   9.142E+01   2.658E+02
91.7   9.464E+01   2.634E+02
92.3   9.791E+01   2.610E+02
93.0   1.012E+02   2.586E+02
93.6   1.045E+02   2.561E+02
94.3   1.079E+02   2.537E+02
94.9   1.112E+02   2.512E+02
95.6   1.145E+02   2.487E+02
96.2   1.178E+02   2.463E+02
96.9   1.211E+02   2.439E+02
97.5   1.243E+02   2.415E+02
98.2   1.275E+02   2.392E+02
98.8   1.306E+02   2.369E+02
99.5   1.337E+02   2.346E+02
100.1  1.366E+02   2.324E+02
100.8  1.395E+02   2.303E+02
101.4  1.423E+02   2.282E+02
102.1  1.450E+02   2.263E+02
102.7  1.475E+02   2.244E+02
103.4  1.500E+02   2.225E+02
104.0  1.525E+02   2.207E+02
104.7  1.549E+02   2.190E+02
105.3  1.572E+02   2.172E+02
106.0  1.595E+02   2.155E+02
106.6  1.618E+02   2.138E+02
107.3  1.641E+02   2.122E+02
107.9  1.663E+02   2.105E+02
108.6  1.686E+02   2.088E+02
109.2  1.709E+02   2.071E+02
109.9  1.732E+02   2.054E+02
110.5  1.755E+02   2.037E+02
111.2  1.778E+02   2.020E+02
111.8  1.801E+02   2.003E+02
112.5  1.825E+02   1.986E+02
113.1  1.849E+02   1.968E+02
113.8  1.873E+02   1.950E+02
114.4  1.897E+02   1.933E+02
115.1  1.921E+02   1.915E+02
115.7  1.946E+02   1.896E+02
116.4  1.971E+02   1.878E+02
117.0  1.996E+02   1.859E+02
117.7  2.021E+02   1.841E+02
118.3  2.047E+02   1.822E+02
119.0  2.073E+02   1.803E+02
119.6  2.098E+02   1.784E+02
120.3  2.124E+02   1.765E+02
120.9  2.150E+02   1.745E+02
121.6  2.177E+02   1.726E+02
122.2  2.203E+02   1.707E+02
122.9  2.230E+02   1.687E+02
123.5  2.256E+02   1.667E+02
124.2  2.283E+02   1.648E+02
124.8  2.310E+02   1.628E+02
125.5  2.337E+02   1.608E+02
126.1  2.364E+02   1.588E+02
126.8  2.391E+02   1.568E+02
127.4  2.418E+02   1.548E+02
128.1  2.445E+02   1.528E+02
128.7  2.472E+02   1.508E+02
129.4  2.499E+02   1.488E+02
130.0  2.526E+02   1.469E+02
130.7  2.552E+02   1.449E+02
131.3  2.578E+02   1.430E+02
132.0  2.604E+02   1.410E+02
132.6  2.630E+02   1.391E+02
133.3  2.656E+02   1.372E+02
133.9  2.681E+02   1.354E+02
134.6  2.706E+02   1.335E+02
135.2  2.731E+02   1.317E+02
135.9  2.755E+02   1.299E+02
136.5  2.779E+02   1.282E+02
137.2  2.802E+02   1.265E+02
137.8  2.825E+02   1.248E+02
138.5  2.848E+02   1.231E+02
139.1  2.870E+02   1.214E+02
139.8  2.892E+02   1.198E+02
140.4  2.913E+02   1.183E+02
141.1  2.934E+02   1.167E+02
141.7  2.955E+02   1.152E+02
142.4  2.975E+02   1.137E+02
143.0  2.996E+02   1.122E+02
143.7  3.015E+02   1.107E+02
144.3  3.035E+02   1.093E+02
145.0  3.054E+02   1.079E+02
145.6  3.072E+02   1.065E+02
146.3  3.090E+02   1.052E+02
146.9  3.108E+02   1.039E+02
147.6  3.125E+02   1.026E+02
148.2  3.142E+02   1.013E+02
148.9  3.159E+02   1.001E+02
149.5  3.177E+02   9.881E+01
150.2  3.194E+02   9.754E+01
150.8  3.211E+02   9.627E+01
151.5  3.228E+02   9.502E+01
152.1  3.245E+02   9.379E+01
152.8  3.261E+02   9.256E+01
153.4  3.278E+02   9.134E+01
154.1  3.294E+02   9.013E+01
154.7  3.311E+02   8.891E+01
155.4  3.327E+02   8.770E+01
156.0  3.344E+02   8.648E+01
156.7  3.360E+02   8.527E+01
157.3  3.377E+02   8.404E+01
158.0  3.393E+02   8.282E+01
158.6  3.410E+02   8.160E+01
159.3  3.426E+02   8.038E+01
159.9  3.443E+02   7.916E+01
160.6  3.459E+02   7.794E+01
161.2  3.476E+02   7.671E+01
161.9  3.492E+02   7.550E+01
162.5  3.509E+02   7.429E+01
163.2  3.525E+02   7.308E+01
163.8  3.541E+02   7.188E+01
164.5  3.558E+02   7.068E+01
165.1  3.574E+02   6.949E+01
165.8  3.590E+02   6.830E+01
166.4  3.606E+02   6.711E+01
167.1  3.622E+02   6.593E+01
167.7  3.638E+02   6.475E+01
168.4  3.654E+02   6.358E+01
169.0  3.670E+02   6.241E+01
169.7  3.686E+02   6.124E+01
170.3  3.701E+02   6.008E+01
171.0  3.717E+02   5.893E+01
171.6  3.732E+02   5.778E+01
172.3  3.748E+02   5.664E+01
172.9  3.763E+02   5.551E+01
173.6  3.778E+02   5.439E+01
174.2  3.794E+02   5.327E+01
174.9  3.808E+02   5.217E+01
175.5  3.823E+02   5.108E+01
176.2  3.838E+02   4.999E+01
176.8  3.852E+02   4.892E+01
177.5  3.867E+02   4.786E+01
178.1  3.881E+02   4.681E+01
178.8  3.895E+02   4.577E+01
179.4  3.909E+02   4.475E+01
180.1  3.923E+02   4.375E+01
180.7  3.936E+02   4.277E+01
181.4  3.949E+02   4.180E+01
182.0  3.962E+02   4.085E+01
182.7  3.974E+02   3.993E+01
183.3  3.987E+02   3.902E+01
184.0  3.999E+02   3.813E+01
184.6  4.011E+02   3.726E+01
185.3  4.022E+02   3.640E+01
185.9  4.033E+02   3.556E+01
186.6  4.045E+02   3.474E+01
187.2  4.055E+02   3.394E+01
187.9  4.066E+02   3.316E+01
188.5  4.077E+02   3.239E+01
189.2  4.087E+02   3.163E+01
189.8  4.097E+02   3.089E+01
190.5  4.107E+02   3.016E+01
191.1  4.116E+02   2.945E+01
191.8  4.126E+02   2.875E+01
192.4  4.135E+02   2.807E+01
193.1  4.144E+02   2.740E+01
193.7  4.153E+02   2.674E+01
194.4  4.162E+02   2.609E+01
195.0  4.170E+02   2.545E+01
195.7  4.179E+02   2.483E+01
196.3  4.187E+02   2.421E+01
197.0  4.195E+02   2.360E+01
197.6  4.204E+02   2.300E+01
198.3  4.212E+02   2.241E+01
198.9  4.220E+02   2.183E+01
199.6  4.227E+02   2.125E+01
200.2  4.235E+02   2.067E+01
200.9  4.243E+02   2.010E+01
201.5  4.251E+02   1.954E+01
202.2  4.258E+02   1.898E+01
202.8  4.266E+02   1.843E+01
203.5  4.273E+02   1.788E+01
204.1  4.280E+02   1.734E+01
204.8  4.288E+02   1.679E+01
205.4  4.295E+02   1.625E+01
206.1  4.302E+02   1.572E+01
206.7  4.310E+02   1.519E+01
207.4  4.317E+02   1.467E+01
208.0  4.324E+02   1.415E+01
208.7  4.331E+02   1.364E+01
209.3  4.337E+02   1.313E+01
210.0  4.344E+02   1.263E+01
210.6  4.351E+02   1.214E+01
211.3  4.357E+02   1.165E+01
211.9  4.364E+02   1.117E+01
212.6  4.370E+02   1.070E+01
213.2  4.377E+02   1.023E+01
213.9  4.383E+02   9.770E+00
214.5  4.389E+02   9.320E+00
215.2  4.395E+02   8.878E+00
215.8  4.401E+02   8.445E+00
216.5  4.407E+02   8.021E+00
217.1  4.412E+02   7.607E+00
217.8  4.418E+02   7.203E+00
218.4  4.423E+02   6.810E+00
219.1  4.428E+02   6.428E+00
219.7  4.433E+02   6.057E+00
220.4  4.438E+02   5.698E+00
221.0  4.443E+02   5.352E+00
221.7  4.447E+02   5.018E+00
222.3  4.452E+02   4.696E+00
223.0  4.456E+02   4.386E+00
223.6  4.460E+02   4.090E+00
224.3  4.464E+02   3.807E+00
224.9  4.467E+02   3.538E+00
225.6  4.471E+02   3.282E+00
226.2  4.474E+02   3.040E+00
226.9  4.477E+02   2.811E+00
227.5  4.480E+02   2.597E+00
228.2  4.483E+02   2.396E+00
228.8  4.485E+02   2.211E+00
229.5  4.488E+02   2.039E+00
230.1  4.490E+02   1.877E+00
230.8  4.492E+02   1.728E+00
231.4  4.494E+02   1.591E+00
232.1  4.495E+02   1.467E+00
232.7  4.497E+02   1.354E+00
233.4  4.498E+02   1.252E+00
234.0  4.500E+02   1.154E+00
234.7  4.501E+02   1.063E+00
235.3  4.502E+02   9.796E-01
236.0  4.503E+02   9.018E-01
236.6  4.504E+02   8.292E-01
237.3  4.505E+02   7.624E-01
237.9  4.506E+02   7.030E-01
238.6  4.507E+02   6.487E-01
239.2  4.507E+02   5.990E-01
239.9  4.508E+02   5.535E-01
240.5  4.508E+02   5.117E-01
241.2  4.509E+02   4.735E-01
241.8  4.509E+02   4.391E-01
242.5  4.510E+02   4.075E-01
243.1  4.510E+02   3.785E-01
243.8  4.511E+02   3.516E-01
244.4  4.511E+02   3.264E-01
245.1  4.511E+02   3.032E-01
245.7  4.511E+02   2.827E-01
246.4  4.512E+02   2.636E-01
247.0  4.512E+02   2.458E-01
247.7  4.512E+02   2.291E-01
248.3  4.512E+02   2.131E-01
249.0  4.513E+02   1.984E-01
249.6  4.513E+02   1.858E-01
250.0  4.513E+02   1.786E-01
