 HO*         
 gmol/L
#TANK TIME(SEC) TIME(MIN) CONC
  1      0.      .0     .000E+00
  1     10.      .2     .816E-12
  1     20.      .3     .815E-12
  1     30.      .5     .815E-12
  1     40.      .7     .815E-12
  1     50.      .8     .814E-12
  1     60.     1.0     .814E-12
  1     70.     1.2     .813E-12
  1     80.     1.3     .813E-12
  1     90.     1.5     .813E-12
  1    100.     1.7     .812E-12
  1    110.     1.8     .812E-12
  1    120.     2.0     .811E-12
  1    130.     2.2     .811E-12
  1    140.     2.3     .811E-12
  1    150.     2.5     .810E-12
  1    160.     2.7     .810E-12
  1    170.     2.8     .810E-12
  1    180.     3.0     .809E-12
  1    190.     3.2     .809E-12
  1    200.     3.3     .808E-12
  1    210.     3.5     .808E-12
  1    220.     3.7     .808E-12
  1    230.     3.8     .807E-12
  1    240.     4.0     .807E-12
  1    250.     4.2     .807E-12
  1    260.     4.3     .806E-12
  1    270.     4.5     .806E-12
  1    280.     4.7     .805E-12
  1    290.     4.8     .805E-12
  1    300.     5.0     .805E-12
  1    310.     5.2     .804E-12
  1    320.     5.3     .804E-12
  1    330.     5.5     .803E-12
  1    340.     5.7     .803E-12
  1    350.     5.8     .803E-12
  1    360.     6.0     .802E-12
  1    370.     6.2     .802E-12
  1    380.     6.3     .802E-12
  1    390.     6.5     .801E-12
  1    400.     6.7     .801E-12
  1    410.     6.8     .800E-12
  1    420.     7.0     .800E-12
  1    430.     7.2     .800E-12
  1    440.     7.3     .799E-12
  1    450.     7.5     .799E-12
  1    460.     7.7     .799E-12
  1    470.     7.8     .798E-12
  1    480.     8.0     .798E-12
  1    490.     8.2     .797E-12
  1    500.     8.3     .797E-12
  1    510.     8.5     .797E-12
  1    520.     8.7     .796E-12
  1    530.     8.8     .796E-12
  1    540.     9.0     .795E-12
  1    550.     9.2     .795E-12
  1    560.     9.3     .795E-12
  1    570.     9.5     .794E-12
  1    580.     9.7     .794E-12
  1    590.     9.8     .794E-12
  1    600.    10.0     .793E-12
  1    610.    10.2     .793E-12
  1    620.    10.3     .792E-12
  1    630.    10.5     .792E-12
  1    640.    10.7     .792E-12
  1    650.    10.8     .791E-12
  1    660.    11.0     .791E-12
  1    670.    11.2     .790E-12
  1    680.    11.3     .790E-12
  1    690.    11.5     .790E-12
  1    700.    11.7     .789E-12
  1    710.    11.8     .789E-12
  1    720.    12.0     .789E-12
  1    730.    12.2     .788E-12
  1    740.    12.3     .788E-12
  1    750.    12.5     .787E-12
  1    760.    12.7     .787E-12
  1    770.    12.8     .787E-12
  1    780.    13.0     .786E-12
  1    790.    13.2     .786E-12
  1    800.    13.3     .785E-12
  1    810.    13.5     .785E-12
  1    820.    13.7     .785E-12
  1    830.    13.8     .784E-12
  1    840.    14.0     .784E-12
  1    850.    14.2     .784E-12
  1    860.    14.3     .783E-12
  1    870.    14.5     .783E-12
  1    880.    14.7     .782E-12
  1    890.    14.8     .782E-12
  1    900.    15.0     .782E-12
  1    910.    15.2     .781E-12
  1    920.    15.3     .781E-12
  1    930.    15.5     .781E-12
  1    940.    15.7     .780E-12
  1    950.    15.8     .780E-12
  1    960.    16.0     .779E-12
  1    970.    16.2     .779E-12
  1    980.    16.3     .779E-12
  1    990.    16.5     .778E-12
  1   1000.    16.7     .778E-12
  1   1010.    16.8     .777E-12
  1   1020.    17.0     .777E-12
  1   1030.    17.2     .777E-12
  1   1040.    17.3     .776E-12
  1   1050.    17.5     .776E-12
  1   1060.    17.7     .776E-12
  1   1070.    17.8     .775E-12
  1   1080.    18.0     .775E-12
  1   1090.    18.2     .774E-12
  1   1100.    18.3     .774E-12
  1   1110.    18.5     .774E-12
  1   1120.    18.7     .773E-12
  1   1130.    18.8     .773E-12
  1   1140.    19.0     .772E-12
  1   1150.    19.2     .772E-12
  1   1160.    19.3     .772E-12
  1   1170.    19.5     .771E-12
  1   1180.    19.7     .771E-12
  1   1190.    19.8     .771E-12
  1   1200.    20.0     .770E-12
  1   1210.    20.2     .770E-12
  1   1220.    20.3     .769E-12
  1   1230.    20.5     .769E-12
  1   1240.    20.7     .769E-12
  1   1250.    20.8     .768E-12
  1   1260.    21.0     .768E-12
  1   1270.    21.2     .767E-12
  1   1280.    21.3     .767E-12
  1   1290.    21.5     .767E-12
  1   1300.    21.7     .766E-12
  1   1310.    21.8     .766E-12
  1   1320.    22.0     .765E-12
  1   1330.    22.2     .765E-12
  1   1340.    22.3     .765E-12
  1   1350.    22.5     .764E-12
  1   1360.    22.7     .764E-12
  1   1370.    22.8     .764E-12
  1   1380.    23.0     .763E-12
  1   1390.    23.2     .763E-12
  1   1400.    23.3     .762E-12
  1   1410.    23.5     .762E-12
  1   1420.    23.7     .762E-12
  1   1430.    23.8     .761E-12
  1   1440.    24.0     .761E-12
  1   1450.    24.2     .760E-12
  1   1460.    24.3     .760E-12
  1   1470.    24.5     .760E-12
  1   1480.    24.7     .759E-12
  1   1490.    24.8     .759E-12
  1   1500.    25.0     .759E-12
  1   1510.    25.2     .758E-12
 END_OF_TANK
 END_OF_FILE
