          .0000     99999.0000       856.7420       977.3400     99999.0000
     99999.0000      1619.1200     99999.0000     99999.0000     99999.0000
     99999.0000     99999.0000     99999.0000     99999.0000     99999.0000
     99999.0000     99999.0000     99999.0000     99999.0000     99999.0000
       919.3210       365.0270       -99.2430     99999.0000     99999.0000
     99999.0000     99999.0000     99999.0000     99999.0000     99999.0000
     99999.0000     99999.0000       746.5660     99999.0000     99999.0000
     99999.0000     99999.0000     99999.0000     99999.0000     99999.0000
     99999.0000     99999.0000     99999.0000     99999.0000     99999.0000
     99999.0000     99999.0000     99999.0000     99999.0000     99999.0000
     99999.0000     99999.0000     99999.0000     99999.0000     99999.0000
     99999.0000     99999.0000     99999.0000
     99999.0000          .0000     99999.0000     99999.0000     99999.0000
     99999.0000      2435.7700     99999.0000     99999.0000     99999.0000
     99999.0000     99999.0000     99999.0000     99999.0000     99999.0000
     99999.0000     99999.0000     99999.0000     99999.0000     99999.0000
     99999.0000     99999.0000     99999.0000     99999.0000     99999.0000
     99999.0000     99999.0000     99999.0000     99999.0000     99999.0000
     99999.0000     99999.0000     99999.0000     99999.0000     99999.0000
     99999.0000      -119.7240     99999.0000     99999.0000     99999.0000
     99999.0000     99999.0000     99999.0000     99999.0000     99999.0000
     99999.0000     99999.0000     99999.0000     99999.0000     99999.0000
     99999.0000     99999.0000     99999.0000     99999.0000     99999.0000
     99999.0000     99999.0000     99999.0000
       -35.2540     99999.0000          .0000      -385.4800     99999.0000
     99999.0000      1739.2620     99999.0000     99999.0000     99999.0000
     99999.0000     99999.0000     99999.0000     99999.0000     99999.0000
     99999.0000     99999.0000     99999.0000     99999.0000     99999.0000
     99999.0000     99999.0000     99999.0000     99999.0000       489.1990
     99999.0000     99999.0000     99999.0000     99999.0000     99999.0000
     99999.0000     99999.0000     99999.0000     99999.0000     99999.0000
     99999.0000     99999.0000     99999.0000     99999.0000     99999.0000
     99999.0000     99999.0000     99999.0000     99999.0000     99999.0000
     99999.0000     99999.0000     99999.0000     99999.0000     99999.0000
     99999.0000     99999.0000     99999.0000     99999.0000     99999.0000
     99999.0000     99999.0000     99999.0000
        -9.9870     99999.0000       616.1080          .0000     99999.0000
     99999.0000       286.9760     99999.0000     99999.0000     99999.0000
     99999.0000     99999.0000     99999.0000     99999.0000     99999.0000
     99999.0000     99999.0000     99999.0000     99999.0000     99999.0000
     99999.0000     99999.0000     99999.0000     99999.0000     99999.0000
     99999.0000     99999.0000     99999.0000     99999.0000     99999.0000
     99999.0000     99999.0000     99999.0000     99999.0000     99999.0000
     99999.0000     99999.0000     99999.0000     99999.0000     99999.0000
     99999.0000     99999.0000     99999.0000     99999.0000     99999.0000
     99999.0000     99999.0000     99999.0000     99999.0000     99999.0000
     99999.0000     99999.0000     99999.0000     99999.0000     99999.0000
     99999.0000     99999.0000     99999.0000
     99999.0000     99999.0000     99999.0000     99999.0000          .0000
     99999.0000     99999.0000     99999.0000     99999.0000     99999.0000
     99999.0000     99999.0000     99999.0000     99999.0000     99999.0000
     99999.0000     99999.0000     99999.0000     99999.0000     99999.0000
     99999.0000     99999.0000     99999.0000     99999.0000     99999.0000
     99999.0000     99999.0000     99999.0000     99999.0000     99999.0000
     99999.0000     99999.0000     99999.0000     99999.0000     99999.0000
     99999.0000     99999.0000     99999.0000     99999.0000     99999.0000
     99999.0000     99999.0000     99999.0000     99999.0000     99999.0000
     99999.0000     99999.0000     99999.0000     99999.0000     99999.0000
     99999.0000     99999.0000     99999.0000     99999.0000     99999.0000
     99999.0000     99999.0000     99999.0000
     99999.0000     99999.0000     99999.0000     99999.0000     99999.0000
          .0000     99999.0000     99999.0000     99999.0000     99999.0000
     99999.0000     99999.0000     99999.0000     99999.0000     99999.0000
     99999.0000     99999.0000     99999.0000     99999.0000     99999.0000
     99999.0000     99999.0000     99999.0000     99999.0000     99999.0000
     99999.0000     99999.0000     99999.0000     99999.0000     99999.0000
     99999.0000     99999.0000     99999.0000     99999.0000     99999.0000
     99999.0000     99999.0000     99999.0000     99999.0000     99999.0000
     99999.0000     99999.0000     99999.0000     99999.0000     99999.0000
     99999.0000     99999.0000     99999.0000     99999.0000     99999.0000
     99999.0000     99999.0000     99999.0000     99999.0000     99999.0000
     99999.0000     99999.0000     99999.0000
       525.6150       400.4240       344.7950       364.6750     99999.0000
     99999.0000          .0000     99999.0000     99999.0000     99999.0000
     99999.0000     99999.0000     99999.0000     99999.0000     99999.0000
     99999.0000     99999.0000     99999.0000     99999.0000     99999.0000
       835.1630       375.2750      1456.8610       490.7240       482.0300
     99999.0000     99999.0000     99999.0000     99999.0000     99999.0000
     99999.0000     99999.0000       371.4860     99999.0000     99999.0000
     99999.0000       572.8050     99999.0000     99999.0000      1017.0630
     99999.0000     99999.0000     99999.0000     99999.0000     99999.0000
     99999.0000     99999.0000     99999.0000     99999.0000     99999.0000
     99999.0000     99999.0000     99999.0000     99999.0000     99999.0000
     99999.0000     99999.0000     99999.0000
     99999.0000     99999.0000     99999.0000     99999.0000     99999.0000
     99999.0000     99999.0000          .0000     99999.0000     99999.0000
     99999.0000     99999.0000     99999.0000     99999.0000     99999.0000
     99999.0000     99999.0000     99999.0000     99999.0000     99999.0000
     99999.0000     99999.0000     99999.0000     99999.0000     99999.0000
     99999.0000     99999.0000     99999.0000     99999.0000     99999.0000
     99999.0000     99999.0000     99999.0000     99999.0000     99999.0000
     99999.0000     99999.0000     99999.0000     99999.0000     99999.0000
     99999.0000     99999.0000     99999.0000     99999.0000     99999.0000
     99999.0000     99999.0000     99999.0000     99999.0000     99999.0000
     99999.0000     99999.0000     99999.0000     99999.0000     99999.0000
     99999.0000     99999.0000     99999.0000
     99999.0000     99999.0000     99999.0000     99999.0000     99999.0000
     99999.0000     99999.0000     99999.0000          .0000     99999.0000
     99999.0000     99999.0000     99999.0000     99999.0000     99999.0000
     99999.0000     99999.0000     99999.0000     99999.0000     99999.0000
     99999.0000     99999.0000     99999.0000     99999.0000     99999.0000
     99999.0000     99999.0000     99999.0000     99999.0000     99999.0000
     99999.0000     99999.0000     99999.0000     99999.0000     99999.0000
     99999.0000     99999.0000     99999.0000     99999.0000     99999.0000
     99999.0000     99999.0000     99999.0000     99999.0000     99999.0000
     99999.0000     99999.0000     99999.0000     99999.0000     99999.0000
     99999.0000     99999.0000     99999.0000     99999.0000     99999.0000
     99999.0000     99999.0000     99999.0000
     99999.0000     99999.0000     99999.0000     99999.0000     99999.0000
     99999.0000     99999.0000     99999.0000     99999.0000          .0000
     99999.0000     99999.0000     99999.0000     99999.0000     99999.0000
     99999.0000     99999.0000     99999.0000     99999.0000     99999.0000
     99999.0000     99999.0000     99999.0000     99999.0000     99999.0000
     99999.0000     99999.0000     99999.0000     99999.0000     99999.0000
     99999.0000     99999.0000     99999.0000     99999.0000     99999.0000
     99999.0000     99999.0000     99999.0000     99999.0000     99999.0000
     99999.0000     99999.0000     99999.0000     99999.0000     99999.0000
     99999.0000     99999.0000     99999.0000     99999.0000     99999.0000
     99999.0000     99999.0000     99999.0000     99999.0000     99999.0000
     99999.0000     99999.0000     99999.0000
     99999.0000     99999.0000     99999.0000     99999.0000     99999.0000
     99999.0000     99999.0000     99999.0000     99999.0000     99999.0000
          .0000     99999.0000     99999.0000     99999.0000     99999.0000
     99999.0000     99999.0000     99999.0000     99999.0000     99999.0000
     99999.0000     99999.0000     99999.0000     99999.0000     99999.0000
     99999.0000     99999.0000     99999.0000     99999.0000     99999.0000
     99999.0000     99999.0000     99999.0000     99999.0000     99999.0000
     99999.0000     99999.0000     99999.0000     99999.0000     99999.0000
     99999.0000     99999.0000     99999.0000     99999.0000     99999.0000
     99999.0000     99999.0000     99999.0000     99999.0000     99999.0000
     99999.0000     99999.0000     99999.0000     99999.0000     99999.0000
     99999.0000     99999.0000     99999.0000
     99999.0000     99999.0000     99999.0000     99999.0000     99999.0000
     99999.0000     99999.0000     99999.0000     99999.0000     99999.0000
     99999.0000          .0000     99999.0000     99999.0000     99999.0000
     99999.0000     99999.0000     99999.0000     99999.0000     99999.0000
     99999.0000     99999.0000     99999.0000     99999.0000     99999.0000
     99999.0000     99999.0000     99999.0000     99999.0000     99999.0000
     99999.0000     99999.0000     99999.0000     99999.0000     99999.0000
     99999.0000     99999.0000     99999.0000     99999.0000     99999.0000
     99999.0000     99999.0000     99999.0000     99999.0000     99999.0000
     99999.0000     99999.0000     99999.0000     99999.0000     99999.0000
     99999.0000     99999.0000     99999.0000     99999.0000     99999.0000
     99999.0000     99999.0000     99999.0000
     99999.0000     99999.0000     99999.0000     99999.0000     99999.0000
     99999.0000     99999.0000     99999.0000     99999.0000     99999.0000
     99999.0000     99999.0000          .0000     99999.0000     99999.0000
     99999.0000     99999.0000     99999.0000     99999.0000     99999.0000
     99999.0000     99999.0000     99999.0000     99999.0000     99999.0000
     99999.0000     99999.0000     99999.0000     99999.0000     99999.0000
     99999.0000     99999.0000     99999.0000     99999.0000     99999.0000
     99999.0000     99999.0000     99999.0000     99999.0000     99999.0000
     99999.0000     99999.0000     99999.0000     99999.0000     99999.0000
     99999.0000     99999.0000     99999.0000     99999.0000     99999.0000
     99999.0000     99999.0000     99999.0000     99999.0000     99999.0000
     99999.0000     99999.0000     99999.0000
     99999.0000     99999.0000     99999.0000     99999.0000     99999.0000
     99999.0000     99999.0000     99999.0000     99999.0000     99999.0000
     99999.0000     99999.0000     99999.0000          .0000     99999.0000
     99999.0000     99999.0000     99999.0000     99999.0000     99999.0000
     99999.0000     99999.0000     99999.0000     99999.0000     99999.0000
     99999.0000     99999.0000     99999.0000     99999.0000     99999.0000
     99999.0000     99999.0000     99999.0000     99999.0000     99999.0000
     99999.0000     99999.0000     99999.0000     99999.0000     99999.0000
     99999.0000     99999.0000     99999.0000     99999.0000     99999.0000
     99999.0000     99999.0000     99999.0000     99999.0000     99999.0000
     99999.0000     99999.0000     99999.0000     99999.0000     99999.0000
     99999.0000     99999.0000     99999.0000
     99999.0000     99999.0000     99999.0000     99999.0000     99999.0000
     99999.0000     99999.0000     99999.0000     99999.0000     99999.0000
     99999.0000     99999.0000     99999.0000     99999.0000          .0000
     99999.0000     99999.0000     99999.0000     99999.0000     99999.0000
     99999.0000     99999.0000     99999.0000     99999.0000     99999.0000
     99999.0000     99999.0000     99999.0000     99999.0000     99999.0000
     99999.0000     99999.0000     99999.0000     99999.0000     99999.0000
     99999.0000     99999.0000     99999.0000     99999.0000     99999.0000
     99999.0000     99999.0000     99999.0000     99999.0000     99999.0000
     99999.0000     99999.0000     99999.0000     99999.0000     99999.0000
     99999.0000     99999.0000     99999.0000     99999.0000     99999.0000
     99999.0000     99999.0000     99999.0000
     99999.0000     99999.0000     99999.0000     99999.0000     99999.0000
     99999.0000     99999.0000     99999.0000     99999.0000     99999.0000
     99999.0000     99999.0000     99999.0000     99999.0000     99999.0000
          .0000     99999.0000     99999.0000     99999.0000     99999.0000
     99999.0000     99999.0000     99999.0000     99999.0000     99999.0000
     99999.0000     99999.0000     99999.0000     99999.0000     99999.0000
     99999.0000     99999.0000     99999.0000     99999.0000     99999.0000
     99999.0000     99999.0000     99999.0000     99999.0000     99999.0000
     99999.0000     99999.0000     99999.0000     99999.0000     99999.0000
     99999.0000     99999.0000     99999.0000     99999.0000     99999.0000
     99999.0000     99999.0000     99999.0000     99999.0000     99999.0000
     99999.0000     99999.0000     99999.0000
     99999.0000     99999.0000     99999.0000     99999.0000     99999.0000
     99999.0000     99999.0000     99999.0000     99999.0000     99999.0000
     99999.0000     99999.0000     99999.0000     99999.0000     99999.0000
     99999.0000          .0000     99999.0000     99999.0000     99999.0000
     99999.0000     99999.0000     99999.0000     99999.0000     99999.0000
     99999.0000     99999.0000     99999.0000     99999.0000     99999.0000
     99999.0000     99999.0000     99999.0000     99999.0000     99999.0000
     99999.0000     99999.0000     99999.0000     99999.0000     99999.0000
     99999.0000     99999.0000     99999.0000     99999.0000     99999.0000
     99999.0000     99999.0000     99999.0000     99999.0000     99999.0000
     99999.0000     99999.0000     99999.0000     99999.0000     99999.0000
     99999.0000     99999.0000     99999.0000
     99999.0000     99999.0000     99999.0000     99999.0000     99999.0000
     99999.0000     99999.0000     99999.0000     99999.0000     99999.0000
     99999.0000     99999.0000     99999.0000     99999.0000     99999.0000
     99999.0000     99999.0000          .0000     99999.0000     99999.0000
     99999.0000     99999.0000     99999.0000     99999.0000     99999.0000
     99999.0000     99999.0000     99999.0000     99999.0000     99999.0000
     99999.0000     99999.0000     99999.0000     99999.0000     99999.0000
     99999.0000     99999.0000     99999.0000     99999.0000     99999.0000
     99999.0000     99999.0000     99999.0000     99999.0000     99999.0000
     99999.0000     99999.0000     99999.0000     99999.0000     99999.0000
     99999.0000     99999.0000     99999.0000     99999.0000     99999.0000
     99999.0000     99999.0000     99999.0000
     99999.0000     99999.0000     99999.0000     99999.0000     99999.0000
     99999.0000     99999.0000     99999.0000     99999.0000     99999.0000
     99999.0000     99999.0000     99999.0000     99999.0000     99999.0000
     99999.0000     99999.0000     99999.0000          .0000     99999.0000
     99999.0000     99999.0000     99999.0000     99999.0000     99999.0000
     99999.0000     99999.0000     99999.0000     99999.0000     99999.0000
     99999.0000     99999.0000     99999.0000     99999.0000     99999.0000
     99999.0000     99999.0000     99999.0000     99999.0000     99999.0000
     99999.0000     99999.0000     99999.0000     99999.0000     99999.0000
     99999.0000     99999.0000     99999.0000     99999.0000     99999.0000
     99999.0000     99999.0000     99999.0000     99999.0000     99999.0000
     99999.0000     99999.0000     99999.0000
     99999.0000     99999.0000     99999.0000     99999.0000     99999.0000
     99999.0000     99999.0000     99999.0000     99999.0000     99999.0000
     99999.0000     99999.0000     99999.0000     99999.0000     99999.0000
     99999.0000     99999.0000     99999.0000     99999.0000          .0000
     99999.0000     99999.0000     99999.0000     99999.0000     99999.0000
     99999.0000     99999.0000     99999.0000     99999.0000     99999.0000
     99999.0000     99999.0000     99999.0000     99999.0000     99999.0000
     99999.0000     99999.0000     99999.0000     99999.0000     99999.0000
     99999.0000     99999.0000     99999.0000     99999.0000     99999.0000
     99999.0000     99999.0000     99999.0000     99999.0000     99999.0000
     99999.0000     99999.0000     99999.0000     99999.0000     99999.0000
     99999.0000     99999.0000     99999.0000
      -286.3360     99999.0000     99999.0000     99999.0000     99999.0000
     99999.0000      -170.9200     99999.0000     99999.0000     99999.0000
     99999.0000     99999.0000     99999.0000     99999.0000     99999.0000
     99999.0000     99999.0000     99999.0000     99999.0000     99999.0000
          .0000        -4.2960     99999.0000     99999.0000     99999.0000
     99999.0000     99999.0000     99999.0000     99999.0000     99999.0000
     99999.0000     99999.0000     99999.0000     99999.0000     99999.0000
     99999.0000     99999.0000     99999.0000     99999.0000     99999.0000
     99999.0000     99999.0000     99999.0000     99999.0000     99999.0000
     99999.0000     99999.0000     99999.0000     99999.0000     99999.0000
     99999.0000     99999.0000     99999.0000     99999.0000     99999.0000
     99999.0000     99999.0000     99999.0000
         9.3490     99999.0000     99999.0000     99999.0000     99999.0000
     99999.0000       760.2260     99999.0000     99999.0000     99999.0000
     99999.0000     99999.0000     99999.0000     99999.0000     99999.0000
     99999.0000     99999.0000     99999.0000     99999.0000     99999.0000
       317.7930          .0000     99999.0000     99999.0000     99999.0000
     99999.0000     99999.0000     99999.0000     99999.0000     99999.0000
     99999.0000     99999.0000     99999.0000     99999.0000     99999.0000
     99999.0000     99999.0000     99999.0000     99999.0000     99999.0000
     99999.0000     99999.0000     99999.0000     99999.0000     99999.0000
     99999.0000     99999.0000     99999.0000     99999.0000     99999.0000
     99999.0000     99999.0000     99999.0000     99999.0000     99999.0000
     99999.0000     99999.0000     99999.0000
        74.1850     99999.0000     99999.0000     99999.0000     99999.0000
     99999.0000      -392.5900     99999.0000     99999.0000     99999.0000
     99999.0000     99999.0000     99999.0000     99999.0000     99999.0000
     99999.0000     99999.0000     99999.0000     99999.0000     99999.0000
     99999.0000     99999.0000          .0000     99999.0000     99999.0000
     99999.0000     99999.0000     99999.0000     99999.0000     99999.0000
     99999.0000     99999.0000     99999.0000     99999.0000     99999.0000
     99999.0000     99999.0000     99999.0000     99999.0000       294.7060
     99999.0000     99999.0000     99999.0000     99999.0000     99999.0000
     99999.0000     99999.0000     99999.0000     99999.0000     99999.0000
     99999.0000     99999.0000     99999.0000     99999.0000     99999.0000
     99999.0000     99999.0000     99999.0000
     99999.0000     99999.0000     99999.0000     99999.0000     99999.0000
     99999.0000      2208.6079     99999.0000     99999.0000     99999.0000
     99999.0000     99999.0000     99999.0000     99999.0000     99999.0000
     99999.0000     99999.0000     99999.0000     99999.0000     99999.0000
     99999.0000     99999.0000     99999.0000          .0000     99999.0000
     99999.0000     99999.0000     99999.0000     99999.0000     99999.0000
     99999.0000     99999.0000     99999.0000     99999.0000     99999.0000
     99999.0000     99999.0000     99999.0000     99999.0000     99999.0000
     99999.0000     99999.0000     99999.0000     99999.0000     99999.0000
     99999.0000     99999.0000     99999.0000     99999.0000     99999.0000
     99999.0000     99999.0000     99999.0000     99999.0000     99999.0000
     99999.0000     99999.0000     99999.0000
     99999.0000     99999.0000      -309.2850     99999.0000     99999.0000
     99999.0000      1086.1130     99999.0000     99999.0000     99999.0000
     99999.0000     99999.0000     99999.0000     99999.0000     99999.0000
     99999.0000     99999.0000     99999.0000     99999.0000     99999.0000
     99999.0000     99999.0000     99999.0000     99999.0000          .0000
     99999.0000     99999.0000     99999.0000     99999.0000     99999.0000
     99999.0000     99999.0000     99999.0000     99999.0000     99999.0000
     99999.0000     99999.0000     99999.0000     99999.0000     99999.0000
     99999.0000     99999.0000     99999.0000     99999.0000     99999.0000
     99999.0000     99999.0000     99999.0000     99999.0000     99999.0000
     99999.0000     99999.0000     99999.0000     99999.0000     99999.0000
     99999.0000     99999.0000     99999.0000
     99999.0000     99999.0000     99999.0000     99999.0000     99999.0000
     99999.0000     99999.0000     99999.0000     99999.0000     99999.0000
     99999.0000     99999.0000     99999.0000     99999.0000     99999.0000
     99999.0000     99999.0000     99999.0000     99999.0000     99999.0000
     99999.0000     99999.0000     99999.0000     99999.0000     99999.0000
          .0000     99999.0000     99999.0000     99999.0000     99999.0000
     99999.0000     99999.0000     99999.0000     99999.0000     99999.0000
     99999.0000     99999.0000     99999.0000     99999.0000     99999.0000
     99999.0000     99999.0000     99999.0000     99999.0000     99999.0000
     99999.0000     99999.0000     99999.0000     99999.0000     99999.0000
     99999.0000     99999.0000     99999.0000     99999.0000     99999.0000
     99999.0000     99999.0000     99999.0000
     99999.0000     99999.0000     99999.0000     99999.0000     99999.0000
     99999.0000     99999.0000     99999.0000     99999.0000     99999.0000
     99999.0000     99999.0000     99999.0000     99999.0000     99999.0000
     99999.0000     99999.0000     99999.0000     99999.0000     99999.0000
     99999.0000     99999.0000     99999.0000     99999.0000     99999.0000
     99999.0000          .0000     99999.0000     99999.0000     99999.0000
     99999.0000     99999.0000     99999.0000     99999.0000     99999.0000
     99999.0000     99999.0000     99999.0000     99999.0000     99999.0000
     99999.0000     99999.0000     99999.0000     99999.0000     99999.0000
     99999.0000     99999.0000     99999.0000     99999.0000     99999.0000
     99999.0000     99999.0000     99999.0000     99999.0000     99999.0000
     99999.0000     99999.0000     99999.0000
     99999.0000     99999.0000     99999.0000     99999.0000     99999.0000
     99999.0000     99999.0000     99999.0000     99999.0000     99999.0000
     99999.0000     99999.0000     99999.0000     99999.0000     99999.0000
     99999.0000     99999.0000     99999.0000     99999.0000     99999.0000
     99999.0000     99999.0000     99999.0000     99999.0000     99999.0000
     99999.0000     99999.0000          .0000     99999.0000     99999.0000
     99999.0000     99999.0000     99999.0000     99999.0000     99999.0000
     99999.0000     99999.0000     99999.0000     99999.0000     99999.0000
     99999.0000     99999.0000     99999.0000     99999.0000     99999.0000
     99999.0000     99999.0000     99999.0000     99999.0000     99999.0000
     99999.0000     99999.0000     99999.0000     99999.0000     99999.0000
     99999.0000     99999.0000     99999.0000
     99999.0000     99999.0000     99999.0000     99999.0000     99999.0000
     99999.0000     99999.0000     99999.0000     99999.0000     99999.0000
     99999.0000     99999.0000     99999.0000     99999.0000     99999.0000
     99999.0000     99999.0000     99999.0000     99999.0000     99999.0000
     99999.0000     99999.0000     99999.0000     99999.0000     99999.0000
     99999.0000     99999.0000     99999.0000          .0000     99999.0000
     99999.0000     99999.0000     99999.0000     99999.0000     99999.0000
     99999.0000     99999.0000     99999.0000     99999.0000     99999.0000
     99999.0000     99999.0000     99999.0000     99999.0000     99999.0000
     99999.0000     99999.0000     99999.0000     99999.0000     99999.0000
     99999.0000     99999.0000     99999.0000     99999.0000     99999.0000
     99999.0000     99999.0000     99999.0000
     99999.0000     99999.0000     99999.0000     99999.0000     99999.0000
     99999.0000     99999.0000     99999.0000     99999.0000     99999.0000
     99999.0000     99999.0000     99999.0000     99999.0000     99999.0000
     99999.0000     99999.0000     99999.0000     99999.0000     99999.0000
     99999.0000     99999.0000     99999.0000     99999.0000     99999.0000
     99999.0000     99999.0000     99999.0000     99999.0000          .0000
     99999.0000     99999.0000     99999.0000     99999.0000     99999.0000
     99999.0000     99999.0000     99999.0000     99999.0000     99999.0000
     99999.0000     99999.0000     99999.0000     99999.0000     99999.0000
     99999.0000     99999.0000     99999.0000     99999.0000     99999.0000
     99999.0000     99999.0000     99999.0000     99999.0000     99999.0000
     99999.0000     99999.0000     99999.0000
     99999.0000     99999.0000     99999.0000     99999.0000     99999.0000
     99999.0000     99999.0000     99999.0000     99999.0000     99999.0000
     99999.0000     99999.0000     99999.0000     99999.0000     99999.0000
     99999.0000     99999.0000     99999.0000     99999.0000     99999.0000
     99999.0000     99999.0000     99999.0000     99999.0000     99999.0000
     99999.0000     99999.0000     99999.0000     99999.0000     99999.0000
          .0000     99999.0000     99999.0000     99999.0000     99999.0000
     99999.0000     99999.0000     99999.0000     99999.0000     99999.0000
     99999.0000     99999.0000     99999.0000     99999.0000     99999.0000
     99999.0000     99999.0000     99999.0000     99999.0000     99999.0000
     99999.0000     99999.0000     99999.0000     99999.0000     99999.0000
     99999.0000     99999.0000     99999.0000
     99999.0000     99999.0000     99999.0000     99999.0000     99999.0000
     99999.0000     99999.0000     99999.0000     99999.0000     99999.0000
     99999.0000     99999.0000     99999.0000     99999.0000     99999.0000
     99999.0000     99999.0000     99999.0000     99999.0000     99999.0000
     99999.0000     99999.0000     99999.0000     99999.0000     99999.0000
     99999.0000     99999.0000     99999.0000     99999.0000     99999.0000
     99999.0000          .0000     99999.0000     99999.0000     99999.0000
     99999.0000     99999.0000     99999.0000     99999.0000     99999.0000
     99999.0000     99999.0000     99999.0000     99999.0000     99999.0000
     99999.0000     99999.0000     99999.0000     99999.0000     99999.0000
     99999.0000     99999.0000     99999.0000     99999.0000     99999.0000
     99999.0000     99999.0000     99999.0000
       -23.7690     99999.0000     99999.0000     99999.0000     99999.0000
     99999.0000       597.2960     99999.0000     99999.0000     99999.0000
     99999.0000     99999.0000     99999.0000     99999.0000     99999.0000
     99999.0000     99999.0000     99999.0000     99999.0000     99999.0000
     99999.0000     99999.0000     99999.0000     99999.0000     99999.0000
     99999.0000     99999.0000     99999.0000     99999.0000     99999.0000
     99999.0000     99999.0000          .0000     99999.0000     99999.0000
     99999.0000     99999.0000     99999.0000     99999.0000     99999.0000
     99999.0000     99999.0000     99999.0000     99999.0000     99999.0000
     99999.0000     99999.0000     99999.0000     99999.0000     99999.0000
     99999.0000     99999.0000     99999.0000     99999.0000     99999.0000
     99999.0000     99999.0000     99999.0000
     99999.0000     99999.0000     99999.0000     99999.0000     99999.0000
     99999.0000     99999.0000     99999.0000     99999.0000     99999.0000
     99999.0000     99999.0000     99999.0000     99999.0000     99999.0000
     99999.0000     99999.0000     99999.0000     99999.0000     99999.0000
     99999.0000     99999.0000     99999.0000     99999.0000     99999.0000
     99999.0000     99999.0000     99999.0000     99999.0000     99999.0000
     99999.0000     99999.0000     99999.0000          .0000     99999.0000
     99999.0000     99999.0000     99999.0000     99999.0000     99999.0000
     99999.0000     99999.0000     99999.0000     99999.0000     99999.0000
     99999.0000     99999.0000     99999.0000     99999.0000     99999.0000
     99999.0000     99999.0000     99999.0000     99999.0000     99999.0000
     99999.0000     99999.0000     99999.0000
     99999.0000     99999.0000     99999.0000     99999.0000     99999.0000
     99999.0000     99999.0000     99999.0000     99999.0000     99999.0000
     99999.0000     99999.0000     99999.0000     99999.0000     99999.0000
     99999.0000     99999.0000     99999.0000     99999.0000     99999.0000
     99999.0000     99999.0000     99999.0000     99999.0000     99999.0000
     99999.0000     99999.0000     99999.0000     99999.0000     99999.0000
     99999.0000     99999.0000     99999.0000     99999.0000          .0000
     99999.0000     99999.0000     99999.0000     99999.0000     99999.0000
     99999.0000     99999.0000     99999.0000     99999.0000     99999.0000
     99999.0000     99999.0000     99999.0000     99999.0000     99999.0000
     99999.0000     99999.0000     99999.0000     99999.0000     99999.0000
     99999.0000     99999.0000     99999.0000
     99999.0000     99999.0000     99999.0000     99999.0000     99999.0000
     99999.0000     99999.0000     99999.0000     99999.0000     99999.0000
     99999.0000     99999.0000     99999.0000     99999.0000     99999.0000
     99999.0000     99999.0000     99999.0000     99999.0000     99999.0000
     99999.0000     99999.0000     99999.0000     99999.0000     99999.0000
     99999.0000     99999.0000     99999.0000     99999.0000     99999.0000
     99999.0000     99999.0000     99999.0000     99999.0000     99999.0000
          .0000     99999.0000     99999.0000     99999.0000     99999.0000
     99999.0000     99999.0000     99999.0000     99999.0000     99999.0000
     99999.0000     99999.0000     99999.0000     99999.0000     99999.0000
     99999.0000     99999.0000     99999.0000     99999.0000     99999.0000
     99999.0000     99999.0000     99999.0000
     99999.0000       760.2000     99999.0000     99999.0000     99999.0000
     99999.0000      4062.0171     99999.0000     99999.0000     99999.0000
     99999.0000     99999.0000     99999.0000     99999.0000     99999.0000
     99999.0000     99999.0000     99999.0000     99999.0000     99999.0000
     99999.0000     99999.0000     99999.0000     99999.0000     99999.0000
     99999.0000     99999.0000     99999.0000     99999.0000     99999.0000
     99999.0000     99999.0000     99999.0000     99999.0000     99999.0000
     99999.0000          .0000     99999.0000     99999.0000     99999.0000
     99999.0000     99999.0000     99999.0000     99999.0000     99999.0000
     99999.0000     99999.0000     99999.0000     99999.0000     99999.0000
     99999.0000     99999.0000     99999.0000     99999.0000     99999.0000
     99999.0000     99999.0000     99999.0000
     99999.0000     99999.0000     99999.0000     99999.0000     99999.0000
     99999.0000     99999.0000     99999.0000     99999.0000     99999.0000
     99999.0000     99999.0000     99999.0000     99999.0000     99999.0000
     99999.0000     99999.0000     99999.0000     99999.0000     99999.0000
     99999.0000     99999.0000     99999.0000     99999.0000     99999.0000
     99999.0000     99999.0000     99999.0000     99999.0000     99999.0000
     99999.0000     99999.0000     99999.0000     99999.0000     99999.0000
     99999.0000     99999.0000          .0000     99999.0000     99999.0000
     99999.0000     99999.0000     99999.0000     99999.0000     99999.0000
     99999.0000     99999.0000     99999.0000     99999.0000     99999.0000
     99999.0000     99999.0000     99999.0000     99999.0000     99999.0000
     99999.0000     99999.0000     99999.0000
     99999.0000     99999.0000     99999.0000     99999.0000     99999.0000
     99999.0000     99999.0000     99999.0000     99999.0000     99999.0000
     99999.0000     99999.0000     99999.0000     99999.0000     99999.0000
     99999.0000     99999.0000     99999.0000     99999.0000     99999.0000
     99999.0000     99999.0000     99999.0000     99999.0000     99999.0000
     99999.0000     99999.0000     99999.0000     99999.0000     99999.0000
     99999.0000     99999.0000     99999.0000     99999.0000     99999.0000
     99999.0000     99999.0000     99999.0000          .0000     99999.0000
     99999.0000     99999.0000     99999.0000     99999.0000     99999.0000
     99999.0000     99999.0000     99999.0000     99999.0000     99999.0000
     99999.0000     99999.0000     99999.0000     99999.0000     99999.0000
     99999.0000     99999.0000     99999.0000
     99999.0000     99999.0000     99999.0000     99999.0000     99999.0000
     99999.0000       571.1090     99999.0000     99999.0000     99999.0000
     99999.0000     99999.0000     99999.0000     99999.0000     99999.0000
     99999.0000     99999.0000     99999.0000     99999.0000     99999.0000
     99999.0000     99999.0000       399.8830     99999.0000     99999.0000
     99999.0000     99999.0000     99999.0000     99999.0000     99999.0000
     99999.0000     99999.0000     99999.0000     99999.0000     99999.0000
     99999.0000     99999.0000     99999.0000     99999.0000          .0000
     99999.0000     99999.0000     99999.0000     99999.0000     99999.0000
     99999.0000     99999.0000     99999.0000     99999.0000     99999.0000
     99999.0000     99999.0000     99999.0000     99999.0000     99999.0000
     99999.0000     99999.0000     99999.0000
     99999.0000     99999.0000     99999.0000     99999.0000     99999.0000
     99999.0000     99999.0000     99999.0000     99999.0000     99999.0000
     99999.0000     99999.0000     99999.0000     99999.0000     99999.0000
     99999.0000     99999.0000     99999.0000     99999.0000     99999.0000
     99999.0000     99999.0000     99999.0000     99999.0000     99999.0000
     99999.0000     99999.0000     99999.0000     99999.0000     99999.0000
     99999.0000     99999.0000     99999.0000     99999.0000     99999.0000
     99999.0000     99999.0000     99999.0000     99999.0000     99999.0000
          .0000     99999.0000     99999.0000     99999.0000     99999.0000
     99999.0000     99999.0000     99999.0000     99999.0000     99999.0000
     99999.0000     99999.0000     99999.0000     99999.0000     99999.0000
     99999.0000     99999.0000     99999.0000
     99999.0000     99999.0000     99999.0000     99999.0000     99999.0000
     99999.0000     99999.0000     99999.0000     99999.0000     99999.0000
     99999.0000     99999.0000     99999.0000     99999.0000     99999.0000
     99999.0000     99999.0000     99999.0000     99999.0000     99999.0000
     99999.0000     99999.0000     99999.0000     99999.0000     99999.0000
     99999.0000     99999.0000     99999.0000     99999.0000     99999.0000
     99999.0000     99999.0000     99999.0000     99999.0000     99999.0000
     99999.0000     99999.0000     99999.0000     99999.0000     99999.0000
     99999.0000          .0000     99999.0000     99999.0000     99999.0000
     99999.0000     99999.0000     99999.0000     99999.0000     99999.0000
     99999.0000     99999.0000     99999.0000     99999.0000     99999.0000
     99999.0000     99999.0000     99999.0000
     99999.0000     99999.0000     99999.0000     99999.0000     99999.0000
     99999.0000     99999.0000     99999.0000     99999.0000     99999.0000
     99999.0000     99999.0000     99999.0000     99999.0000     99999.0000
     99999.0000     99999.0000     99999.0000     99999.0000     99999.0000
     99999.0000     99999.0000     99999.0000     99999.0000     99999.0000
     99999.0000     99999.0000     99999.0000     99999.0000     99999.0000
     99999.0000     99999.0000     99999.0000     99999.0000     99999.0000
     99999.0000     99999.0000     99999.0000     99999.0000     99999.0000
     99999.0000     99999.0000          .0000     99999.0000     99999.0000
     99999.0000     99999.0000     99999.0000     99999.0000     99999.0000
     99999.0000     99999.0000     99999.0000     99999.0000     99999.0000
     99999.0000     99999.0000     99999.0000
     99999.0000     99999.0000     99999.0000     99999.0000     99999.0000
     99999.0000     99999.0000     99999.0000     99999.0000     99999.0000
     99999.0000     99999.0000     99999.0000     99999.0000     99999.0000
     99999.0000     99999.0000     99999.0000     99999.0000     99999.0000
     99999.0000     99999.0000     99999.0000     99999.0000     99999.0000
     99999.0000     99999.0000     99999.0000     99999.0000     99999.0000
     99999.0000     99999.0000     99999.0000     99999.0000     99999.0000
     99999.0000     99999.0000     99999.0000     99999.0000     99999.0000
     99999.0000     99999.0000     99999.0000          .0000     99999.0000
     99999.0000     99999.0000     99999.0000     99999.0000     99999.0000
     99999.0000     99999.0000     99999.0000     99999.0000     99999.0000
     99999.0000     99999.0000     99999.0000
     99999.0000     99999.0000     99999.0000     99999.0000     99999.0000
     99999.0000     99999.0000     99999.0000     99999.0000     99999.0000
     99999.0000     99999.0000     99999.0000     99999.0000     99999.0000
     99999.0000     99999.0000     99999.0000     99999.0000     99999.0000
     99999.0000     99999.0000     99999.0000     99999.0000     99999.0000
     99999.0000     99999.0000     99999.0000     99999.0000     99999.0000
     99999.0000     99999.0000     99999.0000     99999.0000     99999.0000
     99999.0000     99999.0000     99999.0000     99999.0000     99999.0000
     99999.0000     99999.0000     99999.0000     99999.0000          .0000
     99999.0000     99999.0000     99999.0000     99999.0000     99999.0000
     99999.0000     99999.0000     99999.0000     99999.0000     99999.0000
     99999.0000     99999.0000     99999.0000
     99999.0000     99999.0000     99999.0000     99999.0000     99999.0000
     99999.0000     99999.0000     99999.0000     99999.0000     99999.0000
     99999.0000     99999.0000     99999.0000     99999.0000     99999.0000
     99999.0000     99999.0000     99999.0000     99999.0000     99999.0000
     99999.0000     99999.0000     99999.0000     99999.0000     99999.0000
     99999.0000     99999.0000     99999.0000     99999.0000     99999.0000
     99999.0000     99999.0000     99999.0000     99999.0000     99999.0000
     99999.0000     99999.0000     99999.0000     99999.0000     99999.0000
     99999.0000     99999.0000     99999.0000     99999.0000     99999.0000
          .0000     99999.0000     99999.0000     99999.0000     99999.0000
     99999.0000     99999.0000     99999.0000     99999.0000     99999.0000
     99999.0000     99999.0000     99999.0000
     99999.0000     99999.0000     99999.0000     99999.0000     99999.0000
     99999.0000     99999.0000     99999.0000     99999.0000     99999.0000
     99999.0000     99999.0000     99999.0000     99999.0000     99999.0000
     99999.0000     99999.0000     99999.0000     99999.0000     99999.0000
     99999.0000     99999.0000     99999.0000     99999.0000     99999.0000
     99999.0000     99999.0000     99999.0000     99999.0000     99999.0000
     99999.0000     99999.0000     99999.0000     99999.0000     99999.0000
     99999.0000     99999.0000     99999.0000     99999.0000     99999.0000
     99999.0000     99999.0000     99999.0000     99999.0000     99999.0000
     99999.0000          .0000     99999.0000     99999.0000     99999.0000
     99999.0000     99999.0000     99999.0000     99999.0000     99999.0000
     99999.0000     99999.0000     99999.0000
     99999.0000     99999.0000     99999.0000     99999.0000     99999.0000
     99999.0000     99999.0000     99999.0000     99999.0000     99999.0000
     99999.0000     99999.0000     99999.0000     99999.0000     99999.0000
     99999.0000     99999.0000     99999.0000     99999.0000     99999.0000
     99999.0000     99999.0000     99999.0000     99999.0000     99999.0000
     99999.0000     99999.0000     99999.0000     99999.0000     99999.0000
     99999.0000     99999.0000     99999.0000     99999.0000     99999.0000
     99999.0000     99999.0000     99999.0000     99999.0000     99999.0000
     99999.0000     99999.0000     99999.0000     99999.0000     99999.0000
     99999.0000     99999.0000          .0000     99999.0000     99999.0000
     99999.0000     99999.0000     99999.0000     99999.0000     99999.0000
     99999.0000     99999.0000     99999.0000
     99999.0000     99999.0000     99999.0000     99999.0000     99999.0000
     99999.0000     99999.0000     99999.0000     99999.0000     99999.0000
     99999.0000     99999.0000     99999.0000     99999.0000     99999.0000
     99999.0000     99999.0000     99999.0000     99999.0000     99999.0000
     99999.0000     99999.0000     99999.0000     99999.0000     99999.0000
     99999.0000     99999.0000     99999.0000     99999.0000     99999.0000
     99999.0000     99999.0000     99999.0000     99999.0000     99999.0000
     99999.0000     99999.0000     99999.0000     99999.0000     99999.0000
     99999.0000     99999.0000     99999.0000     99999.0000     99999.0000
     99999.0000     99999.0000     99999.0000          .0000     99999.0000
     99999.0000     99999.0000     99999.0000     99999.0000     99999.0000
     99999.0000     99999.0000     99999.0000
     99999.0000     99999.0000     99999.0000     99999.0000     99999.0000
     99999.0000     99999.0000     99999.0000     99999.0000     99999.0000
     99999.0000     99999.0000     99999.0000     99999.0000     99999.0000
     99999.0000     99999.0000     99999.0000     99999.0000     99999.0000
     99999.0000     99999.0000     99999.0000     99999.0000     99999.0000
     99999.0000     99999.0000     99999.0000     99999.0000     99999.0000
     99999.0000     99999.0000     99999.0000     99999.0000     99999.0000
     99999.0000     99999.0000     99999.0000     99999.0000     99999.0000
     99999.0000     99999.0000     99999.0000     99999.0000     99999.0000
     99999.0000     99999.0000     99999.0000     99999.0000          .0000
     99999.0000     99999.0000     99999.0000     99999.0000     99999.0000
     99999.0000     99999.0000     99999.0000
     99999.0000     99999.0000     99999.0000     99999.0000     99999.0000
     99999.0000     99999.0000     99999.0000     99999.0000     99999.0000
     99999.0000     99999.0000     99999.0000     99999.0000     99999.0000
     99999.0000     99999.0000     99999.0000     99999.0000     99999.0000
     99999.0000     99999.0000     99999.0000     99999.0000     99999.0000
     99999.0000     99999.0000     99999.0000     99999.0000     99999.0000
     99999.0000     99999.0000     99999.0000     99999.0000     99999.0000
     99999.0000     99999.0000     99999.0000     99999.0000     99999.0000
     99999.0000     99999.0000     99999.0000     99999.0000     99999.0000
     99999.0000     99999.0000     99999.0000     99999.0000     99999.0000
          .0000     99999.0000     99999.0000     99999.0000     99999.0000
     99999.0000     99999.0000     99999.0000
     99999.0000     99999.0000     99999.0000     99999.0000     99999.0000
     99999.0000     99999.0000     99999.0000     99999.0000     99999.0000
     99999.0000     99999.0000     99999.0000     99999.0000     99999.0000
     99999.0000     99999.0000     99999.0000     99999.0000     99999.0000
     99999.0000     99999.0000     99999.0000     99999.0000     99999.0000
     99999.0000     99999.0000     99999.0000     99999.0000     99999.0000
     99999.0000     99999.0000     99999.0000     99999.0000     99999.0000
     99999.0000     99999.0000     99999.0000     99999.0000     99999.0000
     99999.0000     99999.0000     99999.0000     99999.0000     99999.0000
     99999.0000     99999.0000     99999.0000     99999.0000     99999.0000
     99999.0000          .0000     99999.0000     99999.0000     99999.0000
     99999.0000     99999.0000     99999.0000
     99999.0000     99999.0000     99999.0000     99999.0000     99999.0000
     99999.0000     99999.0000     99999.0000     99999.0000     99999.0000
     99999.0000     99999.0000     99999.0000     99999.0000     99999.0000
     99999.0000     99999.0000     99999.0000     99999.0000     99999.0000
     99999.0000     99999.0000     99999.0000     99999.0000     99999.0000
     99999.0000     99999.0000     99999.0000     99999.0000     99999.0000
     99999.0000     99999.0000     99999.0000     99999.0000     99999.0000
     99999.0000     99999.0000     99999.0000     99999.0000     99999.0000
     99999.0000     99999.0000     99999.0000     99999.0000     99999.0000
     99999.0000     99999.0000     99999.0000     99999.0000     99999.0000
     99999.0000     99999.0000          .0000     99999.0000     99999.0000
     99999.0000     99999.0000     99999.0000
     99999.0000     99999.0000     99999.0000     99999.0000     99999.0000
     99999.0000     99999.0000     99999.0000     99999.0000     99999.0000
     99999.0000     99999.0000     99999.0000     99999.0000     99999.0000
     99999.0000     99999.0000     99999.0000     99999.0000     99999.0000
     99999.0000     99999.0000     99999.0000     99999.0000     99999.0000
     99999.0000     99999.0000     99999.0000     99999.0000     99999.0000
     99999.0000     99999.0000     99999.0000     99999.0000     99999.0000
     99999.0000     99999.0000     99999.0000     99999.0000     99999.0000
     99999.0000     99999.0000     99999.0000     99999.0000     99999.0000
     99999.0000     99999.0000     99999.0000     99999.0000     99999.0000
     99999.0000     99999.0000     99999.0000          .0000     99999.0000
     99999.0000     99999.0000     99999.0000
     99999.0000     99999.0000     99999.0000     99999.0000     99999.0000
     99999.0000     99999.0000     99999.0000     99999.0000     99999.0000
     99999.0000     99999.0000     99999.0000     99999.0000     99999.0000
     99999.0000     99999.0000     99999.0000     99999.0000     99999.0000
     99999.0000     99999.0000     99999.0000     99999.0000     99999.0000
     99999.0000     99999.0000     99999.0000     99999.0000     99999.0000
     99999.0000     99999.0000     99999.0000     99999.0000     99999.0000
     99999.0000     99999.0000     99999.0000     99999.0000     99999.0000
     99999.0000     99999.0000     99999.0000     99999.0000     99999.0000
     99999.0000     99999.0000     99999.0000     99999.0000     99999.0000
     99999.0000     99999.0000     99999.0000     99999.0000          .0000
     99999.0000     99999.0000     99999.0000
     99999.0000     99999.0000     99999.0000     99999.0000     99999.0000
     99999.0000     99999.0000     99999.0000     99999.0000     99999.0000
     99999.0000     99999.0000     99999.0000     99999.0000     99999.0000
     99999.0000     99999.0000     99999.0000     99999.0000     99999.0000
     99999.0000     99999.0000     99999.0000     99999.0000     99999.0000
     99999.0000     99999.0000     99999.0000     99999.0000     99999.0000
     99999.0000     99999.0000     99999.0000     99999.0000     99999.0000
     99999.0000     99999.0000     99999.0000     99999.0000     99999.0000
     99999.0000     99999.0000     99999.0000     99999.0000     99999.0000
     99999.0000     99999.0000     99999.0000     99999.0000     99999.0000
     99999.0000     99999.0000     99999.0000     99999.0000     99999.0000
          .0000     99999.0000     99999.0000
     99999.0000     99999.0000     99999.0000     99999.0000     99999.0000
     99999.0000     99999.0000     99999.0000     99999.0000     99999.0000
     99999.0000     99999.0000     99999.0000     99999.0000     99999.0000
     99999.0000     99999.0000     99999.0000     99999.0000     99999.0000
     99999.0000     99999.0000     99999.0000     99999.0000     99999.0000
     99999.0000     99999.0000     99999.0000     99999.0000     99999.0000
     99999.0000     99999.0000     99999.0000     99999.0000     99999.0000
     99999.0000     99999.0000     99999.0000     99999.0000     99999.0000
     99999.0000     99999.0000     99999.0000     99999.0000     99999.0000
     99999.0000     99999.0000     99999.0000     99999.0000     99999.0000
     99999.0000     99999.0000     99999.0000     99999.0000     99999.0000
     99999.0000          .0000     99999.0000
     99999.0000     99999.0000     99999.0000     99999.0000     99999.0000
     99999.0000     99999.0000     99999.0000     99999.0000     99999.0000
     99999.0000     99999.0000     99999.0000     99999.0000     99999.0000
     99999.0000     99999.0000     99999.0000     99999.0000     99999.0000
     99999.0000     99999.0000     99999.0000     99999.0000     99999.0000
     99999.0000     99999.0000     99999.0000     99999.0000     99999.0000
     99999.0000     99999.0000     99999.0000     99999.0000     99999.0000
     99999.0000     99999.0000     99999.0000     99999.0000     99999.0000
     99999.0000     99999.0000     99999.0000     99999.0000     99999.0000
     99999.0000     99999.0000     99999.0000     99999.0000     99999.0000
     99999.0000     99999.0000     99999.0000     99999.0000     99999.0000
     99999.0000     99999.0000          .0000
