 H2O2        
 gmol/L
#TANK TIME(SEC) TIME(MIN) CONC
  1      0.      .0     .100E-02
  1     10.      .2     .995E-03
  1     20.      .3     .990E-03
  1     30.      .5     .985E-03
  1     40.      .7     .980E-03
  1     50.      .8     .974E-03
  1     60.     1.0     .969E-03
  1     70.     1.2     .964E-03
  1     80.     1.3     .959E-03
  1     90.     1.5     .954E-03
  1    100.     1.7     .949E-03
  1    110.     1.8     .944E-03
  1    120.     2.0     .939E-03
  1    130.     2.2     .934E-03
  1    140.     2.3     .929E-03
  1    150.     2.5     .925E-03
  1    160.     2.7     .920E-03
  1    170.     2.8     .915E-03
  1    180.     3.0     .910E-03
  1    190.     3.2     .905E-03
  1    200.     3.3     .900E-03
  1    210.     3.5     .895E-03
  1    220.     3.7     .891E-03
  1    230.     3.8     .886E-03
  1    240.     4.0     .881E-03
  1    250.     4.2     .876E-03
  1    260.     4.3     .872E-03
  1    270.     4.5     .867E-03
  1    280.     4.7     .862E-03
  1    290.     4.8     .858E-03
  1    300.     5.0     .853E-03
  1    310.     5.2     .848E-03
  1    320.     5.3     .844E-03
  1    330.     5.5     .839E-03
  1    340.     5.7     .835E-03
  1    350.     5.8     .830E-03
  1    360.     6.0     .825E-03
  1    370.     6.2     .821E-03
  1    380.     6.3     .816E-03
  1    390.     6.5     .812E-03
  1    400.     6.7     .807E-03
  1    410.     6.8     .803E-03
  1    420.     7.0     .798E-03
  1    430.     7.2     .794E-03
  1    440.     7.3     .790E-03
  1    450.     7.5     .785E-03
  1    460.     7.7     .781E-03
  1    470.     7.8     .776E-03
  1    480.     8.0     .772E-03
  1    490.     8.2     .768E-03
  1    500.     8.3     .764E-03
  1    510.     8.5     .759E-03
  1    520.     8.7     .755E-03
  1    530.     8.8     .751E-03
  1    540.     9.0     .746E-03
  1    550.     9.2     .742E-03
  1    560.     9.3     .738E-03
  1    570.     9.5     .734E-03
  1    580.     9.7     .730E-03
  1    590.     9.8     .726E-03
  1    600.    10.0     .721E-03
  1    610.    10.2     .717E-03
  1    620.    10.3     .713E-03
  1    630.    10.5     .709E-03
  1    640.    10.7     .705E-03
  1    650.    10.8     .701E-03
  1    660.    11.0     .697E-03
  1    670.    11.2     .693E-03
  1    680.    11.3     .689E-03
  1    690.    11.5     .685E-03
  1    700.    11.7     .681E-03
  1    710.    11.8     .677E-03
  1    720.    12.0     .673E-03
  1    730.    12.2     .669E-03
  1    740.    12.3     .665E-03
  1    750.    12.5     .661E-03
  1    760.    12.7     .658E-03
  1    770.    12.8     .654E-03
  1    780.    13.0     .650E-03
  1    790.    13.2     .646E-03
  1    800.    13.3     .642E-03
  1    810.    13.5     .638E-03
  1    820.    13.7     .635E-03
  1    830.    13.8     .631E-03
  1    840.    14.0     .627E-03
  1    850.    14.2     .624E-03
  1    860.    14.3     .620E-03
  1    870.    14.5     .616E-03
  1    880.    14.7     .613E-03
  1    890.    14.8     .609E-03
  1    900.    15.0     .605E-03
  1    910.    15.2     .602E-03
  1    920.    15.3     .598E-03
  1    930.    15.5     .594E-03
  1    940.    15.7     .591E-03
  1    950.    15.8     .587E-03
  1    960.    16.0     .584E-03
  1    970.    16.2     .580E-03
  1    980.    16.3     .577E-03
  1    990.    16.5     .573E-03
  1   1000.    16.7     .570E-03
  1   1010.    16.8     .566E-03
  1   1020.    17.0     .563E-03
  1   1030.    17.2     .560E-03
  1   1040.    17.3     .556E-03
  1   1050.    17.5     .553E-03
  1   1060.    17.7     .549E-03
  1   1070.    17.8     .546E-03
  1   1080.    18.0     .543E-03
  1   1090.    18.2     .539E-03
  1   1100.    18.3     .536E-03
  1   1110.    18.5     .533E-03
  1   1120.    18.7     .530E-03
  1   1130.    18.8     .526E-03
  1   1140.    19.0     .523E-03
  1   1150.    19.2     .520E-03
  1   1160.    19.3     .517E-03
  1   1170.    19.5     .514E-03
  1   1180.    19.7     .510E-03
  1   1190.    19.8     .507E-03
  1   1200.    20.0     .504E-03
  1   1210.    20.2     .501E-03
  1   1220.    20.3     .498E-03
  1   1230.    20.5     .495E-03
  1   1240.    20.7     .492E-03
  1   1250.    20.8     .489E-03
  1   1260.    21.0     .486E-03
  1   1270.    21.2     .483E-03
  1   1280.    21.3     .480E-03
  1   1290.    21.5     .477E-03
  1   1300.    21.7     .474E-03
  1   1310.    21.8     .471E-03
  1   1320.    22.0     .468E-03
  1   1330.    22.2     .465E-03
  1   1340.    22.3     .462E-03
  1   1350.    22.5     .459E-03
  1   1360.    22.7     .456E-03
  1   1370.    22.8     .453E-03
  1   1380.    23.0     .450E-03
  1   1390.    23.2     .447E-03
  1   1400.    23.3     .445E-03
  1   1410.    23.5     .442E-03
  1   1420.    23.7     .439E-03
  1   1430.    23.8     .436E-03
  1   1440.    24.0     .433E-03
  1   1450.    24.2     .431E-03
  1   1460.    24.3     .428E-03
  1   1470.    24.5     .425E-03
  1   1480.    24.7     .423E-03
  1   1490.    24.8     .420E-03
  1   1500.    25.0     .417E-03
  1   1510.    25.2     .415E-03
 END_OF_TANK
 END_OF_FILE
