  1      0.      .0     .000E+00
  1    300.     5.0     .239E-09
  1    600.    10.0     .239E-09
  1    900.    15.0     .239E-09
  1   1200.    20.0     .239E-09
  1   1500.    25.0     .239E-09
  1   1800.    30.0     .239E-09
  1   2100.    35.0     .239E-09
  1   2400.    40.0     .239E-09
  1   2700.    45.0     .239E-09
  1   3000.    50.0     .239E-09
  1   3300.    55.0     .239E-09
  1   3600.    60.0     .239E-09
  1   3900.    65.0     .239E-09
  1   4200.    70.0     .239E-09
  1   4500.    75.0     .239E-09
  2      0.      .0     .000E+00
  2    300.     5.0     .245E-09
  2    600.    10.0     .245E-09
  2    900.    15.0     .245E-09
  2   1200.    20.0     .245E-09
  2   1500.    25.0     .245E-09
  2   1800.    30.0     .245E-09
  2   2100.    35.0     .245E-09
  2   2400.    40.0     .245E-09
  2   2700.    45.0     .245E-09
  2   3000.    50.0     .245E-09
  2   3300.    55.0     .245E-09
  2   3600.    60.0     .245E-09
  2   3900.    65.0     .245E-09
  2   4200.    70.0     .245E-09
  2   4500.    75.0     .245E-09
  3      0.      .0     .000E+00
  3    300.     5.0     .250E-09
  3    600.    10.0     .251E-09
  3    900.    15.0     .252E-09
  3   1200.    20.0     .252E-09
  3   1500.    25.0     .252E-09
  3   1800.    30.0     .252E-09
  3   2100.    35.0     .252E-09
  3   2400.    40.0     .252E-09
  3   2700.    45.0     .252E-09
  3   3000.    50.0     .252E-09
  3   3300.    55.0     .252E-09
  3   3600.    60.0     .252E-09
  3   3900.    65.0     .252E-09
  3   4200.    70.0     .252E-09
  3   4500.    75.0     .252E-09
  4      0.      .0     .000E+00
  4    300.     5.0     .255E-09
  4    600.    10.0     .258E-09
  4    900.    15.0     .258E-09
  4   1200.    20.0     .258E-09
  4   1500.    25.0     .258E-09
  4   1800.    30.0     .258E-09
  4   2100.    35.0     .258E-09
  4   2400.    40.0     .258E-09
  4   2700.    45.0     .258E-09
  4   3000.    50.0     .258E-09
  4   3300.    55.0     .258E-09
  4   3600.    60.0     .258E-09
  4   3900.    65.0     .258E-09
  4   4200.    70.0     .258E-09
  4   4500.    75.0     .258E-09
  5      0.      .0     .000E+00
  5    300.     5.0     .259E-09
  5    600.    10.0     .265E-09
  5    900.    15.0     .265E-09
  5   1200.    20.0     .265E-09
  5   1500.    25.0     .265E-09
  5   1800.    30.0     .265E-09
  5   2100.    35.0     .265E-09
  5   2400.    40.0     .265E-09
  5   2700.    45.0     .265E-09
  5   3000.    50.0     .265E-09
  5   3300.    55.0     .265E-09
  5   3600.    60.0     .265E-09
  5   3900.    65.0     .265E-09
  5   4200.    70.0     .265E-09
  5   4500.    75.0     .265E-09
  6      0.      .0     .000E+00
  6    300.     5.0     .262E-09
  6    600.    10.0     .271E-09
  6    900.    15.0     .272E-09
  6   1200.    20.0     .272E-09
  6   1500.    25.0     .272E-09
  6   1800.    30.0     .272E-09
  6   2100.    35.0     .272E-09
  6   2400.    40.0     .272E-09
  6   2700.    45.0     .272E-09
  6   3000.    50.0     .272E-09
  6   3300.    55.0     .272E-09
  6   3600.    60.0     .272E-09
  6   3900.    65.0     .272E-09
  6   4200.    70.0     .272E-09
  6   4500.    75.0     .272E-09
  7      0.      .0     .000E+00
  7    300.     5.0     .263E-09
  7    600.    10.0     .277E-09
  7    900.    15.0     .279E-09
  7   1200.    20.0     .279E-09
  7   1500.    25.0     .279E-09
  7   1800.    30.0     .279E-09
  7   2100.    35.0     .279E-09
  7   2400.    40.0     .279E-09
  7   2700.    45.0     .279E-09
  7   3000.    50.0     .279E-09
  7   3300.    55.0     .279E-09
  7   3600.    60.0     .279E-09
  7   3900.    65.0     .279E-09
  7   4200.    70.0     .279E-09
  7   4500.    75.0     .279E-09
  8      0.      .0     .000E+00
  8    300.     5.0     .264E-09
  8    600.    10.0     .283E-09
  8    900.    15.0     .286E-09
  8   1200.    20.0     .286E-09
  8   1500.    25.0     .286E-09
  8   1800.    30.0     .286E-09
  8   2100.    35.0     .286E-09
  8   2400.    40.0     .286E-09
  8   2700.    45.0     .286E-09
  8   3000.    50.0     .286E-09
  8   3300.    55.0     .286E-09
  8   3600.    60.0     .286E-09
  8   3900.    65.0     .286E-09
  8   4200.    70.0     .286E-09
  8   4500.    75.0     .286E-09
  9      0.      .0     .000E+00
  9    300.     5.0     .265E-09
  9    600.    10.0     .288E-09
  9    900.    15.0     .293E-09
  9   1200.    20.0     .293E-09
  9   1500.    25.0     .293E-09
  9   1800.    30.0     .293E-09
  9   2100.    35.0     .293E-09
  9   2400.    40.0     .293E-09
  9   2700.    45.0     .293E-09
  9   3000.    50.0     .293E-09
  9   3300.    55.0     .293E-09
  9   3600.    60.0     .293E-09
  9   3900.    65.0     .293E-09
  9   4200.    70.0     .293E-09
  9   4500.    75.0     .293E-09
 10      0.      .0     .000E+00
 10    300.     5.0     .265E-09
 10    600.    10.0     .292E-09
 10    900.    15.0     .300E-09
 10   1200.    20.0     .301E-09
 10   1500.    25.0     .301E-09
 10   1800.    30.0     .301E-09
 10   2100.    35.0     .301E-09
 10   2400.    40.0     .301E-09
 10   2700.    45.0     .301E-09
 10   3000.    50.0     .301E-09
 10   3300.    55.0     .301E-09
 10   3600.    60.0     .301E-09
 10   3900.    65.0     .301E-09
 10   4200.    70.0     .301E-09
 10   4500.    75.0     .301E-09
 11      0.      .0     .000E+00
 11    300.     5.0     .265E-09
 11    600.    10.0     .295E-09
 11    900.    15.0     .307E-09
 11   1200.    20.0     .308E-09
 11   1500.    25.0     .309E-09
 11   1800.    30.0     .309E-09
 11   2100.    35.0     .309E-09
 11   2400.    40.0     .309E-09
 11   2700.    45.0     .309E-09
 11   3000.    50.0     .309E-09
 11   3300.    55.0     .309E-09
 11   3600.    60.0     .309E-09
 11   3900.    65.0     .309E-09
 11   4200.    70.0     .309E-09
 11   4500.    75.0     .309E-09
 12      0.      .0     .000E+00
 12    300.     5.0     .265E-09
 12    600.    10.0     .298E-09
 12    900.    15.0     .313E-09
 12   1200.    20.0     .316E-09
 12   1500.    25.0     .316E-09
 12   1800.    30.0     .316E-09
 12   2100.    35.0     .316E-09
 12   2400.    40.0     .316E-09
 12   2700.    45.0     .316E-09
 12   3000.    50.0     .316E-09
 12   3300.    55.0     .316E-09
 12   3600.    60.0     .316E-09
 12   3900.    65.0     .316E-09
 12   4200.    70.0     .316E-09
 12   4500.    75.0     .316E-09
 13      0.      .0     .000E+00
 13    300.     5.0     .265E-09
 13    600.    10.0     .299E-09
 13    900.    15.0     .319E-09
 13   1200.    20.0     .324E-09
 13   1500.    25.0     .324E-09
 13   1800.    30.0     .324E-09
 13   2100.    35.0     .324E-09
 13   2400.    40.0     .324E-09
 13   2700.    45.0     .324E-09
 13   3000.    50.0     .324E-09
 13   3300.    55.0     .324E-09
 13   3600.    60.0     .324E-09
 13   3900.    65.0     .324E-09
 13   4200.    70.0     .324E-09
 13   4500.    75.0     .324E-09
 14      0.      .0     .000E+00
 14    300.     5.0     .265E-09
 14    600.    10.0     .300E-09
 14    900.    15.0     .324E-09
 14   1200.    20.0     .331E-09
 14   1500.    25.0     .332E-09
 14   1800.    30.0     .332E-09
 14   2100.    35.0     .332E-09
 14   2400.    40.0     .332E-09
 14   2700.    45.0     .332E-09
 14   3000.    50.0     .332E-09
 14   3300.    55.0     .332E-09
 14   3600.    60.0     .332E-09
 14   3900.    65.0     .332E-09
 14   4200.    70.0     .332E-09
 14   4500.    75.0     .332E-09
 15      0.      .0     .000E+00
 15    300.     5.0     .265E-09
 15    600.    10.0     .301E-09
 15    900.    15.0     .329E-09
 15   1200.    20.0     .339E-09
 15   1500.    25.0     .340E-09
 15   1800.    30.0     .340E-09
 15   2100.    35.0     .340E-09
 15   2400.    40.0     .340E-09
 15   2700.    45.0     .340E-09
 15   3000.    50.0     .340E-09
 15   3300.    55.0     .340E-09
 15   3600.    60.0     .340E-09
 15   3900.    65.0     .340E-09
 15   4200.    70.0     .340E-09
 15   4500.    75.0     .340E-09
 16      0.      .0     .000E+00
 16    300.     5.0     .265E-09
 16    600.    10.0     .301E-09
 16    900.    15.0     .332E-09
 16   1200.    20.0     .346E-09
 16   1500.    25.0     .348E-09
 16   1800.    30.0     .349E-09
 16   2100.    35.0     .349E-09
 16   2400.    40.0     .349E-09
 16   2700.    45.0     .349E-09
 16   3000.    50.0     .349E-09
 16   3300.    55.0     .349E-09
 16   3600.    60.0     .349E-09
 16   3900.    65.0     .349E-09
 16   4200.    70.0     .349E-09
 16   4500.    75.0     .349E-09
 17      0.      .0     .000E+00
 17    300.     5.0     .265E-09
 17    600.    10.0     .301E-09
 17    900.    15.0     .335E-09
 17   1200.    20.0     .352E-09
 17   1500.    25.0     .356E-09
 17   1800.    30.0     .357E-09
 17   2100.    35.0     .357E-09
 17   2400.    40.0     .357E-09
 17   2700.    45.0     .357E-09
 17   3000.    50.0     .357E-09
 17   3300.    55.0     .357E-09
 17   3600.    60.0     .357E-09
 17   3900.    65.0     .357E-09
 17   4200.    70.0     .357E-09
 17   4500.    75.0     .357E-09
 18      0.      .0     .000E+00
 18    300.     5.0     .265E-09
 18    600.    10.0     .302E-09
 18    900.    15.0     .337E-09
 18   1200.    20.0     .358E-09
 18   1500.    25.0     .364E-09
 18   1800.    30.0     .365E-09
 18   2100.    35.0     .365E-09
 18   2400.    40.0     .365E-09
 18   2700.    45.0     .365E-09
 18   3000.    50.0     .365E-09
 18   3300.    55.0     .365E-09
 18   3600.    60.0     .365E-09
 18   3900.    65.0     .365E-09
 18   4200.    70.0     .365E-09
 18   4500.    75.0     .365E-09
 19      0.      .0     .000E+00
 19    300.     5.0     .265E-09
 19    600.    10.0     .302E-09
 19    900.    15.0     .339E-09
 19   1200.    20.0     .364E-09
 19   1500.    25.0     .372E-09
 19   1800.    30.0     .374E-09
 19   2100.    35.0     .374E-09
 19   2400.    40.0     .374E-09
 19   2700.    45.0     .374E-09
 19   3000.    50.0     .374E-09
 19   3300.    55.0     .374E-09
 19   3600.    60.0     .374E-09
 19   3900.    65.0     .374E-09
 19   4200.    70.0     .374E-09
 19   4500.    75.0     .374E-09
 20      0.      .0     .000E+00
 20    300.     5.0     .265E-09
 20    600.    10.0     .302E-09
 20    900.    15.0     .340E-09
 20   1200.    20.0     .369E-09
 20   1500.    25.0     .380E-09
 20   1800.    30.0     .382E-09
 20   2100.    35.0     .382E-09
 20   2400.    40.0     .383E-09
 20   2700.    45.0     .383E-09
 20   3000.    50.0     .383E-09
 20   3300.    55.0     .383E-09
 20   3600.    60.0     .383E-09
 20   3900.    65.0     .383E-09
 20   4200.    70.0     .383E-09
 20   4500.    75.0     .383E-09
 21      0.      .0     .000E+00
 21    300.     5.0     .265E-09
 21    600.    10.0     .302E-09
 21    900.    15.0     .341E-09
 21   1200.    20.0     .372E-09
 21   1500.    25.0     .387E-09
 21   1800.    30.0     .391E-09
 21   2100.    35.0     .391E-09
 21   2400.    40.0     .391E-09
 21   2700.    45.0     .391E-09
 21   3000.    50.0     .391E-09
 21   3300.    55.0     .391E-09
 21   3600.    60.0     .391E-09
 21   3900.    65.0     .391E-09
 21   4200.    70.0     .391E-09
 21   4500.    75.0     .391E-09
 22      0.      .0     .000E+00
 22    300.     5.0     .265E-09
 22    600.    10.0     .302E-09
 22    900.    15.0     .341E-09
 22   1200.    20.0     .376E-09
 22   1500.    25.0     .394E-09
 22   1800.    30.0     .399E-09
 22   2100.    35.0     .400E-09
 22   2400.    40.0     .400E-09
 22   2700.    45.0     .400E-09
 22   3000.    50.0     .400E-09
 22   3300.    55.0     .400E-09
 22   3600.    60.0     .400E-09
 22   3900.    65.0     .400E-09
 22   4200.    70.0     .400E-09
 22   4500.    75.0     .400E-09
 23      0.      .0     .000E+00
 23    300.     5.0     .265E-09
 23    600.    10.0     .302E-09
 23    900.    15.0     .341E-09
 23   1200.    20.0     .378E-09
 23   1500.    25.0     .400E-09
 23   1800.    30.0     .407E-09
 23   2100.    35.0     .408E-09
 23   2400.    40.0     .408E-09
 23   2700.    45.0     .408E-09
 23   3000.    50.0     .408E-09
 23   3300.    55.0     .408E-09
 23   3600.    60.0     .408E-09
 23   3900.    65.0     .408E-09
 23   4200.    70.0     .408E-09
 23   4500.    75.0     .408E-09
 24      0.      .0     .000E+00
 24    300.     5.0     .265E-09
 24    600.    10.0     .302E-09
 24    900.    15.0     .342E-09
 24   1200.    20.0     .380E-09
 24   1500.    25.0     .405E-09
 24   1800.    30.0     .415E-09
 24   2100.    35.0     .417E-09
 24   2400.    40.0     .417E-09
 24   2700.    45.0     .417E-09
 24   3000.    50.0     .417E-09
 24   3300.    55.0     .417E-09
 24   3600.    60.0     .417E-09
 24   3900.    65.0     .417E-09
 24   4200.    70.0     .417E-09
 24   4500.    75.0     .417E-09
 25      0.      .0     .000E+00
 25    300.     5.0     .265E-09
 25    600.    10.0     .302E-09
 25    900.    15.0     .342E-09
 25   1200.    20.0     .382E-09
 25   1500.    25.0     .410E-09
 25   1800.    30.0     .422E-09
 25   2100.    35.0     .425E-09
 25   2400.    40.0     .426E-09
 25   2700.    45.0     .426E-09
 25   3000.    50.0     .426E-09
 25   3300.    55.0     .426E-09
 25   3600.    60.0     .426E-09
 25   3900.    65.0     .426E-09
 25   4200.    70.0     .426E-09
 25   4500.    75.0     .426E-09
