  1      0.      .0     .000E+00
  1    300.     5.0     .128E-05
  1    600.    10.0     .128E-05
  1    900.    15.0     .128E-05
  1   1200.    20.0     .128E-05
  1   1500.    25.0     .128E-05
  1   1800.    30.0     .128E-05
  1   2100.    35.0     .128E-05
  1   2400.    40.0     .128E-05
  1   2700.    45.0     .128E-05
  1   3000.    50.0     .128E-05
  1   3300.    55.0     .128E-05
  1   3600.    60.0     .128E-05
  1   3900.    65.0     .128E-05
  1   4200.    70.0     .128E-05
  1   4500.    75.0     .128E-05
  2      0.      .0     .000E+00
  2    300.     5.0     .123E-05
  2    600.    10.0     .123E-05
  2    900.    15.0     .123E-05
  2   1200.    20.0     .123E-05
  2   1500.    25.0     .123E-05
  2   1800.    30.0     .123E-05
  2   2100.    35.0     .123E-05
  2   2400.    40.0     .123E-05
  2   2700.    45.0     .123E-05
  2   3000.    50.0     .123E-05
  2   3300.    55.0     .123E-05
  2   3600.    60.0     .123E-05
  2   3900.    65.0     .123E-05
  2   4200.    70.0     .123E-05
  2   4500.    75.0     .123E-05
  3      0.      .0     .000E+00
  3    300.     5.0     .119E-05
  3    600.    10.0     .119E-05
  3    900.    15.0     .119E-05
  3   1200.    20.0     .119E-05
  3   1500.    25.0     .119E-05
  3   1800.    30.0     .119E-05
  3   2100.    35.0     .119E-05
  3   2400.    40.0     .119E-05
  3   2700.    45.0     .119E-05
  3   3000.    50.0     .119E-05
  3   3300.    55.0     .119E-05
  3   3600.    60.0     .119E-05
  3   3900.    65.0     .119E-05
  3   4200.    70.0     .119E-05
  3   4500.    75.0     .119E-05
  4      0.      .0     .000E+00
  4    300.     5.0     .116E-05
  4    600.    10.0     .114E-05
  4    900.    15.0     .114E-05
  4   1200.    20.0     .114E-05
  4   1500.    25.0     .114E-05
  4   1800.    30.0     .114E-05
  4   2100.    35.0     .114E-05
  4   2400.    40.0     .114E-05
  4   2700.    45.0     .114E-05
  4   3000.    50.0     .114E-05
  4   3300.    55.0     .114E-05
  4   3600.    60.0     .114E-05
  4   3900.    65.0     .114E-05
  4   4200.    70.0     .114E-05
  4   4500.    75.0     .114E-05
  5      0.      .0     .000E+00
  5    300.     5.0     .114E-05
  5    600.    10.0     .110E-05
  5    900.    15.0     .110E-05
  5   1200.    20.0     .110E-05
  5   1500.    25.0     .110E-05
  5   1800.    30.0     .110E-05
  5   2100.    35.0     .110E-05
  5   2400.    40.0     .110E-05
  5   2700.    45.0     .110E-05
  5   3000.    50.0     .110E-05
  5   3300.    55.0     .110E-05
  5   3600.    60.0     .110E-05
  5   3900.    65.0     .110E-05
  5   4200.    70.0     .110E-05
  5   4500.    75.0     .110E-05
  6      0.      .0     .000E+00
  6    300.     5.0     .112E-05
  6    600.    10.0     .106E-05
  6    900.    15.0     .106E-05
  6   1200.    20.0     .106E-05
  6   1500.    25.0     .106E-05
  6   1800.    30.0     .106E-05
  6   2100.    35.0     .106E-05
  6   2400.    40.0     .106E-05
  6   2700.    45.0     .106E-05
  6   3000.    50.0     .106E-05
  6   3300.    55.0     .106E-05
  6   3600.    60.0     .106E-05
  6   3900.    65.0     .106E-05
  6   4200.    70.0     .106E-05
  6   4500.    75.0     .106E-05
  7      0.      .0     .000E+00
  7    300.     5.0     .111E-05
  7    600.    10.0     .103E-05
  7    900.    15.0     .102E-05
  7   1200.    20.0     .102E-05
  7   1500.    25.0     .102E-05
  7   1800.    30.0     .102E-05
  7   2100.    35.0     .102E-05
  7   2400.    40.0     .102E-05
  7   2700.    45.0     .102E-05
  7   3000.    50.0     .102E-05
  7   3300.    55.0     .102E-05
  7   3600.    60.0     .102E-05
  7   3900.    65.0     .102E-05
  7   4200.    70.0     .102E-05
  7   4500.    75.0     .102E-05
  8      0.      .0     .000E+00
  8    300.     5.0     .110E-05
  8    600.    10.0     .995E-06
  8    900.    15.0     .980E-06
  8   1200.    20.0     .979E-06
  8   1500.    25.0     .979E-06
  8   1800.    30.0     .979E-06
  8   2100.    35.0     .979E-06
  8   2400.    40.0     .979E-06
  8   2700.    45.0     .979E-06
  8   3000.    50.0     .979E-06
  8   3300.    55.0     .979E-06
  8   3600.    60.0     .979E-06
  8   3900.    65.0     .979E-06
  8   4200.    70.0     .979E-06
  8   4500.    75.0     .979E-06
  9      0.      .0     .000E+00
  9    300.     5.0     .110E-05
  9    600.    10.0     .969E-06
  9    900.    15.0     .942E-06
  9   1200.    20.0     .940E-06
  9   1500.    25.0     .940E-06
  9   1800.    30.0     .940E-06
  9   2100.    35.0     .940E-06
  9   2400.    40.0     .940E-06
  9   2700.    45.0     .940E-06
  9   3000.    50.0     .940E-06
  9   3300.    55.0     .940E-06
  9   3600.    60.0     .940E-06
  9   3900.    65.0     .940E-06
  9   4200.    70.0     .940E-06
  9   4500.    75.0     .940E-06
 10      0.      .0     .000E+00
 10    300.     5.0     .110E-05
 10    600.    10.0     .947E-06
 10    900.    15.0     .907E-06
 10   1200.    20.0     .903E-06
 10   1500.    25.0     .902E-06
 10   1800.    30.0     .902E-06
 10   2100.    35.0     .902E-06
 10   2400.    40.0     .902E-06
 10   2700.    45.0     .902E-06
 10   3000.    50.0     .902E-06
 10   3300.    55.0     .902E-06
 10   3600.    60.0     .902E-06
 10   3900.    65.0     .902E-06
 10   4200.    70.0     .902E-06
 10   4500.    75.0     .902E-06
 11      0.      .0     .000E+00
 11    300.     5.0     .110E-05
 11    600.    10.0     .931E-06
 11    900.    15.0     .874E-06
 11   1200.    20.0     .866E-06
 11   1500.    25.0     .866E-06
 11   1800.    30.0     .866E-06
 11   2100.    35.0     .866E-06
 11   2400.    40.0     .866E-06
 11   2700.    45.0     .866E-06
 11   3000.    50.0     .866E-06
 11   3300.    55.0     .866E-06
 11   3600.    60.0     .866E-06
 11   3900.    65.0     .866E-06
 11   4200.    70.0     .866E-06
 11   4500.    75.0     .866E-06
 12      0.      .0     .000E+00
 12    300.     5.0     .110E-05
 12    600.    10.0     .919E-06
 12    900.    15.0     .844E-06
 12   1200.    20.0     .832E-06
 12   1500.    25.0     .830E-06
 12   1800.    30.0     .830E-06
 12   2100.    35.0     .830E-06
 12   2400.    40.0     .830E-06
 12   2700.    45.0     .830E-06
 12   3000.    50.0     .830E-06
 12   3300.    55.0     .830E-06
 12   3600.    60.0     .830E-06
 12   3900.    65.0     .830E-06
 12   4200.    70.0     .830E-06
 12   4500.    75.0     .830E-06
 13      0.      .0     .000E+00
 13    300.     5.0     .110E-05
 13    600.    10.0     .911E-06
 13    900.    15.0     .818E-06
 13   1200.    20.0     .798E-06
 13   1500.    25.0     .796E-06
 13   1800.    30.0     .796E-06
 13   2100.    35.0     .796E-06
 13   2400.    40.0     .796E-06
 13   2700.    45.0     .796E-06
 13   3000.    50.0     .796E-06
 13   3300.    55.0     .796E-06
 13   3600.    60.0     .796E-06
 13   3900.    65.0     .796E-06
 13   4200.    70.0     .796E-06
 13   4500.    75.0     .796E-06
 14      0.      .0     .000E+00
 14    300.     5.0     .110E-05
 14    600.    10.0     .906E-06
 14    900.    15.0     .796E-06
 14   1200.    20.0     .767E-06
 14   1500.    25.0     .763E-06
 14   1800.    30.0     .763E-06
 14   2100.    35.0     .763E-06
 14   2400.    40.0     .763E-06
 14   2700.    45.0     .763E-06
 14   3000.    50.0     .763E-06
 14   3300.    55.0     .763E-06
 14   3600.    60.0     .763E-06
 14   3900.    65.0     .763E-06
 14   4200.    70.0     .763E-06
 14   4500.    75.0     .763E-06
 15      0.      .0     .000E+00
 15    300.     5.0     .110E-05
 15    600.    10.0     .902E-06
 15    900.    15.0     .777E-06
 15   1200.    20.0     .737E-06
 15   1500.    25.0     .731E-06
 15   1800.    30.0     .731E-06
 15   2100.    35.0     .731E-06
 15   2400.    40.0     .731E-06
 15   2700.    45.0     .731E-06
 15   3000.    50.0     .731E-06
 15   3300.    55.0     .731E-06
 15   3600.    60.0     .731E-06
 15   3900.    65.0     .731E-06
 15   4200.    70.0     .731E-06
 15   4500.    75.0     .731E-06
 16      0.      .0     .000E+00
 16    300.     5.0     .110E-05
 16    600.    10.0     .900E-06
 16    900.    15.0     .762E-06
 16   1200.    20.0     .710E-06
 16   1500.    25.0     .701E-06
 16   1800.    30.0     .700E-06
 16   2100.    35.0     .699E-06
 16   2400.    40.0     .699E-06
 16   2700.    45.0     .699E-06
 16   3000.    50.0     .699E-06
 16   3300.    55.0     .699E-06
 16   3600.    60.0     .699E-06
 16   3900.    65.0     .699E-06
 16   4200.    70.0     .699E-06
 16   4500.    75.0     .699E-06
 17      0.      .0     .000E+00
 17    300.     5.0     .110E-05
 17    600.    10.0     .899E-06
 17    900.    15.0     .751E-06
 17   1200.    20.0     .686E-06
 17   1500.    25.0     .671E-06
 17   1800.    30.0     .670E-06
 17   2100.    35.0     .669E-06
 17   2400.    40.0     .669E-06
 17   2700.    45.0     .669E-06
 17   3000.    50.0     .669E-06
 17   3300.    55.0     .669E-06
 17   3600.    60.0     .669E-06
 17   3900.    65.0     .669E-06
 17   4200.    70.0     .669E-06
 17   4500.    75.0     .669E-06
 18      0.      .0     .000E+00
 18    300.     5.0     .110E-05
 18    600.    10.0     .899E-06
 18    900.    15.0     .742E-06
 18   1200.    20.0     .664E-06
 18   1500.    25.0     .644E-06
 18   1800.    30.0     .641E-06
 18   2100.    35.0     .641E-06
 18   2400.    40.0     .640E-06
 18   2700.    45.0     .640E-06
 18   3000.    50.0     .640E-06
 18   3300.    55.0     .640E-06
 18   3600.    60.0     .640E-06
 18   3900.    65.0     .640E-06
 18   4200.    70.0     .640E-06
 18   4500.    75.0     .640E-06
 19      0.      .0     .000E+00
 19    300.     5.0     .110E-05
 19    600.    10.0     .899E-06
 19    900.    15.0     .736E-06
 19   1200.    20.0     .646E-06
 19   1500.    25.0     .618E-06
 19   1800.    30.0     .613E-06
 19   2100.    35.0     .613E-06
 19   2400.    40.0     .613E-06
 19   2700.    45.0     .613E-06
 19   3000.    50.0     .613E-06
 19   3300.    55.0     .613E-06
 19   3600.    60.0     .613E-06
 19   3900.    65.0     .613E-06
 19   4200.    70.0     .613E-06
 19   4500.    75.0     .613E-06
 20      0.      .0     .000E+00
 20    300.     5.0     .110E-05
 20    600.    10.0     .898E-06
 20    900.    15.0     .732E-06
 20   1200.    20.0     .630E-06
 20   1500.    25.0     .594E-06
 20   1800.    30.0     .587E-06
 20   2100.    35.0     .586E-06
 20   2400.    40.0     .586E-06
 20   2700.    45.0     .586E-06
 20   3000.    50.0     .586E-06
 20   3300.    55.0     .586E-06
 20   3600.    60.0     .586E-06
 20   3900.    65.0     .586E-06
 20   4200.    70.0     .586E-06
 20   4500.    75.0     .586E-06
 21      0.      .0     .000E+00
 21    300.     5.0     .110E-05
 21    600.    10.0     .898E-06
 21    900.    15.0     .729E-06
 21   1200.    20.0     .617E-06
 21   1500.    25.0     .572E-06
 21   1800.    30.0     .562E-06
 21   2100.    35.0     .560E-06
 21   2400.    40.0     .560E-06
 21   2700.    45.0     .560E-06
 21   3000.    50.0     .560E-06
 21   3300.    55.0     .560E-06
 21   3600.    60.0     .560E-06
 21   3900.    65.0     .560E-06
 21   4200.    70.0     .560E-06
 21   4500.    75.0     .560E-06
 22      0.      .0     .000E+00
 22    300.     5.0     .110E-05
 22    600.    10.0     .898E-06
 22    900.    15.0     .728E-06
 22   1200.    20.0     .607E-06
 22   1500.    25.0     .552E-06
 22   1800.    30.0     .538E-06
 22   2100.    35.0     .535E-06
 22   2400.    40.0     .535E-06
 22   2700.    45.0     .535E-06
 22   3000.    50.0     .535E-06
 22   3300.    55.0     .535E-06
 22   3600.    60.0     .535E-06
 22   3900.    65.0     .535E-06
 22   4200.    70.0     .535E-06
 22   4500.    75.0     .535E-06
 23      0.      .0     .000E+00
 23    300.     5.0     .110E-05
 23    600.    10.0     .898E-06
 23    900.    15.0     .727E-06
 23   1200.    20.0     .599E-06
 23   1500.    25.0     .535E-06
 23   1800.    30.0     .515E-06
 23   2100.    35.0     .512E-06
 23   2400.    40.0     .511E-06
 23   2700.    45.0     .511E-06
 23   3000.    50.0     .511E-06
 23   3300.    55.0     .511E-06
 23   3600.    60.0     .511E-06
 23   3900.    65.0     .511E-06
 23   4200.    70.0     .511E-06
 23   4500.    75.0     .511E-06
 24      0.      .0     .000E+00
 24    300.     5.0     .110E-05
 24    600.    10.0     .898E-06
 24    900.    15.0     .726E-06
 24   1200.    20.0     .593E-06
 24   1500.    25.0     .519E-06
 24   1800.    30.0     .495E-06
 24   2100.    35.0     .489E-06
 24   2400.    40.0     .489E-06
 24   2700.    45.0     .488E-06
 24   3000.    50.0     .488E-06
 24   3300.    55.0     .488E-06
 24   3600.    60.0     .488E-06
 24   3900.    65.0     .488E-06
 24   4200.    70.0     .488E-06
 24   4500.    75.0     .488E-06
 25      0.      .0     .000E+00
 25    300.     5.0     .110E-05
 25    600.    10.0     .898E-06
 25    900.    15.0     .726E-06
 25   1200.    20.0     .589E-06
 25   1500.    25.0     .507E-06
 25   1800.    30.0     .475E-06
 25   2100.    35.0     .468E-06
 25   2400.    40.0     .467E-06
 25   2700.    45.0     .467E-06
 25   3000.    50.0     .467E-06
 25   3300.    55.0     .467E-06
 25   3600.    60.0     .467E-06
 25   3900.    65.0     .467E-06
 25   4200.    70.0     .467E-06
 25   4500.    75.0     .467E-06
