 HPO4*-      
 gmol/L
#TANK TIME(SEC) TIME(MIN) CONC
  1      0.     0.0    0.000E+00
  1     10.     0.2    0.000E+00
  1     20.     0.3    0.000E+00
  1     30.     0.5    0.000E+00
  1     40.     0.7    0.000E+00
  1     50.     0.8    0.000E+00
  1     60.     1.0    0.000E+00
  1     70.     1.2    0.000E+00
  1     80.     1.3    0.000E+00
  1     90.     1.5    0.000E+00
  1    100.     1.7    0.000E+00
  1    110.     1.8    0.000E+00
  1    120.     2.0    0.000E+00
  1    130.     2.2    0.000E+00
  1    140.     2.3    0.000E+00
  1    150.     2.5    0.000E+00
  1    160.     2.7    0.000E+00
  1    170.     2.8    0.000E+00
  1    180.     3.0    0.000E+00
  1    190.     3.2    0.000E+00
  1    200.     3.3    0.000E+00
  1    210.     3.5    0.000E+00
  1    220.     3.7    0.000E+00
  1    230.     3.8    0.000E+00
  1    240.     4.0    0.000E+00
  1    250.     4.2    0.000E+00
  1    260.     4.3    0.000E+00
  1    270.     4.5    0.000E+00
  1    280.     4.7    0.000E+00
  1    290.     4.8    0.000E+00
  1    300.     5.0    0.000E+00
  1    310.     5.2    0.000E+00
  1    320.     5.3    0.000E+00
  1    330.     5.5    0.000E+00
  1    340.     5.7    0.000E+00
  1    350.     5.8    0.000E+00
  1    360.     6.0    0.000E+00
  1    370.     6.2    0.000E+00
  1    380.     6.3    0.000E+00
  1    390.     6.5    0.000E+00
  1    400.     6.7    0.000E+00
  1    410.     6.8    0.000E+00
  1    420.     7.0    0.000E+00
  1    430.     7.2    0.000E+00
  1    440.     7.3    0.000E+00
  1    450.     7.5    0.000E+00
  1    460.     7.7    0.000E+00
  1    470.     7.8    0.000E+00
  1    480.     8.0    0.000E+00
  1    490.     8.2    0.000E+00
  1    500.     8.3    0.000E+00
  1    510.     8.5    0.000E+00
  1    520.     8.7    0.000E+00
  1    530.     8.8    0.000E+00
  1    540.     9.0    0.000E+00
  1    550.     9.2    0.000E+00
  1    560.     9.3    0.000E+00
  1    570.     9.5    0.000E+00
  1    580.     9.7    0.000E+00
  1    590.     9.8    0.000E+00
  1    600.    10.0    0.000E+00
  1    610.    10.2    0.000E+00
  1    620.    10.3    0.000E+00
  1    630.    10.5    0.000E+00
  1    640.    10.7    0.000E+00
  1    650.    10.8    0.000E+00
  1    660.    11.0    0.000E+00
  1    670.    11.2    0.000E+00
  1    680.    11.3    0.000E+00
  1    690.    11.5    0.000E+00
  1    700.    11.7    0.000E+00
  1    710.    11.8    0.000E+00
  1    720.    12.0    0.000E+00
  1    730.    12.2    0.000E+00
  1    740.    12.3    0.000E+00
  1    750.    12.5    0.000E+00
  1    760.    12.7    0.000E+00
  1    770.    12.8    0.000E+00
  1    780.    13.0    0.000E+00
  1    790.    13.2    0.000E+00
  1    800.    13.3    0.000E+00
  1    810.    13.5    0.000E+00
  1    820.    13.7    0.000E+00
  1    830.    13.8    0.000E+00
  1    840.    14.0    0.000E+00
  1    850.    14.2    0.000E+00
  1    860.    14.3    0.000E+00
  1    870.    14.5    0.000E+00
  1    880.    14.7    0.000E+00
  1    890.    14.8    0.000E+00
  1    900.    15.0    0.000E+00
  1    910.    15.2    0.000E+00
  1    920.    15.3    0.000E+00
  1    930.    15.5    0.000E+00
  1    940.    15.7    0.000E+00
  1    950.    15.8    0.000E+00
  1    960.    16.0    0.000E+00
  1    970.    16.2    0.000E+00
  1    980.    16.3    0.000E+00
  1    990.    16.5    0.000E+00
  1   1000.    16.7    0.000E+00
  1   1010.    16.8    0.000E+00
  1   1020.    17.0    0.000E+00
  1   1030.    17.2    0.000E+00
  1   1040.    17.3    0.000E+00
  1   1050.    17.5    0.000E+00
  1   1060.    17.7    0.000E+00
  1   1070.    17.8    0.000E+00
  1   1080.    18.0    0.000E+00
  1   1090.    18.2    0.000E+00
  1   1100.    18.3    0.000E+00
  1   1110.    18.5    0.000E+00
  1   1120.    18.7    0.000E+00
  1   1130.    18.8    0.000E+00
  1   1140.    19.0    0.000E+00
  1   1150.    19.2    0.000E+00
  1   1160.    19.3    0.000E+00
  1   1170.    19.5    0.000E+00
  1   1180.    19.7    0.000E+00
  1   1190.    19.8    0.000E+00
  1   1200.    20.0    0.000E+00
  1   1210.    20.2    0.000E+00
  1   1220.    20.3    0.000E+00
  1   1230.    20.5    0.000E+00
  1   1240.    20.7    0.000E+00
  1   1250.    20.8    0.000E+00
  1   1260.    21.0    0.000E+00
  1   1270.    21.2    0.000E+00
  1   1280.    21.3    0.000E+00
  1   1290.    21.5    0.000E+00
  1   1300.    21.7    0.000E+00
  1   1310.    21.8    0.000E+00
  1   1320.    22.0    0.000E+00
  1   1330.    22.2    0.000E+00
  1   1340.    22.3    0.000E+00
  1   1350.    22.5    0.000E+00
  1   1360.    22.7    0.000E+00
  1   1370.    22.8    0.000E+00
  1   1380.    23.0    0.000E+00
  1   1390.    23.2    0.000E+00
  1   1400.    23.3    0.000E+00
  1   1410.    23.5    0.000E+00
  1   1420.    23.7    0.000E+00
  1   1430.    23.8    0.000E+00
  1   1440.    24.0    0.000E+00
  1   1450.    24.2    0.000E+00
  1   1460.    24.3    0.000E+00
  1   1470.    24.5    0.000E+00
  1   1480.    24.7    0.000E+00
  1   1490.    24.8    0.000E+00
  1   1500.    25.0    0.000E+00
  1   1510.    25.2    0.000E+00
 END_OF_TANK
 END_OF_FILE
