 HO*         
 gmol/L
#TANK TIME(SEC) TIME(MIN) CONC
  1      0.      .0     .000E+00
  1     10.      .2     .574E-11
  1     20.      .3     .574E-11
  1     30.      .5     .573E-11
  1     40.      .7     .572E-11
  1     50.      .8     .572E-11
  1     60.     1.0     .571E-11
  1     70.     1.2     .571E-11
  1     80.     1.3     .570E-11
  1     90.     1.5     .569E-11
  1    100.     1.7     .569E-11
  1    110.     1.8     .568E-11
  1    120.     2.0     .567E-11
  1    130.     2.2     .567E-11
  1    140.     2.3     .566E-11
  1    150.     2.5     .565E-11
  1    160.     2.7     .565E-11
  1    170.     2.8     .564E-11
  1    180.     3.0     .563E-11
  1    190.     3.2     .562E-11
  1    200.     3.3     .562E-11
  1    210.     3.5     .561E-11
  1    220.     3.7     .560E-11
  1    230.     3.8     .559E-11
  1    240.     4.0     .559E-11
  1    250.     4.2     .558E-11
  1    260.     4.3     .557E-11
  1    270.     4.5     .556E-11
  1    280.     4.7     .555E-11
  1    290.     4.8     .554E-11
  1    300.     5.0     .554E-11
  1    310.     5.2     .553E-11
  1    320.     5.3     .552E-11
  1    330.     5.5     .551E-11
  1    340.     5.7     .550E-11
  1    350.     5.8     .549E-11
  1    360.     6.0     .548E-11
  1    370.     6.2     .547E-11
  1    380.     6.3     .547E-11
  1    390.     6.5     .546E-11
  1    400.     6.7     .545E-11
  1    410.     6.8     .544E-11
  1    420.     7.0     .543E-11
  1    430.     7.2     .542E-11
  1    440.     7.3     .541E-11
  1    450.     7.5     .540E-11
  1    460.     7.7     .539E-11
  1    470.     7.8     .538E-11
  1    480.     8.0     .537E-11
  1    490.     8.2     .536E-11
  1    500.     8.3     .535E-11
  1    510.     8.5     .534E-11
  1    520.     8.7     .533E-11
  1    530.     8.8     .532E-11
  1    540.     9.0     .531E-11
  1    550.     9.2     .530E-11
  1    560.     9.3     .529E-11
  1    570.     9.5     .527E-11
  1    580.     9.7     .526E-11
  1    590.     9.8     .525E-11
  1    600.    10.0     .524E-11
  1    610.    10.2     .523E-11
  1    620.    10.3     .522E-11
  1    630.    10.5     .521E-11
  1    640.    10.7     .520E-11
  1    650.    10.8     .519E-11
  1    660.    11.0     .517E-11
  1    670.    11.2     .516E-11
  1    680.    11.3     .515E-11
  1    690.    11.5     .514E-11
  1    700.    11.7     .513E-11
  1    710.    11.8     .512E-11
  1    720.    12.0     .510E-11
  1    730.    12.2     .509E-11
  1    740.    12.3     .508E-11
  1    750.    12.5     .507E-11
  1    760.    12.7     .506E-11
  1    770.    12.8     .504E-11
  1    780.    13.0     .503E-11
  1    790.    13.2     .502E-11
  1    800.    13.3     .501E-11
  1    810.    13.5     .499E-11
  1    820.    13.7     .498E-11
  1    830.    13.8     .497E-11
  1    840.    14.0     .496E-11
  1    850.    14.2     .494E-11
  1    860.    14.3     .493E-11
  1    870.    14.5     .492E-11
  1    880.    14.7     .490E-11
  1    890.    14.8     .489E-11
  1    900.    15.0     .488E-11
  1    910.    15.2     .486E-11
  1    920.    15.3     .485E-11
  1    930.    15.5     .484E-11
  1    940.    15.7     .482E-11
  1    950.    15.8     .481E-11
  1    960.    16.0     .480E-11
  1    970.    16.2     .478E-11
  1    980.    16.3     .477E-11
  1    990.    16.5     .476E-11
  1   1000.    16.7     .474E-11
  1   1010.    16.8     .473E-11
  1   1020.    17.0     .472E-11
  1   1030.    17.2     .470E-11
  1   1040.    17.3     .469E-11
  1   1050.    17.5     .467E-11
  1   1060.    17.7     .466E-11
  1   1070.    17.8     .465E-11
  1   1080.    18.0     .463E-11
  1   1090.    18.2     .462E-11
  1   1100.    18.3     .460E-11
  1   1110.    18.5     .459E-11
  1   1120.    18.7     .457E-11
  1   1130.    18.8     .456E-11
  1   1140.    19.0     .455E-11
  1   1150.    19.2     .453E-11
  1   1160.    19.3     .452E-11
  1   1170.    19.5     .450E-11
  1   1180.    19.7     .449E-11
  1   1190.    19.8     .447E-11
  1   1200.    20.0     .446E-11
  1   1210.    20.2     .444E-11
  1   1220.    20.3     .443E-11
  1   1230.    20.5     .441E-11
  1   1240.    20.7     .440E-11
  1   1250.    20.8     .438E-11
  1   1260.    21.0     .437E-11
  1   1270.    21.2     .435E-11
  1   1280.    21.3     .434E-11
  1   1290.    21.5     .432E-11
  1   1300.    21.7     .431E-11
  1   1310.    21.8     .429E-11
  1   1320.    22.0     .428E-11
  1   1330.    22.2     .426E-11
  1   1340.    22.3     .425E-11
  1   1350.    22.5     .423E-11
  1   1360.    22.7     .422E-11
  1   1370.    22.8     .420E-11
  1   1380.    23.0     .419E-11
  1   1390.    23.2     .417E-11
  1   1400.    23.3     .416E-11
  1   1410.    23.5     .414E-11
  1   1420.    23.7     .413E-11
  1   1430.    23.8     .411E-11
  1   1440.    24.0     .410E-11
  1   1450.    24.2     .408E-11
  1   1460.    24.3     .407E-11
  1   1470.    24.5     .405E-11
  1   1480.    24.7     .404E-11
  1   1490.    24.8     .402E-11
  1   1500.    25.0     .400E-11
  1   1510.    25.2     .399E-11
 END_OF_TANK
 END_OF_FILE
