 CO3*-       
 gmol/L
#TANK TIME(SEC) TIME(MIN) CONC
  1      0.      .0     .000E+00
  1     10.      .2     .242E-09
  1     20.      .3     .243E-09
  1     30.      .5     .244E-09
  1     40.      .7     .246E-09
  1     50.      .8     .247E-09
  1     60.     1.0     .248E-09
  1     70.     1.2     .249E-09
  1     80.     1.3     .250E-09
  1     90.     1.5     .251E-09
  1    100.     1.7     .252E-09
  1    110.     1.8     .253E-09
  1    120.     2.0     .255E-09
  1    130.     2.2     .256E-09
  1    140.     2.3     .257E-09
  1    150.     2.5     .258E-09
  1    160.     2.7     .259E-09
  1    170.     2.8     .261E-09
  1    180.     3.0     .262E-09
  1    190.     3.2     .263E-09
  1    200.     3.3     .264E-09
  1    210.     3.5     .265E-09
  1    220.     3.7     .267E-09
  1    230.     3.8     .268E-09
  1    240.     4.0     .269E-09
  1    250.     4.2     .270E-09
  1    260.     4.3     .271E-09
  1    270.     4.5     .273E-09
  1    280.     4.7     .274E-09
  1    290.     4.8     .275E-09
  1    300.     5.0     .276E-09
  1    310.     5.2     .278E-09
  1    320.     5.3     .279E-09
  1    330.     5.5     .280E-09
  1    340.     5.7     .281E-09
  1    350.     5.8     .283E-09
  1    360.     6.0     .284E-09
  1    370.     6.2     .285E-09
  1    380.     6.3     .287E-09
  1    390.     6.5     .288E-09
  1    400.     6.7     .289E-09
  1    410.     6.8     .291E-09
  1    420.     7.0     .292E-09
  1    430.     7.2     .293E-09
  1    440.     7.3     .294E-09
  1    450.     7.5     .296E-09
  1    460.     7.7     .297E-09
  1    470.     7.8     .298E-09
  1    480.     8.0     .300E-09
  1    490.     8.2     .301E-09
  1    500.     8.3     .303E-09
  1    510.     8.5     .304E-09
  1    520.     8.7     .305E-09
  1    530.     8.8     .307E-09
  1    540.     9.0     .308E-09
  1    550.     9.2     .309E-09
  1    560.     9.3     .311E-09
  1    570.     9.5     .312E-09
  1    580.     9.7     .314E-09
  1    590.     9.8     .315E-09
  1    600.    10.0     .316E-09
  1    610.    10.2     .318E-09
  1    620.    10.3     .319E-09
  1    630.    10.5     .321E-09
  1    640.    10.7     .322E-09
  1    650.    10.8     .323E-09
  1    660.    11.0     .325E-09
  1    670.    11.2     .326E-09
  1    680.    11.3     .328E-09
  1    690.    11.5     .329E-09
  1    700.    11.7     .331E-09
  1    710.    11.8     .332E-09
  1    720.    12.0     .334E-09
  1    730.    12.2     .335E-09
  1    740.    12.3     .336E-09
  1    750.    12.5     .338E-09
  1    760.    12.7     .339E-09
  1    770.    12.8     .341E-09
  1    780.    13.0     .342E-09
  1    790.    13.2     .344E-09
  1    800.    13.3     .345E-09
  1    810.    13.5     .347E-09
  1    820.    13.7     .348E-09
  1    830.    13.8     .350E-09
  1    840.    14.0     .351E-09
  1    850.    14.2     .353E-09
  1    860.    14.3     .354E-09
  1    870.    14.5     .356E-09
  1    880.    14.7     .357E-09
  1    890.    14.8     .359E-09
  1    900.    15.0     .360E-09
  1    910.    15.2     .362E-09
  1    920.    15.3     .363E-09
  1    930.    15.5     .365E-09
  1    940.    15.7     .366E-09
  1    950.    15.8     .368E-09
  1    960.    16.0     .370E-09
  1    970.    16.2     .371E-09
  1    980.    16.3     .373E-09
  1    990.    16.5     .374E-09
  1   1000.    16.7     .376E-09
  1   1010.    16.8     .377E-09
  1   1020.    17.0     .379E-09
  1   1030.    17.2     .380E-09
  1   1040.    17.3     .382E-09
  1   1050.    17.5     .383E-09
  1   1060.    17.7     .385E-09
  1   1070.    17.8     .387E-09
  1   1080.    18.0     .388E-09
  1   1090.    18.2     .390E-09
  1   1100.    18.3     .391E-09
  1   1110.    18.5     .393E-09
  1   1120.    18.7     .394E-09
  1   1130.    18.8     .396E-09
  1   1140.    19.0     .398E-09
  1   1150.    19.2     .399E-09
  1   1160.    19.3     .401E-09
  1   1170.    19.5     .402E-09
  1   1180.    19.7     .404E-09
  1   1190.    19.8     .406E-09
  1   1200.    20.0     .407E-09
  1   1210.    20.2     .409E-09
  1   1220.    20.3     .410E-09
  1   1230.    20.5     .412E-09
  1   1240.    20.7     .413E-09
  1   1250.    20.8     .415E-09
  1   1260.    21.0     .417E-09
  1   1270.    21.2     .418E-09
  1   1280.    21.3     .420E-09
  1   1290.    21.5     .421E-09
  1   1300.    21.7     .423E-09
  1   1310.    21.8     .425E-09
  1   1320.    22.0     .426E-09
  1   1330.    22.2     .428E-09
  1   1340.    22.3     .429E-09
  1   1350.    22.5     .431E-09
  1   1360.    22.7     .433E-09
  1   1370.    22.8     .434E-09
  1   1380.    23.0     .436E-09
  1   1390.    23.2     .437E-09
  1   1400.    23.3     .439E-09
  1   1410.    23.5     .441E-09
  1   1420.    23.7     .442E-09
  1   1430.    23.8     .444E-09
  1   1440.    24.0     .445E-09
  1   1450.    24.2     .447E-09
  1   1460.    24.3     .449E-09
  1   1470.    24.5     .450E-09
  1   1480.    24.7     .452E-09
  1   1490.    24.8     .453E-09
  1   1500.    25.0     .455E-09
  1   1510.    25.2     .457E-09
 END_OF_TANK
 END_OF_FILE
