 DBCP        
 gmol/L
#TANK TIME(SEC) TIME(MIN) CONC
  1      0.      .0     .183E-05
  1     10.      .2     .181E-05
  1     20.      .3     .180E-05
  1     30.      .5     .178E-05
  1     40.      .7     .177E-05
  1     50.      .8     .175E-05
  1     60.     1.0     .174E-05
  1     70.     1.2     .172E-05
  1     80.     1.3     .171E-05
  1     90.     1.5     .169E-05
  1    100.     1.7     .168E-05
  1    110.     1.8     .167E-05
  1    120.     2.0     .165E-05
  1    130.     2.2     .164E-05
  1    140.     2.3     .162E-05
  1    150.     2.5     .161E-05
  1    160.     2.7     .160E-05
  1    170.     2.8     .158E-05
  1    180.     3.0     .157E-05
  1    190.     3.2     .156E-05
  1    200.     3.3     .154E-05
  1    210.     3.5     .153E-05
  1    220.     3.7     .152E-05
  1    230.     3.8     .150E-05
  1    240.     4.0     .149E-05
  1    250.     4.2     .148E-05
  1    260.     4.3     .147E-05
  1    270.     4.5     .146E-05
  1    280.     4.7     .144E-05
  1    290.     4.8     .143E-05
  1    300.     5.0     .142E-05
  1    310.     5.2     .141E-05
  1    320.     5.3     .140E-05
  1    330.     5.5     .138E-05
  1    340.     5.7     .137E-05
  1    350.     5.8     .136E-05
  1    360.     6.0     .135E-05
  1    370.     6.2     .134E-05
  1    380.     6.3     .133E-05
  1    390.     6.5     .132E-05
  1    400.     6.7     .131E-05
  1    410.     6.8     .130E-05
  1    420.     7.0     .129E-05
  1    430.     7.2     .128E-05
  1    440.     7.3     .127E-05
  1    450.     7.5     .125E-05
  1    460.     7.7     .124E-05
  1    470.     7.8     .123E-05
  1    480.     8.0     .122E-05
  1    490.     8.2     .122E-05
  1    500.     8.3     .121E-05
  1    510.     8.5     .120E-05
  1    520.     8.7     .119E-05
  1    530.     8.8     .118E-05
  1    540.     9.0     .117E-05
  1    550.     9.2     .116E-05
  1    560.     9.3     .115E-05
  1    570.     9.5     .114E-05
  1    580.     9.7     .113E-05
  1    590.     9.8     .112E-05
  1    600.    10.0     .111E-05
  1    610.    10.2     .110E-05
  1    620.    10.3     .110E-05
  1    630.    10.5     .109E-05
  1    640.    10.7     .108E-05
  1    650.    10.8     .107E-05
  1    660.    11.0     .106E-05
  1    670.    11.2     .105E-05
  1    680.    11.3     .105E-05
  1    690.    11.5     .104E-05
  1    700.    11.7     .103E-05
  1    710.    11.8     .102E-05
  1    720.    12.0     .101E-05
  1    730.    12.2     .101E-05
  1    740.    12.3     .999E-06
  1    750.    12.5     .991E-06
  1    760.    12.7     .984E-06
  1    770.    12.8     .976E-06
  1    780.    13.0     .969E-06
  1    790.    13.2     .962E-06
  1    800.    13.3     .955E-06
  1    810.    13.5     .947E-06
  1    820.    13.7     .940E-06
  1    830.    13.8     .933E-06
  1    840.    14.0     .926E-06
  1    850.    14.2     .920E-06
  1    860.    14.3     .913E-06
  1    870.    14.5     .906E-06
  1    880.    14.7     .899E-06
  1    890.    14.8     .893E-06
  1    900.    15.0     .886E-06
  1    910.    15.2     .880E-06
  1    920.    15.3     .874E-06
  1    930.    15.5     .867E-06
  1    940.    15.7     .861E-06
  1    950.    15.8     .855E-06
  1    960.    16.0     .849E-06
  1    970.    16.2     .843E-06
  1    980.    16.3     .837E-06
  1    990.    16.5     .831E-06
  1   1000.    16.7     .825E-06
  1   1010.    16.8     .819E-06
  1   1020.    17.0     .813E-06
  1   1030.    17.2     .807E-06
  1   1040.    17.3     .802E-06
  1   1050.    17.5     .796E-06
  1   1060.    17.7     .791E-06
  1   1070.    17.8     .785E-06
  1   1080.    18.0     .780E-06
  1   1090.    18.2     .774E-06
  1   1100.    18.3     .769E-06
  1   1110.    18.5     .764E-06
  1   1120.    18.7     .758E-06
  1   1130.    18.8     .753E-06
  1   1140.    19.0     .748E-06
  1   1150.    19.2     .743E-06
  1   1160.    19.3     .738E-06
  1   1170.    19.5     .733E-06
  1   1180.    19.7     .728E-06
  1   1190.    19.8     .723E-06
  1   1200.    20.0     .718E-06
  1   1210.    20.2     .714E-06
  1   1220.    20.3     .709E-06
  1   1230.    20.5     .704E-06
  1   1240.    20.7     .699E-06
  1   1250.    20.8     .695E-06
  1   1260.    21.0     .690E-06
  1   1270.    21.2     .686E-06
  1   1280.    21.3     .681E-06
  1   1290.    21.5     .677E-06
  1   1300.    21.7     .673E-06
  1   1310.    21.8     .668E-06
  1   1320.    22.0     .664E-06
  1   1330.    22.2     .660E-06
  1   1340.    22.3     .656E-06
  1   1350.    22.5     .651E-06
  1   1360.    22.7     .647E-06
  1   1370.    22.8     .643E-06
  1   1380.    23.0     .639E-06
  1   1390.    23.2     .635E-06
  1   1400.    23.3     .631E-06
  1   1410.    23.5     .627E-06
  1   1420.    23.7     .623E-06
  1   1430.    23.8     .620E-06
  1   1440.    24.0     .616E-06
  1   1450.    24.2     .612E-06
  1   1460.    24.3     .608E-06
  1   1470.    24.5     .605E-06
  1   1480.    24.7     .601E-06
  1   1490.    24.8     .597E-06
  1   1500.    25.0     .594E-06
  1   1510.    25.2     .590E-06
 END_OF_TANK
 END_OF_FILE
