  1      0.      .0     .000E+00
  1    300.     5.0     .550E-11
  1    600.    10.0     .550E-11
  1    900.    15.0     .550E-11
  1   1200.    20.0     .550E-11
  1   1500.    25.0     .550E-11
  1   1800.    30.0     .550E-11
  1   2100.    35.0     .550E-11
  1   2400.    40.0     .550E-11
  1   2700.    45.0     .550E-11
  1   3000.    50.0     .550E-11
  1   3300.    55.0     .550E-11
  1   3600.    60.0     .550E-11
  1   3900.    65.0     .550E-11
  1   4200.    70.0     .550E-11
  1   4500.    75.0     .550E-11
  2      0.      .0     .000E+00
  2    300.     5.0     .546E-11
  2    600.    10.0     .546E-11
  2    900.    15.0     .546E-11
  2   1200.    20.0     .546E-11
  2   1500.    25.0     .546E-11
  2   1800.    30.0     .546E-11
  2   2100.    35.0     .546E-11
  2   2400.    40.0     .546E-11
  2   2700.    45.0     .546E-11
  2   3000.    50.0     .546E-11
  2   3300.    55.0     .546E-11
  2   3600.    60.0     .546E-11
  2   3900.    65.0     .546E-11
  2   4200.    70.0     .546E-11
  2   4500.    75.0     .546E-11
  3      0.      .0     .000E+00
  3    300.     5.0     .543E-11
  3    600.    10.0     .543E-11
  3    900.    15.0     .543E-11
  3   1200.    20.0     .543E-11
  3   1500.    25.0     .543E-11
  3   1800.    30.0     .543E-11
  3   2100.    35.0     .543E-11
  3   2400.    40.0     .543E-11
  3   2700.    45.0     .543E-11
  3   3000.    50.0     .543E-11
  3   3300.    55.0     .543E-11
  3   3600.    60.0     .543E-11
  3   3900.    65.0     .543E-11
  3   4200.    70.0     .543E-11
  3   4500.    75.0     .543E-11
  4      0.      .0     .000E+00
  4    300.     5.0     .540E-11
  4    600.    10.0     .539E-11
  4    900.    15.0     .539E-11
  4   1200.    20.0     .539E-11
  4   1500.    25.0     .539E-11
  4   1800.    30.0     .539E-11
  4   2100.    35.0     .539E-11
  4   2400.    40.0     .539E-11
  4   2700.    45.0     .539E-11
  4   3000.    50.0     .539E-11
  4   3300.    55.0     .539E-11
  4   3600.    60.0     .539E-11
  4   3900.    65.0     .539E-11
  4   4200.    70.0     .539E-11
  4   4500.    75.0     .539E-11
  5      0.      .0     .000E+00
  5    300.     5.0     .538E-11
  5    600.    10.0     .535E-11
  5    900.    15.0     .534E-11
  5   1200.    20.0     .534E-11
  5   1500.    25.0     .534E-11
  5   1800.    30.0     .534E-11
  5   2100.    35.0     .534E-11
  5   2400.    40.0     .534E-11
  5   2700.    45.0     .534E-11
  5   3000.    50.0     .534E-11
  5   3300.    55.0     .534E-11
  5   3600.    60.0     .534E-11
  5   3900.    65.0     .534E-11
  5   4200.    70.0     .534E-11
  5   4500.    75.0     .534E-11
  6      0.      .0     .000E+00
  6    300.     5.0     .537E-11
  6    600.    10.0     .530E-11
  6    900.    15.0     .530E-11
  6   1200.    20.0     .530E-11
  6   1500.    25.0     .530E-11
  6   1800.    30.0     .530E-11
  6   2100.    35.0     .530E-11
  6   2400.    40.0     .530E-11
  6   2700.    45.0     .530E-11
  6   3000.    50.0     .530E-11
  6   3300.    55.0     .530E-11
  6   3600.    60.0     .530E-11
  6   3900.    65.0     .530E-11
  6   4200.    70.0     .530E-11
  6   4500.    75.0     .530E-11
  7      0.      .0     .000E+00
  7    300.     5.0     .535E-11
  7    600.    10.0     .526E-11
  7    900.    15.0     .525E-11
  7   1200.    20.0     .525E-11
  7   1500.    25.0     .525E-11
  7   1800.    30.0     .525E-11
  7   2100.    35.0     .525E-11
  7   2400.    40.0     .525E-11
  7   2700.    45.0     .525E-11
  7   3000.    50.0     .525E-11
  7   3300.    55.0     .525E-11
  7   3600.    60.0     .525E-11
  7   3900.    65.0     .525E-11
  7   4200.    70.0     .525E-11
  7   4500.    75.0     .525E-11
  8      0.      .0     .000E+00
  8    300.     5.0     .535E-11
  8    600.    10.0     .522E-11
  8    900.    15.0     .520E-11
  8   1200.    20.0     .520E-11
  8   1500.    25.0     .520E-11
  8   1800.    30.0     .520E-11
  8   2100.    35.0     .520E-11
  8   2400.    40.0     .520E-11
  8   2700.    45.0     .520E-11
  8   3000.    50.0     .520E-11
  8   3300.    55.0     .520E-11
  8   3600.    60.0     .520E-11
  8   3900.    65.0     .520E-11
  8   4200.    70.0     .520E-11
  8   4500.    75.0     .520E-11
  9      0.      .0     .000E+00
  9    300.     5.0     .535E-11
  9    600.    10.0     .519E-11
  9    900.    15.0     .515E-11
  9   1200.    20.0     .515E-11
  9   1500.    25.0     .515E-11
  9   1800.    30.0     .515E-11
  9   2100.    35.0     .515E-11
  9   2400.    40.0     .515E-11
  9   2700.    45.0     .515E-11
  9   3000.    50.0     .515E-11
  9   3300.    55.0     .515E-11
  9   3600.    60.0     .515E-11
  9   3900.    65.0     .515E-11
  9   4200.    70.0     .515E-11
  9   4500.    75.0     .515E-11
 10      0.      .0     .000E+00
 10    300.     5.0     .534E-11
 10    600.    10.0     .516E-11
 10    900.    15.0     .510E-11
 10   1200.    20.0     .509E-11
 10   1500.    25.0     .509E-11
 10   1800.    30.0     .509E-11
 10   2100.    35.0     .509E-11
 10   2400.    40.0     .509E-11
 10   2700.    45.0     .509E-11
 10   3000.    50.0     .509E-11
 10   3300.    55.0     .509E-11
 10   3600.    60.0     .509E-11
 10   3900.    65.0     .509E-11
 10   4200.    70.0     .509E-11
 10   4500.    75.0     .509E-11
 11      0.      .0     .000E+00
 11    300.     5.0     .534E-11
 11    600.    10.0     .513E-11
 11    900.    15.0     .504E-11
 11   1200.    20.0     .503E-11
 11   1500.    25.0     .503E-11
 11   1800.    30.0     .503E-11
 11   2100.    35.0     .503E-11
 11   2400.    40.0     .503E-11
 11   2700.    45.0     .503E-11
 11   3000.    50.0     .503E-11
 11   3300.    55.0     .503E-11
 11   3600.    60.0     .503E-11
 11   3900.    65.0     .503E-11
 11   4200.    70.0     .503E-11
 11   4500.    75.0     .503E-11
 12      0.      .0     .000E+00
 12    300.     5.0     .534E-11
 12    600.    10.0     .512E-11
 12    900.    15.0     .499E-11
 12   1200.    20.0     .497E-11
 12   1500.    25.0     .497E-11
 12   1800.    30.0     .497E-11
 12   2100.    35.0     .497E-11
 12   2400.    40.0     .497E-11
 12   2700.    45.0     .497E-11
 12   3000.    50.0     .497E-11
 12   3300.    55.0     .497E-11
 12   3600.    60.0     .497E-11
 12   3900.    65.0     .497E-11
 12   4200.    70.0     .497E-11
 12   4500.    75.0     .497E-11
 13      0.      .0     .000E+00
 13    300.     5.0     .534E-11
 13    600.    10.0     .510E-11
 13    900.    15.0     .495E-11
 13   1200.    20.0     .491E-11
 13   1500.    25.0     .490E-11
 13   1800.    30.0     .490E-11
 13   2100.    35.0     .490E-11
 13   2400.    40.0     .490E-11
 13   2700.    45.0     .490E-11
 13   3000.    50.0     .490E-11
 13   3300.    55.0     .490E-11
 13   3600.    60.0     .490E-11
 13   3900.    65.0     .490E-11
 13   4200.    70.0     .490E-11
 13   4500.    75.0     .490E-11
 14      0.      .0     .000E+00
 14    300.     5.0     .534E-11
 14    600.    10.0     .510E-11
 14    900.    15.0     .490E-11
 14   1200.    20.0     .485E-11
 14   1500.    25.0     .484E-11
 14   1800.    30.0     .484E-11
 14   2100.    35.0     .484E-11
 14   2400.    40.0     .484E-11
 14   2700.    45.0     .484E-11
 14   3000.    50.0     .484E-11
 14   3300.    55.0     .484E-11
 14   3600.    60.0     .484E-11
 14   3900.    65.0     .484E-11
 14   4200.    70.0     .484E-11
 14   4500.    75.0     .484E-11
 15      0.      .0     .000E+00
 15    300.     5.0     .534E-11
 15    600.    10.0     .509E-11
 15    900.    15.0     .487E-11
 15   1200.    20.0     .478E-11
 15   1500.    25.0     .477E-11
 15   1800.    30.0     .477E-11
 15   2100.    35.0     .477E-11
 15   2400.    40.0     .477E-11
 15   2700.    45.0     .477E-11
 15   3000.    50.0     .477E-11
 15   3300.    55.0     .477E-11
 15   3600.    60.0     .477E-11
 15   3900.    65.0     .477E-11
 15   4200.    70.0     .477E-11
 15   4500.    75.0     .477E-11
 16      0.      .0     .000E+00
 16    300.     5.0     .534E-11
 16    600.    10.0     .509E-11
 16    900.    15.0     .484E-11
 16   1200.    20.0     .472E-11
 16   1500.    25.0     .470E-11
 16   1800.    30.0     .470E-11
 16   2100.    35.0     .470E-11
 16   2400.    40.0     .470E-11
 16   2700.    45.0     .470E-11
 16   3000.    50.0     .470E-11
 16   3300.    55.0     .470E-11
 16   3600.    60.0     .470E-11
 16   3900.    65.0     .470E-11
 16   4200.    70.0     .470E-11
 16   4500.    75.0     .470E-11
 17      0.      .0     .000E+00
 17    300.     5.0     .534E-11
 17    600.    10.0     .509E-11
 17    900.    15.0     .481E-11
 17   1200.    20.0     .467E-11
 17   1500.    25.0     .463E-11
 17   1800.    30.0     .462E-11
 17   2100.    35.0     .462E-11
 17   2400.    40.0     .462E-11
 17   2700.    45.0     .462E-11
 17   3000.    50.0     .462E-11
 17   3300.    55.0     .462E-11
 17   3600.    60.0     .462E-11
 17   3900.    65.0     .462E-11
 17   4200.    70.0     .462E-11
 17   4500.    75.0     .462E-11
 18      0.      .0     .000E+00
 18    300.     5.0     .534E-11
 18    600.    10.0     .508E-11
 18    900.    15.0     .480E-11
 18   1200.    20.0     .461E-11
 18   1500.    25.0     .456E-11
 18   1800.    30.0     .455E-11
 18   2100.    35.0     .455E-11
 18   2400.    40.0     .455E-11
 18   2700.    45.0     .455E-11
 18   3000.    50.0     .455E-11
 18   3300.    55.0     .455E-11
 18   3600.    60.0     .455E-11
 18   3900.    65.0     .455E-11
 18   4200.    70.0     .455E-11
 18   4500.    75.0     .455E-11
 19      0.      .0     .000E+00
 19    300.     5.0     .534E-11
 19    600.    10.0     .508E-11
 19    900.    15.0     .478E-11
 19   1200.    20.0     .456E-11
 19   1500.    25.0     .449E-11
 19   1800.    30.0     .448E-11
 19   2100.    35.0     .447E-11
 19   2400.    40.0     .447E-11
 19   2700.    45.0     .447E-11
 19   3000.    50.0     .447E-11
 19   3300.    55.0     .447E-11
 19   3600.    60.0     .447E-11
 19   3900.    65.0     .447E-11
 19   4200.    70.0     .447E-11
 19   4500.    75.0     .447E-11
 20      0.      .0     .000E+00
 20    300.     5.0     .534E-11
 20    600.    10.0     .508E-11
 20    900.    15.0     .477E-11
 20   1200.    20.0     .452E-11
 20   1500.    25.0     .442E-11
 20   1800.    30.0     .440E-11
 20   2100.    35.0     .440E-11
 20   2400.    40.0     .440E-11
 20   2700.    45.0     .440E-11
 20   3000.    50.0     .440E-11
 20   3300.    55.0     .440E-11
 20   3600.    60.0     .440E-11
 20   3900.    65.0     .440E-11
 20   4200.    70.0     .440E-11
 20   4500.    75.0     .440E-11
 21      0.      .0     .000E+00
 21    300.     5.0     .534E-11
 21    600.    10.0     .508E-11
 21    900.    15.0     .477E-11
 21   1200.    20.0     .449E-11
 21   1500.    25.0     .435E-11
 21   1800.    30.0     .432E-11
 21   2100.    35.0     .432E-11
 21   2400.    40.0     .432E-11
 21   2700.    45.0     .432E-11
 21   3000.    50.0     .432E-11
 21   3300.    55.0     .432E-11
 21   3600.    60.0     .432E-11
 21   3900.    65.0     .432E-11
 21   4200.    70.0     .432E-11
 21   4500.    75.0     .432E-11
 22      0.      .0     .000E+00
 22    300.     5.0     .534E-11
 22    600.    10.0     .508E-11
 22    900.    15.0     .476E-11
 22   1200.    20.0     .446E-11
 22   1500.    25.0     .429E-11
 22   1800.    30.0     .425E-11
 22   2100.    35.0     .424E-11
 22   2400.    40.0     .424E-11
 22   2700.    45.0     .424E-11
 22   3000.    50.0     .424E-11
 22   3300.    55.0     .424E-11
 22   3600.    60.0     .424E-11
 22   3900.    65.0     .424E-11
 22   4200.    70.0     .424E-11
 22   4500.    75.0     .424E-11
 23      0.      .0     .000E+00
 23    300.     5.0     .534E-11
 23    600.    10.0     .508E-11
 23    900.    15.0     .476E-11
 23   1200.    20.0     .444E-11
 23   1500.    25.0     .424E-11
 23   1800.    30.0     .417E-11
 23   2100.    35.0     .416E-11
 23   2400.    40.0     .415E-11
 23   2700.    45.0     .415E-11
 23   3000.    50.0     .415E-11
 23   3300.    55.0     .415E-11
 23   3600.    60.0     .415E-11
 23   3900.    65.0     .415E-11
 23   4200.    70.0     .415E-11
 23   4500.    75.0     .415E-11
 24      0.      .0     .000E+00
 24    300.     5.0     .534E-11
 24    600.    10.0     .508E-11
 24    900.    15.0     .476E-11
 24   1200.    20.0     .442E-11
 24   1500.    25.0     .418E-11
 24   1800.    30.0     .409E-11
 24   2100.    35.0     .408E-11
 24   2400.    40.0     .407E-11
 24   2700.    45.0     .407E-11
 24   3000.    50.0     .407E-11
 24   3300.    55.0     .407E-11
 24   3600.    60.0     .407E-11
 24   3900.    65.0     .407E-11
 24   4200.    70.0     .407E-11
 24   4500.    75.0     .407E-11
 25      0.      .0     .000E+00
 25    300.     5.0     .534E-11
 25    600.    10.0     .508E-11
 25    900.    15.0     .476E-11
 25   1200.    20.0     .441E-11
 25   1500.    25.0     .414E-11
 25   1800.    30.0     .402E-11
 25   2100.    35.0     .399E-11
 25   2400.    40.0     .399E-11
 25   2700.    45.0     .399E-11
 25   3000.    50.0     .399E-11
 25   3300.    55.0     .399E-11
 25   3600.    60.0     .399E-11
 25   3900.    65.0     .399E-11
 25   4200.    70.0     .399E-11
 25   4500.    75.0     .399E-11
