  1      0.      .0     .183E-05
  1    300.     5.0     .173E-05
  1    600.    10.0     .173E-05
  1    900.    15.0     .173E-05
  1   1200.    20.0     .173E-05
  1   1500.    25.0     .173E-05
  1   1800.    30.0     .173E-05
  1   2100.    35.0     .173E-05
  1   2400.    40.0     .173E-05
  1   2700.    45.0     .173E-05
  1   3000.    50.0     .173E-05
  1   3300.    55.0     .173E-05
  1   3600.    60.0     .173E-05
  1   3900.    65.0     .173E-05
  1   4200.    70.0     .173E-05
  1   4500.    75.0     .173E-05
  2      0.      .0     .000E+00
  2    300.     5.0     .163E-05
  2    600.    10.0     .163E-05
  2    900.    15.0     .163E-05
  2   1200.    20.0     .163E-05
  2   1500.    25.0     .163E-05
  2   1800.    30.0     .163E-05
  2   2100.    35.0     .163E-05
  2   2400.    40.0     .163E-05
  2   2700.    45.0     .163E-05
  2   3000.    50.0     .163E-05
  2   3300.    55.0     .163E-05
  2   3600.    60.0     .163E-05
  2   3900.    65.0     .163E-05
  2   4200.    70.0     .163E-05
  2   4500.    75.0     .163E-05
  3      0.      .0     .000E+00
  3    300.     5.0     .155E-05
  3    600.    10.0     .153E-05
  3    900.    15.0     .153E-05
  3   1200.    20.0     .153E-05
  3   1500.    25.0     .153E-05
  3   1800.    30.0     .153E-05
  3   2100.    35.0     .153E-05
  3   2400.    40.0     .153E-05
  3   2700.    45.0     .153E-05
  3   3000.    50.0     .153E-05
  3   3300.    55.0     .153E-05
  3   3600.    60.0     .153E-05
  3   3900.    65.0     .153E-05
  3   4200.    70.0     .153E-05
  3   4500.    75.0     .153E-05
  4      0.      .0     .000E+00
  4    300.     5.0     .148E-05
  4    600.    10.0     .145E-05
  4    900.    15.0     .145E-05
  4   1200.    20.0     .145E-05
  4   1500.    25.0     .145E-05
  4   1800.    30.0     .145E-05
  4   2100.    35.0     .145E-05
  4   2400.    40.0     .145E-05
  4   2700.    45.0     .145E-05
  4   3000.    50.0     .145E-05
  4   3300.    55.0     .145E-05
  4   3600.    60.0     .145E-05
  4   3900.    65.0     .145E-05
  4   4200.    70.0     .145E-05
  4   4500.    75.0     .145E-05
  5      0.      .0     .000E+00
  5    300.     5.0     .143E-05
  5    600.    10.0     .137E-05
  5    900.    15.0     .136E-05
  5   1200.    20.0     .136E-05
  5   1500.    25.0     .136E-05
  5   1800.    30.0     .136E-05
  5   2100.    35.0     .136E-05
  5   2400.    40.0     .136E-05
  5   2700.    45.0     .136E-05
  5   3000.    50.0     .136E-05
  5   3300.    55.0     .136E-05
  5   3600.    60.0     .136E-05
  5   3900.    65.0     .136E-05
  5   4200.    70.0     .136E-05
  5   4500.    75.0     .136E-05
  6      0.      .0     .000E+00
  6    300.     5.0     .139E-05
  6    600.    10.0     .129E-05
  6    900.    15.0     .129E-05
  6   1200.    20.0     .129E-05
  6   1500.    25.0     .129E-05
  6   1800.    30.0     .129E-05
  6   2100.    35.0     .129E-05
  6   2400.    40.0     .129E-05
  6   2700.    45.0     .129E-05
  6   3000.    50.0     .129E-05
  6   3300.    55.0     .129E-05
  6   3600.    60.0     .129E-05
  6   3900.    65.0     .129E-05
  6   4200.    70.0     .129E-05
  6   4500.    75.0     .129E-05
  7      0.      .0     .000E+00
  7    300.     5.0     .137E-05
  7    600.    10.0     .123E-05
  7    900.    15.0     .122E-05
  7   1200.    20.0     .122E-05
  7   1500.    25.0     .122E-05
  7   1800.    30.0     .122E-05
  7   2100.    35.0     .122E-05
  7   2400.    40.0     .122E-05
  7   2700.    45.0     .122E-05
  7   3000.    50.0     .122E-05
  7   3300.    55.0     .122E-05
  7   3600.    60.0     .122E-05
  7   3900.    65.0     .122E-05
  7   4200.    70.0     .122E-05
  7   4500.    75.0     .122E-05
  8      0.      .0     .000E+00
  8    300.     5.0     .136E-05
  8    600.    10.0     .117E-05
  8    900.    15.0     .115E-05
  8   1200.    20.0     .115E-05
  8   1500.    25.0     .115E-05
  8   1800.    30.0     .115E-05
  8   2100.    35.0     .115E-05
  8   2400.    40.0     .115E-05
  8   2700.    45.0     .115E-05
  8   3000.    50.0     .115E-05
  8   3300.    55.0     .115E-05
  8   3600.    60.0     .115E-05
  8   3900.    65.0     .115E-05
  8   4200.    70.0     .115E-05
  8   4500.    75.0     .115E-05
  9      0.      .0     .000E+00
  9    300.     5.0     .136E-05
  9    600.    10.0     .113E-05
  9    900.    15.0     .109E-05
  9   1200.    20.0     .109E-05
  9   1500.    25.0     .109E-05
  9   1800.    30.0     .109E-05
  9   2100.    35.0     .109E-05
  9   2400.    40.0     .109E-05
  9   2700.    45.0     .109E-05
  9   3000.    50.0     .109E-05
  9   3300.    55.0     .109E-05
  9   3600.    60.0     .109E-05
  9   3900.    65.0     .109E-05
  9   4200.    70.0     .109E-05
  9   4500.    75.0     .109E-05
 10      0.      .0     .000E+00
 10    300.     5.0     .135E-05
 10    600.    10.0     .109E-05
 10    900.    15.0     .103E-05
 10   1200.    20.0     .103E-05
 10   1500.    25.0     .103E-05
 10   1800.    30.0     .103E-05
 10   2100.    35.0     .103E-05
 10   2400.    40.0     .103E-05
 10   2700.    45.0     .103E-05
 10   3000.    50.0     .103E-05
 10   3300.    55.0     .103E-05
 10   3600.    60.0     .103E-05
 10   3900.    65.0     .103E-05
 10   4200.    70.0     .103E-05
 10   4500.    75.0     .103E-05
 11      0.      .0     .000E+00
 11    300.     5.0     .135E-05
 11    600.    10.0     .106E-05
 11    900.    15.0     .979E-06
 11   1200.    20.0     .970E-06
 11   1500.    25.0     .970E-06
 11   1800.    30.0     .970E-06
 11   2100.    35.0     .970E-06
 11   2400.    40.0     .970E-06
 11   2700.    45.0     .970E-06
 11   3000.    50.0     .970E-06
 11   3300.    55.0     .970E-06
 11   3600.    60.0     .970E-06
 11   3900.    65.0     .970E-06
 11   4200.    70.0     .970E-06
 11   4500.    75.0     .970E-06
 12      0.      .0     .000E+00
 12    300.     5.0     .135E-05
 12    600.    10.0     .104E-05
 12    900.    15.0     .933E-06
 12   1200.    20.0     .918E-06
 12   1500.    25.0     .917E-06
 12   1800.    30.0     .917E-06
 12   2100.    35.0     .917E-06
 12   2400.    40.0     .917E-06
 12   2700.    45.0     .917E-06
 12   3000.    50.0     .917E-06
 12   3300.    55.0     .917E-06
 12   3600.    60.0     .917E-06
 12   3900.    65.0     .917E-06
 12   4200.    70.0     .917E-06
 12   4500.    75.0     .917E-06
 13      0.      .0     .000E+00
 13    300.     5.0     .135E-05
 13    600.    10.0     .103E-05
 13    900.    15.0     .894E-06
 13   1200.    20.0     .870E-06
 13   1500.    25.0     .868E-06
 13   1800.    30.0     .868E-06
 13   2100.    35.0     .868E-06
 13   2400.    40.0     .868E-06
 13   2700.    45.0     .868E-06
 13   3000.    50.0     .868E-06
 13   3300.    55.0     .868E-06
 13   3600.    60.0     .868E-06
 13   3900.    65.0     .868E-06
 13   4200.    70.0     .868E-06
 13   4500.    75.0     .868E-06
 14      0.      .0     .000E+00
 14    300.     5.0     .135E-05
 14    600.    10.0     .102E-05
 14    900.    15.0     .860E-06
 14   1200.    20.0     .826E-06
 14   1500.    25.0     .822E-06
 14   1800.    30.0     .822E-06
 14   2100.    35.0     .822E-06
 14   2400.    40.0     .822E-06
 14   2700.    45.0     .822E-06
 14   3000.    50.0     .822E-06
 14   3300.    55.0     .822E-06
 14   3600.    60.0     .822E-06
 14   3900.    65.0     .822E-06
 14   4200.    70.0     .822E-06
 14   4500.    75.0     .822E-06
 15      0.      .0     .000E+00
 15    300.     5.0     .135E-05
 15    600.    10.0     .101E-05
 15    900.    15.0     .833E-06
 15   1200.    20.0     .785E-06
 15   1500.    25.0     .779E-06
 15   1800.    30.0     .779E-06
 15   2100.    35.0     .779E-06
 15   2400.    40.0     .779E-06
 15   2700.    45.0     .779E-06
 15   3000.    50.0     .779E-06
 15   3300.    55.0     .779E-06
 15   3600.    60.0     .779E-06
 15   3900.    65.0     .779E-06
 15   4200.    70.0     .779E-06
 15   4500.    75.0     .779E-06
 16      0.      .0     .000E+00
 16    300.     5.0     .135E-05
 16    600.    10.0     .101E-05
 16    900.    15.0     .811E-06
 16   1200.    20.0     .748E-06
 16   1500.    25.0     .739E-06
 16   1800.    30.0     .738E-06
 16   2100.    35.0     .738E-06
 16   2400.    40.0     .738E-06
 16   2700.    45.0     .738E-06
 16   3000.    50.0     .738E-06
 16   3300.    55.0     .738E-06
 16   3600.    60.0     .738E-06
 16   3900.    65.0     .738E-06
 16   4200.    70.0     .738E-06
 16   4500.    75.0     .738E-06
 17      0.      .0     .000E+00
 17    300.     5.0     .135E-05
 17    600.    10.0     .101E-05
 17    900.    15.0     .794E-06
 17   1200.    20.0     .716E-06
 17   1500.    25.0     .701E-06
 17   1800.    30.0     .700E-06
 17   2100.    35.0     .700E-06
 17   2400.    40.0     .700E-06
 17   2700.    45.0     .700E-06
 17   3000.    50.0     .700E-06
 17   3300.    55.0     .700E-06
 17   3600.    60.0     .700E-06
 17   3900.    65.0     .700E-06
 17   4200.    70.0     .700E-06
 17   4500.    75.0     .700E-06
 18      0.      .0     .000E+00
 18    300.     5.0     .135E-05
 18    600.    10.0     .101E-05
 18    900.    15.0     .782E-06
 18   1200.    20.0     .687E-06
 18   1500.    25.0     .667E-06
 18   1800.    30.0     .664E-06
 18   2100.    35.0     .664E-06
 18   2400.    40.0     .664E-06
 18   2700.    45.0     .664E-06
 18   3000.    50.0     .664E-06
 18   3300.    55.0     .664E-06
 18   3600.    60.0     .664E-06
 18   3900.    65.0     .664E-06
 18   4200.    70.0     .664E-06
 18   4500.    75.0     .664E-06
 19      0.      .0     .000E+00
 19    300.     5.0     .135E-05
 19    600.    10.0     .101E-05
 19    900.    15.0     .774E-06
 19   1200.    20.0     .663E-06
 19   1500.    25.0     .635E-06
 19   1800.    30.0     .631E-06
 19   2100.    35.0     .630E-06
 19   2400.    40.0     .630E-06
 19   2700.    45.0     .630E-06
 19   3000.    50.0     .630E-06
 19   3300.    55.0     .630E-06
 19   3600.    60.0     .630E-06
 19   3900.    65.0     .630E-06
 19   4200.    70.0     .630E-06
 19   4500.    75.0     .630E-06
 20      0.      .0     .000E+00
 20    300.     5.0     .135E-05
 20    600.    10.0     .101E-05
 20    900.    15.0     .768E-06
 20   1200.    20.0     .643E-06
 20   1500.    25.0     .606E-06
 20   1800.    30.0     .600E-06
 20   2100.    35.0     .599E-06
 20   2400.    40.0     .599E-06
 20   2700.    45.0     .599E-06
 20   3000.    50.0     .599E-06
 20   3300.    55.0     .599E-06
 20   3600.    60.0     .599E-06
 20   3900.    65.0     .599E-06
 20   4200.    70.0     .599E-06
 20   4500.    75.0     .599E-06
 21      0.      .0     .000E+00
 21    300.     5.0     .135E-05
 21    600.    10.0     .101E-05
 21    900.    15.0     .764E-06
 21   1200.    20.0     .626E-06
 21   1500.    25.0     .579E-06
 21   1800.    30.0     .570E-06
 21   2100.    35.0     .569E-06
 21   2400.    40.0     .569E-06
 21   2700.    45.0     .569E-06
 21   3000.    50.0     .569E-06
 21   3300.    55.0     .569E-06
 21   3600.    60.0     .569E-06
 21   3900.    65.0     .569E-06
 21   4200.    70.0     .569E-06
 21   4500.    75.0     .569E-06
 22      0.      .0     .000E+00
 22    300.     5.0     .135E-05
 22    600.    10.0     .101E-05
 22    900.    15.0     .761E-06
 22   1200.    20.0     .613E-06
 22   1500.    25.0     .556E-06
 22   1800.    30.0     .543E-06
 22   2100.    35.0     .542E-06
 22   2400.    40.0     .541E-06
 22   2700.    45.0     .541E-06
 22   3000.    50.0     .541E-06
 22   3300.    55.0     .541E-06
 22   3600.    60.0     .541E-06
 22   3900.    65.0     .541E-06
 22   4200.    70.0     .541E-06
 22   4500.    75.0     .541E-06
 23      0.      .0     .000E+00
 23    300.     5.0     .135E-05
 23    600.    10.0     .101E-05
 23    900.    15.0     .760E-06
 23   1200.    20.0     .603E-06
 23   1500.    25.0     .535E-06
 23   1800.    30.0     .518E-06
 23   2100.    35.0     .516E-06
 23   2400.    40.0     .515E-06
 23   2700.    45.0     .515E-06
 23   3000.    50.0     .515E-06
 23   3300.    55.0     .515E-06
 23   3600.    60.0     .515E-06
 23   3900.    65.0     .515E-06
 23   4200.    70.0     .515E-06
 23   4500.    75.0     .515E-06
 24      0.      .0     .000E+00
 24    300.     5.0     .135E-05
 24    600.    10.0     .101E-05
 24    900.    15.0     .759E-06
 24   1200.    20.0     .595E-06
 24   1500.    25.0     .517E-06
 24   1800.    30.0     .495E-06
 24   2100.    35.0     .491E-06
 24   2400.    40.0     .491E-06
 24   2700.    45.0     .491E-06
 24   3000.    50.0     .491E-06
 24   3300.    55.0     .491E-06
 24   3600.    60.0     .491E-06
 24   3900.    65.0     .491E-06
 24   4200.    70.0     .491E-06
 24   4500.    75.0     .491E-06
 25      0.      .0     .000E+00
 25    300.     5.0     .135E-05
 25    600.    10.0     .101E-05
 25    900.    15.0     .758E-06
 25   1200.    20.0     .590E-06
 25   1500.    25.0     .502E-06
 25   1800.    30.0     .474E-06
 25   2100.    35.0     .468E-06
 25   2400.    40.0     .468E-06
 25   2700.    45.0     .468E-06
 25   3000.    50.0     .468E-06
 25   3300.    55.0     .468E-06
 25   3600.    60.0     .468E-06
 25   3900.    65.0     .468E-06
 25   4200.    70.0     .468E-06
 25   4500.    75.0     .468E-06
