  1      0.      .0     .000E+00
  1    300.     5.0     .000E+00
  1    600.    10.0     .000E+00
  1    900.    15.0     .000E+00
  1   1200.    20.0     .000E+00
  1   1500.    25.0     .000E+00
  1   1800.    30.0     .000E+00
  1   2100.    35.0     .000E+00
  1   2400.    40.0     .000E+00
  1   2700.    45.0     .000E+00
  1   3000.    50.0     .000E+00
  1   3300.    55.0     .000E+00
  1   3600.    60.0     .000E+00
  1   3900.    65.0     .000E+00
  1   4200.    70.0     .000E+00
  1   4500.    75.0     .000E+00
  2      0.      .0     .000E+00
  2    300.     5.0     .000E+00
  2    600.    10.0     .000E+00
  2    900.    15.0     .000E+00
  2   1200.    20.0     .000E+00
  2   1500.    25.0     .000E+00
  2   1800.    30.0     .000E+00
  2   2100.    35.0     .000E+00
  2   2400.    40.0     .000E+00
  2   2700.    45.0     .000E+00
  2   3000.    50.0     .000E+00
  2   3300.    55.0     .000E+00
  2   3600.    60.0     .000E+00
  2   3900.    65.0     .000E+00
  2   4200.    70.0     .000E+00
  2   4500.    75.0     .000E+00
  3      0.      .0     .000E+00
  3    300.     5.0     .000E+00
  3    600.    10.0     .000E+00
  3    900.    15.0     .000E+00
  3   1200.    20.0     .000E+00
  3   1500.    25.0     .000E+00
  3   1800.    30.0     .000E+00
  3   2100.    35.0     .000E+00
  3   2400.    40.0     .000E+00
  3   2700.    45.0     .000E+00
  3   3000.    50.0     .000E+00
  3   3300.    55.0     .000E+00
  3   3600.    60.0     .000E+00
  3   3900.    65.0     .000E+00
  3   4200.    70.0     .000E+00
  3   4500.    75.0     .000E+00
  4      0.      .0     .000E+00
  4    300.     5.0     .000E+00
  4    600.    10.0     .000E+00
  4    900.    15.0     .000E+00
  4   1200.    20.0     .000E+00
  4   1500.    25.0     .000E+00
  4   1800.    30.0     .000E+00
  4   2100.    35.0     .000E+00
  4   2400.    40.0     .000E+00
  4   2700.    45.0     .000E+00
  4   3000.    50.0     .000E+00
  4   3300.    55.0     .000E+00
  4   3600.    60.0     .000E+00
  4   3900.    65.0     .000E+00
  4   4200.    70.0     .000E+00
  4   4500.    75.0     .000E+00
  5      0.      .0     .000E+00
  5    300.     5.0     .000E+00
  5    600.    10.0     .000E+00
  5    900.    15.0     .000E+00
  5   1200.    20.0     .000E+00
  5   1500.    25.0     .000E+00
  5   1800.    30.0     .000E+00
  5   2100.    35.0     .000E+00
  5   2400.    40.0     .000E+00
  5   2700.    45.0     .000E+00
  5   3000.    50.0     .000E+00
  5   3300.    55.0     .000E+00
  5   3600.    60.0     .000E+00
  5   3900.    65.0     .000E+00
  5   4200.    70.0     .000E+00
  5   4500.    75.0     .000E+00
  6      0.      .0     .000E+00
  6    300.     5.0     .000E+00
  6    600.    10.0     .000E+00
  6    900.    15.0     .000E+00
  6   1200.    20.0     .000E+00
  6   1500.    25.0     .000E+00
  6   1800.    30.0     .000E+00
  6   2100.    35.0     .000E+00
  6   2400.    40.0     .000E+00
  6   2700.    45.0     .000E+00
  6   3000.    50.0     .000E+00
  6   3300.    55.0     .000E+00
  6   3600.    60.0     .000E+00
  6   3900.    65.0     .000E+00
  6   4200.    70.0     .000E+00
  6   4500.    75.0     .000E+00
  7      0.      .0     .000E+00
  7    300.     5.0     .000E+00
  7    600.    10.0     .000E+00
  7    900.    15.0     .000E+00
  7   1200.    20.0     .000E+00
  7   1500.    25.0     .000E+00
  7   1800.    30.0     .000E+00
  7   2100.    35.0     .000E+00
  7   2400.    40.0     .000E+00
  7   2700.    45.0     .000E+00
  7   3000.    50.0     .000E+00
  7   3300.    55.0     .000E+00
  7   3600.    60.0     .000E+00
  7   3900.    65.0     .000E+00
  7   4200.    70.0     .000E+00
  7   4500.    75.0     .000E+00
  8      0.      .0     .000E+00
  8    300.     5.0     .000E+00
  8    600.    10.0     .000E+00
  8    900.    15.0     .000E+00
  8   1200.    20.0     .000E+00
  8   1500.    25.0     .000E+00
  8   1800.    30.0     .000E+00
  8   2100.    35.0     .000E+00
  8   2400.    40.0     .000E+00
  8   2700.    45.0     .000E+00
  8   3000.    50.0     .000E+00
  8   3300.    55.0     .000E+00
  8   3600.    60.0     .000E+00
  8   3900.    65.0     .000E+00
  8   4200.    70.0     .000E+00
  8   4500.    75.0     .000E+00
  9      0.      .0     .000E+00
  9    300.     5.0     .000E+00
  9    600.    10.0     .000E+00
  9    900.    15.0     .000E+00
  9   1200.    20.0     .000E+00
  9   1500.    25.0     .000E+00
  9   1800.    30.0     .000E+00
  9   2100.    35.0     .000E+00
  9   2400.    40.0     .000E+00
  9   2700.    45.0     .000E+00
  9   3000.    50.0     .000E+00
  9   3300.    55.0     .000E+00
  9   3600.    60.0     .000E+00
  9   3900.    65.0     .000E+00
  9   4200.    70.0     .000E+00
  9   4500.    75.0     .000E+00
 10      0.      .0     .000E+00
 10    300.     5.0     .000E+00
 10    600.    10.0     .000E+00
 10    900.    15.0     .000E+00
 10   1200.    20.0     .000E+00
 10   1500.    25.0     .000E+00
 10   1800.    30.0     .000E+00
 10   2100.    35.0     .000E+00
 10   2400.    40.0     .000E+00
 10   2700.    45.0     .000E+00
 10   3000.    50.0     .000E+00
 10   3300.    55.0     .000E+00
 10   3600.    60.0     .000E+00
 10   3900.    65.0     .000E+00
 10   4200.    70.0     .000E+00
 10   4500.    75.0     .000E+00
 11      0.      .0     .000E+00
 11    300.     5.0     .000E+00
 11    600.    10.0     .000E+00
 11    900.    15.0     .000E+00
 11   1200.    20.0     .000E+00
 11   1500.    25.0     .000E+00
 11   1800.    30.0     .000E+00
 11   2100.    35.0     .000E+00
 11   2400.    40.0     .000E+00
 11   2700.    45.0     .000E+00
 11   3000.    50.0     .000E+00
 11   3300.    55.0     .000E+00
 11   3600.    60.0     .000E+00
 11   3900.    65.0     .000E+00
 11   4200.    70.0     .000E+00
 11   4500.    75.0     .000E+00
 12      0.      .0     .000E+00
 12    300.     5.0     .000E+00
 12    600.    10.0     .000E+00
 12    900.    15.0     .000E+00
 12   1200.    20.0     .000E+00
 12   1500.    25.0     .000E+00
 12   1800.    30.0     .000E+00
 12   2100.    35.0     .000E+00
 12   2400.    40.0     .000E+00
 12   2700.    45.0     .000E+00
 12   3000.    50.0     .000E+00
 12   3300.    55.0     .000E+00
 12   3600.    60.0     .000E+00
 12   3900.    65.0     .000E+00
 12   4200.    70.0     .000E+00
 12   4500.    75.0     .000E+00
 13      0.      .0     .000E+00
 13    300.     5.0     .000E+00
 13    600.    10.0     .000E+00
 13    900.    15.0     .000E+00
 13   1200.    20.0     .000E+00
 13   1500.    25.0     .000E+00
 13   1800.    30.0     .000E+00
 13   2100.    35.0     .000E+00
 13   2400.    40.0     .000E+00
 13   2700.    45.0     .000E+00
 13   3000.    50.0     .000E+00
 13   3300.    55.0     .000E+00
 13   3600.    60.0     .000E+00
 13   3900.    65.0     .000E+00
 13   4200.    70.0     .000E+00
 13   4500.    75.0     .000E+00
 14      0.      .0     .000E+00
 14    300.     5.0     .000E+00
 14    600.    10.0     .000E+00
 14    900.    15.0     .000E+00
 14   1200.    20.0     .000E+00
 14   1500.    25.0     .000E+00
 14   1800.    30.0     .000E+00
 14   2100.    35.0     .000E+00
 14   2400.    40.0     .000E+00
 14   2700.    45.0     .000E+00
 14   3000.    50.0     .000E+00
 14   3300.    55.0     .000E+00
 14   3600.    60.0     .000E+00
 14   3900.    65.0     .000E+00
 14   4200.    70.0     .000E+00
 14   4500.    75.0     .000E+00
 15      0.      .0     .000E+00
 15    300.     5.0     .000E+00
 15    600.    10.0     .000E+00
 15    900.    15.0     .000E+00
 15   1200.    20.0     .000E+00
 15   1500.    25.0     .000E+00
 15   1800.    30.0     .000E+00
 15   2100.    35.0     .000E+00
 15   2400.    40.0     .000E+00
 15   2700.    45.0     .000E+00
 15   3000.    50.0     .000E+00
 15   3300.    55.0     .000E+00
 15   3600.    60.0     .000E+00
 15   3900.    65.0     .000E+00
 15   4200.    70.0     .000E+00
 15   4500.    75.0     .000E+00
 16      0.      .0     .000E+00
 16    300.     5.0     .000E+00
 16    600.    10.0     .000E+00
 16    900.    15.0     .000E+00
 16   1200.    20.0     .000E+00
 16   1500.    25.0     .000E+00
 16   1800.    30.0     .000E+00
 16   2100.    35.0     .000E+00
 16   2400.    40.0     .000E+00
 16   2700.    45.0     .000E+00
 16   3000.    50.0     .000E+00
 16   3300.    55.0     .000E+00
 16   3600.    60.0     .000E+00
 16   3900.    65.0     .000E+00
 16   4200.    70.0     .000E+00
 16   4500.    75.0     .000E+00
 17      0.      .0     .000E+00
 17    300.     5.0     .000E+00
 17    600.    10.0     .000E+00
 17    900.    15.0     .000E+00
 17   1200.    20.0     .000E+00
 17   1500.    25.0     .000E+00
 17   1800.    30.0     .000E+00
 17   2100.    35.0     .000E+00
 17   2400.    40.0     .000E+00
 17   2700.    45.0     .000E+00
 17   3000.    50.0     .000E+00
 17   3300.    55.0     .000E+00
 17   3600.    60.0     .000E+00
 17   3900.    65.0     .000E+00
 17   4200.    70.0     .000E+00
 17   4500.    75.0     .000E+00
 18      0.      .0     .000E+00
 18    300.     5.0     .000E+00
 18    600.    10.0     .000E+00
 18    900.    15.0     .000E+00
 18   1200.    20.0     .000E+00
 18   1500.    25.0     .000E+00
 18   1800.    30.0     .000E+00
 18   2100.    35.0     .000E+00
 18   2400.    40.0     .000E+00
 18   2700.    45.0     .000E+00
 18   3000.    50.0     .000E+00
 18   3300.    55.0     .000E+00
 18   3600.    60.0     .000E+00
 18   3900.    65.0     .000E+00
 18   4200.    70.0     .000E+00
 18   4500.    75.0     .000E+00
 19      0.      .0     .000E+00
 19    300.     5.0     .000E+00
 19    600.    10.0     .000E+00
 19    900.    15.0     .000E+00
 19   1200.    20.0     .000E+00
 19   1500.    25.0     .000E+00
 19   1800.    30.0     .000E+00
 19   2100.    35.0     .000E+00
 19   2400.    40.0     .000E+00
 19   2700.    45.0     .000E+00
 19   3000.    50.0     .000E+00
 19   3300.    55.0     .000E+00
 19   3600.    60.0     .000E+00
 19   3900.    65.0     .000E+00
 19   4200.    70.0     .000E+00
 19   4500.    75.0     .000E+00
 20      0.      .0     .000E+00
 20    300.     5.0     .000E+00
 20    600.    10.0     .000E+00
 20    900.    15.0     .000E+00
 20   1200.    20.0     .000E+00
 20   1500.    25.0     .000E+00
 20   1800.    30.0     .000E+00
 20   2100.    35.0     .000E+00
 20   2400.    40.0     .000E+00
 20   2700.    45.0     .000E+00
 20   3000.    50.0     .000E+00
 20   3300.    55.0     .000E+00
 20   3600.    60.0     .000E+00
 20   3900.    65.0     .000E+00
 20   4200.    70.0     .000E+00
 20   4500.    75.0     .000E+00
 21      0.      .0     .000E+00
 21    300.     5.0     .000E+00
 21    600.    10.0     .000E+00
 21    900.    15.0     .000E+00
 21   1200.    20.0     .000E+00
 21   1500.    25.0     .000E+00
 21   1800.    30.0     .000E+00
 21   2100.    35.0     .000E+00
 21   2400.    40.0     .000E+00
 21   2700.    45.0     .000E+00
 21   3000.    50.0     .000E+00
 21   3300.    55.0     .000E+00
 21   3600.    60.0     .000E+00
 21   3900.    65.0     .000E+00
 21   4200.    70.0     .000E+00
 21   4500.    75.0     .000E+00
 22      0.      .0     .000E+00
 22    300.     5.0     .000E+00
 22    600.    10.0     .000E+00
 22    900.    15.0     .000E+00
 22   1200.    20.0     .000E+00
 22   1500.    25.0     .000E+00
 22   1800.    30.0     .000E+00
 22   2100.    35.0     .000E+00
 22   2400.    40.0     .000E+00
 22   2700.    45.0     .000E+00
 22   3000.    50.0     .000E+00
 22   3300.    55.0     .000E+00
 22   3600.    60.0     .000E+00
 22   3900.    65.0     .000E+00
 22   4200.    70.0     .000E+00
 22   4500.    75.0     .000E+00
 23      0.      .0     .000E+00
 23    300.     5.0     .000E+00
 23    600.    10.0     .000E+00
 23    900.    15.0     .000E+00
 23   1200.    20.0     .000E+00
 23   1500.    25.0     .000E+00
 23   1800.    30.0     .000E+00
 23   2100.    35.0     .000E+00
 23   2400.    40.0     .000E+00
 23   2700.    45.0     .000E+00
 23   3000.    50.0     .000E+00
 23   3300.    55.0     .000E+00
 23   3600.    60.0     .000E+00
 23   3900.    65.0     .000E+00
 23   4200.    70.0     .000E+00
 23   4500.    75.0     .000E+00
 24      0.      .0     .000E+00
 24    300.     5.0     .000E+00
 24    600.    10.0     .000E+00
 24    900.    15.0     .000E+00
 24   1200.    20.0     .000E+00
 24   1500.    25.0     .000E+00
 24   1800.    30.0     .000E+00
 24   2100.    35.0     .000E+00
 24   2400.    40.0     .000E+00
 24   2700.    45.0     .000E+00
 24   3000.    50.0     .000E+00
 24   3300.    55.0     .000E+00
 24   3600.    60.0     .000E+00
 24   3900.    65.0     .000E+00
 24   4200.    70.0     .000E+00
 24   4500.    75.0     .000E+00
 25      0.      .0     .000E+00
 25    300.     5.0     .000E+00
 25    600.    10.0     .000E+00
 25    900.    15.0     .000E+00
 25   1200.    20.0     .000E+00
 25   1500.    25.0     .000E+00
 25   1800.    30.0     .000E+00
 25   2100.    35.0     .000E+00
 25   2400.    40.0     .000E+00
 25   2700.    45.0     .000E+00
 25   3000.    50.0     .000E+00
 25   3300.    55.0     .000E+00
 25   3600.    60.0     .000E+00
 25   3900.    65.0     .000E+00
 25   4200.    70.0     .000E+00
 25   4500.    75.0     .000E+00
