  1      0.      .0     .100E-02
  1    300.     5.0     .971E-03
  1    600.    10.0     .971E-03
  1    900.    15.0     .971E-03
  1   1200.    20.0     .971E-03
  1   1500.    25.0     .971E-03
  1   1800.    30.0     .971E-03
  1   2100.    35.0     .971E-03
  1   2400.    40.0     .971E-03
  1   2700.    45.0     .971E-03
  1   3000.    50.0     .971E-03
  1   3300.    55.0     .971E-03
  1   3600.    60.0     .971E-03
  1   3900.    65.0     .971E-03
  1   4200.    70.0     .971E-03
  1   4500.    75.0     .971E-03
  2      0.      .0     .000E+00
  2    300.     5.0     .943E-03
  2    600.    10.0     .942E-03
  2    900.    15.0     .942E-03
  2   1200.    20.0     .942E-03
  2   1500.    25.0     .942E-03
  2   1800.    30.0     .942E-03
  2   2100.    35.0     .942E-03
  2   2400.    40.0     .942E-03
  2   2700.    45.0     .942E-03
  2   3000.    50.0     .942E-03
  2   3300.    55.0     .942E-03
  2   3600.    60.0     .942E-03
  2   3900.    65.0     .942E-03
  2   4200.    70.0     .942E-03
  2   4500.    75.0     .942E-03
  3      0.      .0     .000E+00
  3    300.     5.0     .919E-03
  3    600.    10.0     .914E-03
  3    900.    15.0     .914E-03
  3   1200.    20.0     .914E-03
  3   1500.    25.0     .914E-03
  3   1800.    30.0     .914E-03
  3   2100.    35.0     .914E-03
  3   2400.    40.0     .914E-03
  3   2700.    45.0     .914E-03
  3   3000.    50.0     .914E-03
  3   3300.    55.0     .914E-03
  3   3600.    60.0     .914E-03
  3   3900.    65.0     .914E-03
  3   4200.    70.0     .914E-03
  3   4500.    75.0     .914E-03
  4      0.      .0     .000E+00
  4    300.     5.0     .898E-03
  4    600.    10.0     .887E-03
  4    900.    15.0     .887E-03
  4   1200.    20.0     .887E-03
  4   1500.    25.0     .887E-03
  4   1800.    30.0     .887E-03
  4   2100.    35.0     .887E-03
  4   2400.    40.0     .887E-03
  4   2700.    45.0     .887E-03
  4   3000.    50.0     .887E-03
  4   3300.    55.0     .887E-03
  4   3600.    60.0     .887E-03
  4   3900.    65.0     .887E-03
  4   4200.    70.0     .887E-03
  4   4500.    75.0     .887E-03
  5      0.      .0     .000E+00
  5    300.     5.0     .883E-03
  5    600.    10.0     .861E-03
  5    900.    15.0     .860E-03
  5   1200.    20.0     .860E-03
  5   1500.    25.0     .860E-03
  5   1800.    30.0     .860E-03
  5   2100.    35.0     .860E-03
  5   2400.    40.0     .860E-03
  5   2700.    45.0     .860E-03
  5   3000.    50.0     .860E-03
  5   3300.    55.0     .860E-03
  5   3600.    60.0     .860E-03
  5   3900.    65.0     .860E-03
  5   4200.    70.0     .860E-03
  5   4500.    75.0     .860E-03
  6      0.      .0     .000E+00
  6    300.     5.0     .872E-03
  6    600.    10.0     .836E-03
  6    900.    15.0     .834E-03
  6   1200.    20.0     .833E-03
  6   1500.    25.0     .833E-03
  6   1800.    30.0     .833E-03
  6   2100.    35.0     .833E-03
  6   2400.    40.0     .833E-03
  6   2700.    45.0     .833E-03
  6   3000.    50.0     .833E-03
  6   3300.    55.0     .833E-03
  6   3600.    60.0     .833E-03
  6   3900.    65.0     .833E-03
  6   4200.    70.0     .833E-03
  6   4500.    75.0     .833E-03
  7      0.      .0     .000E+00
  7    300.     5.0     .865E-03
  7    600.    10.0     .813E-03
  7    900.    15.0     .808E-03
  7   1200.    20.0     .808E-03
  7   1500.    25.0     .808E-03
  7   1800.    30.0     .808E-03
  7   2100.    35.0     .808E-03
  7   2400.    40.0     .808E-03
  7   2700.    45.0     .808E-03
  7   3000.    50.0     .808E-03
  7   3300.    55.0     .808E-03
  7   3600.    60.0     .808E-03
  7   3900.    65.0     .808E-03
  7   4200.    70.0     .808E-03
  7   4500.    75.0     .808E-03
  8      0.      .0     .000E+00
  8    300.     5.0     .862E-03
  8    600.    10.0     .793E-03
  8    900.    15.0     .783E-03
  8   1200.    20.0     .783E-03
  8   1500.    25.0     .782E-03
  8   1800.    30.0     .782E-03
  8   2100.    35.0     .782E-03
  8   2400.    40.0     .782E-03
  8   2700.    45.0     .782E-03
  8   3000.    50.0     .782E-03
  8   3300.    55.0     .782E-03
  8   3600.    60.0     .782E-03
  8   3900.    65.0     .782E-03
  8   4200.    70.0     .782E-03
  8   4500.    75.0     .782E-03
  9      0.      .0     .000E+00
  9    300.     5.0     .860E-03
  9    600.    10.0     .776E-03
  9    900.    15.0     .759E-03
  9   1200.    20.0     .758E-03
  9   1500.    25.0     .758E-03
  9   1800.    30.0     .758E-03
  9   2100.    35.0     .758E-03
  9   2400.    40.0     .758E-03
  9   2700.    45.0     .758E-03
  9   3000.    50.0     .758E-03
  9   3300.    55.0     .758E-03
  9   3600.    60.0     .758E-03
  9   3900.    65.0     .758E-03
  9   4200.    70.0     .758E-03
  9   4500.    75.0     .758E-03
 10      0.      .0     .000E+00
 10    300.     5.0     .859E-03
 10    600.    10.0     .762E-03
 10    900.    15.0     .737E-03
 10   1200.    20.0     .734E-03
 10   1500.    25.0     .734E-03
 10   1800.    30.0     .734E-03
 10   2100.    35.0     .734E-03
 10   2400.    40.0     .734E-03
 10   2700.    45.0     .734E-03
 10   3000.    50.0     .734E-03
 10   3300.    55.0     .734E-03
 10   3600.    60.0     .734E-03
 10   3900.    65.0     .734E-03
 10   4200.    70.0     .734E-03
 10   4500.    75.0     .734E-03
 11      0.      .0     .000E+00
 11    300.     5.0     .859E-03
 11    600.    10.0     .752E-03
 11    900.    15.0     .715E-03
 11   1200.    20.0     .711E-03
 11   1500.    25.0     .710E-03
 11   1800.    30.0     .710E-03
 11   2100.    35.0     .710E-03
 11   2400.    40.0     .710E-03
 11   2700.    45.0     .710E-03
 11   3000.    50.0     .710E-03
 11   3300.    55.0     .710E-03
 11   3600.    60.0     .710E-03
 11   3900.    65.0     .710E-03
 11   4200.    70.0     .710E-03
 11   4500.    75.0     .710E-03
 12      0.      .0     .000E+00
 12    300.     5.0     .859E-03
 12    600.    10.0     .744E-03
 12    900.    15.0     .696E-03
 12   1200.    20.0     .688E-03
 12   1500.    25.0     .687E-03
 12   1800.    30.0     .687E-03
 12   2100.    35.0     .687E-03
 12   2400.    40.0     .687E-03
 12   2700.    45.0     .687E-03
 12   3000.    50.0     .687E-03
 12   3300.    55.0     .687E-03
 12   3600.    60.0     .687E-03
 12   3900.    65.0     .687E-03
 12   4200.    70.0     .687E-03
 12   4500.    75.0     .687E-03
 13      0.      .0     .000E+00
 13    300.     5.0     .859E-03
 13    600.    10.0     .739E-03
 13    900.    15.0     .679E-03
 13   1200.    20.0     .666E-03
 13   1500.    25.0     .665E-03
 13   1800.    30.0     .665E-03
 13   2100.    35.0     .665E-03
 13   2400.    40.0     .665E-03
 13   2700.    45.0     .665E-03
 13   3000.    50.0     .665E-03
 13   3300.    55.0     .665E-03
 13   3600.    60.0     .665E-03
 13   3900.    65.0     .665E-03
 13   4200.    70.0     .665E-03
 13   4500.    75.0     .665E-03
 14      0.      .0     .000E+00
 14    300.     5.0     .859E-03
 14    600.    10.0     .736E-03
 14    900.    15.0     .665E-03
 14   1200.    20.0     .646E-03
 14   1500.    25.0     .643E-03
 14   1800.    30.0     .643E-03
 14   2100.    35.0     .643E-03
 14   2400.    40.0     .643E-03
 14   2700.    45.0     .643E-03
 14   3000.    50.0     .643E-03
 14   3300.    55.0     .643E-03
 14   3600.    60.0     .643E-03
 14   3900.    65.0     .643E-03
 14   4200.    70.0     .643E-03
 14   4500.    75.0     .643E-03
 15      0.      .0     .000E+00
 15    300.     5.0     .859E-03
 15    600.    10.0     .734E-03
 15    900.    15.0     .652E-03
 15   1200.    20.0     .626E-03
 15   1500.    25.0     .622E-03
 15   1800.    30.0     .622E-03
 15   2100.    35.0     .622E-03
 15   2400.    40.0     .622E-03
 15   2700.    45.0     .622E-03
 15   3000.    50.0     .622E-03
 15   3300.    55.0     .622E-03
 15   3600.    60.0     .622E-03
 15   3900.    65.0     .622E-03
 15   4200.    70.0     .622E-03
 15   4500.    75.0     .622E-03
 16      0.      .0     .000E+00
 16    300.     5.0     .859E-03
 16    600.    10.0     .733E-03
 16    900.    15.0     .643E-03
 16   1200.    20.0     .608E-03
 16   1500.    25.0     .602E-03
 16   1800.    30.0     .601E-03
 16   2100.    35.0     .601E-03
 16   2400.    40.0     .601E-03
 16   2700.    45.0     .601E-03
 16   3000.    50.0     .601E-03
 16   3300.    55.0     .601E-03
 16   3600.    60.0     .601E-03
 16   3900.    65.0     .601E-03
 16   4200.    70.0     .601E-03
 16   4500.    75.0     .601E-03
 17      0.      .0     .000E+00
 17    300.     5.0     .859E-03
 17    600.    10.0     .732E-03
 17    900.    15.0     .635E-03
 17   1200.    20.0     .592E-03
 17   1500.    25.0     .582E-03
 17   1800.    30.0     .581E-03
 17   2100.    35.0     .581E-03
 17   2400.    40.0     .581E-03
 17   2700.    45.0     .581E-03
 17   3000.    50.0     .581E-03
 17   3300.    55.0     .581E-03
 17   3600.    60.0     .581E-03
 17   3900.    65.0     .581E-03
 17   4200.    70.0     .581E-03
 17   4500.    75.0     .581E-03
 18      0.      .0     .000E+00
 18    300.     5.0     .859E-03
 18    600.    10.0     .732E-03
 18    900.    15.0     .630E-03
 18   1200.    20.0     .577E-03
 18   1500.    25.0     .563E-03
 18   1800.    30.0     .561E-03
 18   2100.    35.0     .561E-03
 18   2400.    40.0     .561E-03
 18   2700.    45.0     .561E-03
 18   3000.    50.0     .561E-03
 18   3300.    55.0     .561E-03
 18   3600.    60.0     .561E-03
 18   3900.    65.0     .561E-03
 18   4200.    70.0     .561E-03
 18   4500.    75.0     .561E-03
 19      0.      .0     .000E+00
 19    300.     5.0     .859E-03
 19    600.    10.0     .731E-03
 19    900.    15.0     .626E-03
 19   1200.    20.0     .565E-03
 19   1500.    25.0     .546E-03
 19   1800.    30.0     .542E-03
 19   2100.    35.0     .542E-03
 19   2400.    40.0     .542E-03
 19   2700.    45.0     .542E-03
 19   3000.    50.0     .542E-03
 19   3300.    55.0     .542E-03
 19   3600.    60.0     .542E-03
 19   3900.    65.0     .542E-03
 19   4200.    70.0     .542E-03
 19   4500.    75.0     .542E-03
 20      0.      .0     .000E+00
 20    300.     5.0     .859E-03
 20    600.    10.0     .731E-03
 20    900.    15.0     .623E-03
 20   1200.    20.0     .554E-03
 20   1500.    25.0     .529E-03
 20   1800.    30.0     .524E-03
 20   2100.    35.0     .524E-03
 20   2400.    40.0     .523E-03
 20   2700.    45.0     .523E-03
 20   3000.    50.0     .523E-03
 20   3300.    55.0     .523E-03
 20   3600.    60.0     .523E-03
 20   3900.    65.0     .523E-03
 20   4200.    70.0     .523E-03
 20   4500.    75.0     .523E-03
 21      0.      .0     .000E+00
 21    300.     5.0     .859E-03
 21    600.    10.0     .731E-03
 21    900.    15.0     .621E-03
 21   1200.    20.0     .545E-03
 21   1500.    25.0     .514E-03
 21   1800.    30.0     .507E-03
 21   2100.    35.0     .506E-03
 21   2400.    40.0     .505E-03
 21   2700.    45.0     .505E-03
 21   3000.    50.0     .505E-03
 21   3300.    55.0     .505E-03
 21   3600.    60.0     .505E-03
 21   3900.    65.0     .505E-03
 21   4200.    70.0     .505E-03
 21   4500.    75.0     .505E-03
 22      0.      .0     .000E+00
 22    300.     5.0     .859E-03
 22    600.    10.0     .731E-03
 22    900.    15.0     .620E-03
 22   1200.    20.0     .538E-03
 22   1500.    25.0     .500E-03
 22   1800.    30.0     .490E-03
 22   2100.    35.0     .488E-03
 22   2400.    40.0     .488E-03
 22   2700.    45.0     .488E-03
 22   3000.    50.0     .488E-03
 22   3300.    55.0     .488E-03
 22   3600.    60.0     .488E-03
 22   3900.    65.0     .488E-03
 22   4200.    70.0     .488E-03
 22   4500.    75.0     .488E-03
 23      0.      .0     .000E+00
 23    300.     5.0     .859E-03
 23    600.    10.0     .731E-03
 23    900.    15.0     .619E-03
 23   1200.    20.0     .533E-03
 23   1500.    25.0     .488E-03
 23   1800.    30.0     .474E-03
 23   2100.    35.0     .471E-03
 23   2400.    40.0     .471E-03
 23   2700.    45.0     .471E-03
 23   3000.    50.0     .471E-03
 23   3300.    55.0     .471E-03
 23   3600.    60.0     .471E-03
 23   3900.    65.0     .471E-03
 23   4200.    70.0     .471E-03
 23   4500.    75.0     .471E-03
 24      0.      .0     .000E+00
 24    300.     5.0     .859E-03
 24    600.    10.0     .731E-03
 24    900.    15.0     .619E-03
 24   1200.    20.0     .529E-03
 24   1500.    25.0     .477E-03
 24   1800.    30.0     .459E-03
 24   2100.    35.0     .455E-03
 24   2400.    40.0     .454E-03
 24   2700.    45.0     .454E-03
 24   3000.    50.0     .454E-03
 24   3300.    55.0     .454E-03
 24   3600.    60.0     .454E-03
 24   3900.    65.0     .454E-03
 24   4200.    70.0     .454E-03
 24   4500.    75.0     .454E-03
 25      0.      .0     .000E+00
 25    300.     5.0     .859E-03
 25    600.    10.0     .731E-03
 25    900.    15.0     .619E-03
 25   1200.    20.0     .525E-03
 25   1500.    25.0     .467E-03
 25   1800.    30.0     .445E-03
 25   2100.    35.0     .439E-03
 25   2400.    40.0     .438E-03
 25   2700.    45.0     .438E-03
 25   3000.    50.0     .438E-03
 25   3300.    55.0     .438E-03
 25   3600.    60.0     .438E-03
 25   3900.    65.0     .438E-03
 25   4200.    70.0     .438E-03
 25   4500.    75.0     .438E-03
