  1      0.      .0     .000E+00
  1    300.     5.0     .000E+00
  1    600.    10.0     .000E+00
  1    900.    15.0     .000E+00
  1   1200.    20.0     .000E+00
  1   1500.    25.0     .000E+00
  1   1800.    30.0     .000E+00
  1   2100.    35.0     .000E+00
  1   2400.    40.0     .000E+00
  1   2700.    45.0     .000E+00
  1   3000.    50.0     .000E+00
  1   3300.    55.0     .000E+00
  1   3600.    60.0     .699E-33
  1   3900.    65.0     .284E-36
  1   4200.    70.0     .117E-35
  1   4500.    75.0    -.109E-35
  2      0.      .0     .000E+00
  2    300.     5.0     .000E+00
  2    600.    10.0     .000E+00
  2    900.    15.0     .000E+00
  2   1200.    20.0     .000E+00
  2   1500.    25.0     .000E+00
  2   1800.    30.0     .000E+00
  2   2100.    35.0     .000E+00
  2   2400.    40.0     .000E+00
  2   2700.    45.0     .000E+00
  2   3000.    50.0     .000E+00
  2   3300.    55.0     .000E+00
  2   3600.    60.0     .521E-36
  2   3900.    65.0    -.306E-36
  2   4200.    70.0     .303E-37
  2   4500.    75.0     .444E-38
  3      0.      .0     .000E+00
  3    300.     5.0     .000E+00
  3    600.    10.0     .000E+00
  3    900.    15.0     .000E+00
  3   1200.    20.0     .000E+00
  3   1500.    25.0     .000E+00
  3   1800.    30.0     .000E+00
  3   2100.    35.0     .000E+00
  3   2400.    40.0     .000E+00
  3   2700.    45.0     .000E+00
  3   3000.    50.0     .000E+00
  3   3300.    55.0     .000E+00
  3   3600.    60.0     .186E-36
  3   3900.    65.0    -.156E-36
  3   4200.    70.0    -.125E-37
  3   4500.    75.0     .160E-37
  4      0.      .0     .000E+00
  4    300.     5.0     .000E+00
  4    600.    10.0     .000E+00
  4    900.    15.0     .000E+00
  4   1200.    20.0     .000E+00
  4   1500.    25.0     .000E+00
  4   1800.    30.0     .000E+00
  4   2100.    35.0     .000E+00
  4   2400.    40.0     .000E+00
  4   2700.    45.0     .000E+00
  4   3000.    50.0     .000E+00
  4   3300.    55.0     .000E+00
  4   3600.    60.0     .712E-37
  4   3900.    65.0     .102E-36
  4   4200.    70.0    -.114E-36
  4   4500.    75.0     .270E-37
  5      0.      .0     .000E+00
  5    300.     5.0     .000E+00
  5    600.    10.0     .000E+00
  5    900.    15.0     .000E+00
  5   1200.    20.0     .000E+00
  5   1500.    25.0     .000E+00
  5   1800.    30.0     .000E+00
  5   2100.    35.0     .000E+00
  5   2400.    40.0     .000E+00
  5   2700.    45.0     .000E+00
  5   3000.    50.0     .000E+00
  5   3300.    55.0     .000E+00
  5   3600.    60.0     .260E-37
  5   3900.    65.0     .266E-36
  5   4200.    70.0    -.186E-36
  5   4500.    75.0     .180E-37
  6      0.      .0     .000E+00
  6    300.     5.0     .000E+00
  6    600.    10.0     .000E+00
  6    900.    15.0     .000E+00
  6   1200.    20.0     .000E+00
  6   1500.    25.0     .000E+00
  6   1800.    30.0     .000E+00
  6   2100.    35.0     .000E+00
  6   2400.    40.0     .000E+00
  6   2700.    45.0     .000E+00
  6   3000.    50.0     .000E+00
  6   3300.    55.0     .000E+00
  6   3600.    60.0     .921E-38
  6   3900.    65.0     .305E-36
  6   4200.    70.0    -.173E-36
  6   4500.    75.0    -.189E-37
  7      0.      .0     .000E+00
  7    300.     5.0     .000E+00
  7    600.    10.0     .000E+00
  7    900.    15.0     .000E+00
  7   1200.    20.0     .000E+00
  7   1500.    25.0     .000E+00
  7   1800.    30.0     .000E+00
  7   2100.    35.0     .000E+00
  7   2400.    40.0     .000E+00
  7   2700.    45.0     .000E+00
  7   3000.    50.0     .000E+00
  7   3300.    55.0     .000E+00
  7   3600.    60.0     .319E-38
  7   3900.    65.0     .267E-36
  7   4200.    70.0    -.858E-37
  7   4500.    75.0    -.705E-37
  8      0.      .0     .000E+00
  8    300.     5.0     .000E+00
  8    600.    10.0     .000E+00
  8    900.    15.0     .000E+00
  8   1200.    20.0     .000E+00
  8   1500.    25.0     .000E+00
  8   1800.    30.0     .000E+00
  8   2100.    35.0     .000E+00
  8   2400.    40.0     .000E+00
  8   2700.    45.0     .000E+00
  8   3000.    50.0     .000E+00
  8   3300.    55.0     .000E+00
  8   3600.    60.0     .108E-38
  8   3900.    65.0     .201E-36
  8   4200.    70.0     .275E-37
  8   4500.    75.0    -.112E-36
  9      0.      .0     .000E+00
  9    300.     5.0     .000E+00
  9    600.    10.0     .000E+00
  9    900.    15.0     .000E+00
  9   1200.    20.0     .000E+00
  9   1500.    25.0     .000E+00
  9   1800.    30.0     .000E+00
  9   2100.    35.0     .000E+00
  9   2400.    40.0     .000E+00
  9   2700.    45.0     .000E+00
  9   3000.    50.0     .000E+00
  9   3300.    55.0     .000E+00
  9   3600.    60.0     .364E-39
  9   3900.    65.0     .138E-36
  9   4200.    70.0     .124E-36
  9   4500.    75.0    -.125E-36
 10      0.      .0     .000E+00
 10    300.     5.0     .000E+00
 10    600.    10.0     .000E+00
 10    900.    15.0     .000E+00
 10   1200.    20.0     .000E+00
 10   1500.    25.0     .000E+00
 10   1800.    30.0     .000E+00
 10   2100.    35.0     .000E+00
 10   2400.    40.0     .000E+00
 10   2700.    45.0     .000E+00
 10   3000.    50.0     .000E+00
 10   3300.    55.0     .000E+00
 10   3600.    60.0     .121E-39
 10   3900.    65.0     .879E-37
 10   4200.    70.0     .184E-36
 10   4500.    75.0    -.102E-36
 11      0.      .0     .000E+00
 11    300.     5.0     .000E+00
 11    600.    10.0     .000E+00
 11    900.    15.0     .000E+00
 11   1200.    20.0     .000E+00
 11   1500.    25.0     .000E+00
 11   1800.    30.0     .000E+00
 11   2100.    35.0     .000E+00
 11   2400.    40.0     .000E+00
 11   2700.    45.0     .000E+00
 11   3000.    50.0     .000E+00
 11   3300.    55.0     .000E+00
 11   3600.    60.0     .398E-40
 11   3900.    65.0     .534E-37
 11   4200.    70.0     .204E-36
 11   4500.    75.0    -.521E-37
 12      0.      .0     .000E+00
 12    300.     5.0     .000E+00
 12    600.    10.0     .000E+00
 12    900.    15.0     .000E+00
 12   1200.    20.0     .000E+00
 12   1500.    25.0     .000E+00
 12   1800.    30.0     .000E+00
 12   2100.    35.0     .000E+00
 12   2400.    40.0     .000E+00
 12   2700.    45.0     .000E+00
 12   3000.    50.0     .000E+00
 12   3300.    55.0     .000E+00
 12   3600.    60.0     .130E-40
 12   3900.    65.0     .312E-37
 12   4200.    70.0     .195E-36
 12   4500.    75.0     .101E-37
 13      0.      .0     .000E+00
 13    300.     5.0     .000E+00
 13    600.    10.0     .000E+00
 13    900.    15.0     .000E+00
 13   1200.    20.0     .000E+00
 13   1500.    25.0     .000E+00
 13   1800.    30.0     .000E+00
 13   2100.    35.0     .000E+00
 13   2400.    40.0     .000E+00
 13   2700.    45.0     .000E+00
 13   3000.    50.0     .000E+00
 13   3300.    55.0     .000E+00
 13   3600.    60.0     .423E-41
 13   3900.    65.0     .177E-37
 13   4200.    70.0     .169E-36
 13   4500.    75.0     .700E-37
 14      0.      .0     .000E+00
 14    300.     5.0     .000E+00
 14    600.    10.0     .000E+00
 14    900.    15.0     .000E+00
 14   1200.    20.0     .000E+00
 14   1500.    25.0     .000E+00
 14   1800.    30.0     .000E+00
 14   2100.    35.0     .000E+00
 14   2400.    40.0     .000E+00
 14   2700.    45.0     .000E+00
 14   3000.    50.0     .000E+00
 14   3300.    55.0     .000E+00
 14   3600.    60.0     .136E-41
 14   3900.    65.0     .978E-38
 14   4200.    70.0     .136E-36
 14   4500.    75.0     .117E-36
 15      0.      .0     .000E+00
 15    300.     5.0     .000E+00
 15    600.    10.0     .000E+00
 15    900.    15.0     .000E+00
 15   1200.    20.0     .000E+00
 15   1500.    25.0     .000E+00
 15   1800.    30.0     .000E+00
 15   2100.    35.0     .000E+00
 15   2400.    40.0     .000E+00
 15   2700.    45.0     .000E+00
 15   3000.    50.0     .000E+00
 15   3300.    55.0     .000E+00
 15   3600.    60.0     .439E-42
 15   3900.    65.0     .530E-38
 15   4200.    70.0     .104E-36
 15   4500.    75.0     .147E-36
 16      0.      .0     .000E+00
 16    300.     5.0     .000E+00
 16    600.    10.0     .000E+00
 16    900.    15.0     .000E+00
 16   1200.    20.0     .000E+00
 16   1500.    25.0     .000E+00
 16   1800.    30.0     .000E+00
 16   2100.    35.0     .000E+00
 16   2400.    40.0     .000E+00
 16   2700.    45.0     .000E+00
 16   3000.    50.0     .000E+00
 16   3300.    55.0     .000E+00
 16   3600.    60.0     .140E-42
 16   3900.    65.0     .282E-38
 16   4200.    70.0     .759E-37
 16   4500.    75.0     .158E-36
 17      0.      .0     .000E+00
 17    300.     5.0     .000E+00
 17    600.    10.0     .000E+00
 17    900.    15.0     .000E+00
 17   1200.    20.0     .000E+00
 17   1500.    25.0     .000E+00
 17   1800.    30.0     .000E+00
 17   2100.    35.0     .000E+00
 17   2400.    40.0     .000E+00
 17   2700.    45.0     .000E+00
 17   3000.    50.0     .000E+00
 17   3300.    55.0     .000E+00
 17   3600.    60.0     .448E-43
 17   3900.    65.0     .148E-38
 17   4200.    70.0     .534E-37
 17   4500.    75.0     .156E-36
 18      0.      .0     .000E+00
 18    300.     5.0     .000E+00
 18    600.    10.0     .000E+00
 18    900.    15.0     .000E+00
 18   1200.    20.0     .000E+00
 18   1500.    25.0     .000E+00
 18   1800.    30.0     .000E+00
 18   2100.    35.0     .000E+00
 18   2400.    40.0     .000E+00
 18   2700.    45.0     .000E+00
 18   3000.    50.0     .000E+00
 18   3300.    55.0     .000E+00
 18   3600.    60.0     .142E-43
 18   3900.    65.0     .768E-39
 18   4200.    70.0     .365E-37
 18   4500.    75.0     .143E-36
 19      0.      .0     .000E+00
 19    300.     5.0     .000E+00
 19    600.    10.0     .000E+00
 19    900.    15.0     .000E+00
 19   1200.    20.0     .000E+00
 19   1500.    25.0     .000E+00
 19   1800.    30.0     .000E+00
 19   2100.    35.0     .000E+00
 19   2400.    40.0     .000E+00
 19   2700.    45.0     .000E+00
 19   3000.    50.0     .000E+00
 19   3300.    55.0     .000E+00
 19   3600.    60.0     .450E-44
 19   3900.    65.0     .394E-39
 19   4200.    70.0     .242E-37
 19   4500.    75.0     .124E-36
 20      0.      .0     .000E+00
 20    300.     5.0     .000E+00
 20    600.    10.0     .000E+00
 20    900.    15.0     .000E+00
 20   1200.    20.0     .000E+00
 20   1500.    25.0     .000E+00
 20   1800.    30.0     .000E+00
 20   2100.    35.0     .000E+00
 20   2400.    40.0     .000E+00
 20   2700.    45.0     .000E+00
 20   3000.    50.0     .000E+00
 20   3300.    55.0     .000E+00
 20   3600.    60.0     .142E-44
 20   3900.    65.0     .201E-39
 20   4200.    70.0     .158E-37
 20   4500.    75.0     .103E-36
 21      0.      .0     .000E+00
 21    300.     5.0     .000E+00
 21    600.    10.0     .000E+00
 21    900.    15.0     .000E+00
 21   1200.    20.0     .000E+00
 21   1500.    25.0     .000E+00
 21   1800.    30.0     .000E+00
 21   2100.    35.0     .000E+00
 21   2400.    40.0     .000E+00
 21   2700.    45.0     .000E+00
 21   3000.    50.0     .000E+00
 21   3300.    55.0     .000E+00
 21   3600.    60.0     .448E-45
 21   3900.    65.0     .101E-39
 21   4200.    70.0     .100E-37
 21   4500.    75.0     .827E-37
 22      0.      .0     .000E+00
 22    300.     5.0     .000E+00
 22    600.    10.0     .000E+00
 22    900.    15.0     .000E+00
 22   1200.    20.0     .000E+00
 22   1500.    25.0     .000E+00
 22   1800.    30.0     .000E+00
 22   2100.    35.0     .000E+00
 22   2400.    40.0     .000E+00
 22   2700.    45.0     .000E+00
 22   3000.    50.0     .000E+00
 22   3300.    55.0     .000E+00
 22   3600.    60.0     .141E-45
 22   3900.    65.0     .508E-40
 22   4200.    70.0     .629E-38
 22   4500.    75.0     .642E-37
 23      0.      .0     .000E+00
 23    300.     5.0     .000E+00
 23    600.    10.0     .000E+00
 23    900.    15.0     .000E+00
 23   1200.    20.0     .000E+00
 23   1500.    25.0     .000E+00
 23   1800.    30.0     .000E+00
 23   2100.    35.0     .000E+00
 23   2400.    40.0     .000E+00
 23   2700.    45.0     .000E+00
 23   3000.    50.0     .000E+00
 23   3300.    55.0     .000E+00
 23   3600.    60.0     .442E-46
 23   3900.    65.0     .253E-40
 23   4200.    70.0     .388E-38
 23   4500.    75.0     .486E-37
 24      0.      .0     .000E+00
 24    300.     5.0     .000E+00
 24    600.    10.0     .000E+00
 24    900.    15.0     .000E+00
 24   1200.    20.0     .000E+00
 24   1500.    25.0     .000E+00
 24   1800.    30.0     .000E+00
 24   2100.    35.0     .000E+00
 24   2400.    40.0     .000E+00
 24   2700.    45.0     .000E+00
 24   3000.    50.0     .000E+00
 24   3300.    55.0     .000E+00
 24   3600.    60.0     .138E-46
 24   3900.    65.0     .125E-40
 24   4200.    70.0     .236E-38
 24   4500.    75.0     .359E-37
 25      0.      .0     .000E+00
 25    300.     5.0     .000E+00
 25    600.    10.0     .000E+00
 25    900.    15.0     .000E+00
 25   1200.    20.0     .000E+00
 25   1500.    25.0     .000E+00
 25   1800.    30.0     .000E+00
 25   2100.    35.0     .000E+00
 25   2400.    40.0     .000E+00
 25   2700.    45.0     .000E+00
 25   3000.    50.0     .000E+00
 25   3300.    55.0     .000E+00
 25   3600.    60.0     .433E-47
 25   3900.    65.0     .619E-41
 25   4200.    70.0     .142E-38
 25   4500.    75.0     .260E-37
