  1      0.      .0     .183E-05
  1     30.      .5     .178E-05
  1     60.     1.0     .172E-05
  1     90.     1.5     .167E-05
  1    120.     2.0     .162E-05
  1    150.     2.5     .157E-05
  1    180.     3.0     .153E-05
  1    210.     3.5     .148E-05
  1    240.     4.0     .144E-05
  1    270.     4.5     .139E-05
  1    300.     5.0     .135E-05
  1    330.     5.5     .131E-05
  1    360.     6.0     .127E-05
  1    390.     6.5     .124E-05
  1    420.     7.0     .120E-05
  1    450.     7.5     .117E-05
  1    480.     8.0     .113E-05
  1    510.     8.5     .110E-05
  1    540.     9.0     .107E-05
  1    570.     9.5     .104E-05
  1    600.    10.0     .101E-05
  1    630.    10.5     .978E-06
  1    660.    11.0     .951E-06
  1    690.    11.5     .924E-06
  1    720.    12.0     .898E-06
  1    750.    12.5     .872E-06
  1    780.    13.0     .848E-06
  1    810.    13.5     .825E-06
  1    840.    14.0     .802E-06
  1    870.    14.5     .780E-06
  1    900.    15.0     .758E-06
  1    930.    15.5     .738E-06
  1    960.    16.0     .718E-06
  1    990.    16.5     .698E-06
  1   1020.    17.0     .679E-06
  1   1050.    17.5     .661E-06
  1   1080.    18.0     .644E-06
  1   1110.    18.5     .627E-06
  1   1140.    19.0     .610E-06
  1   1170.    19.5     .594E-06
  1   1200.    20.0     .579E-06
  1   1230.    20.5     .564E-06
  1   1260.    21.0     .550E-06
  1   1290.    21.5     .536E-06
  1   1320.    22.0     .522E-06
  1   1350.    22.5     .509E-06
  1   1380.    23.0     .496E-06
  1   1410.    23.5     .484E-06
  1   1440.    24.0     .472E-06
  1   1470.    24.5     .460E-06
  1   1500.    25.0     .449E-06
