  1      0.      .0     .000E+00
  1     30.      .5     .551E-11
  1     60.     1.0     .550E-11
  1     90.     1.5     .548E-11
  1    120.     2.0     .546E-11
  1    150.     2.5     .544E-11
  1    180.     3.0     .542E-11
  1    210.     3.5     .540E-11
  1    240.     4.0     .538E-11
  1    270.     4.5     .536E-11
  1    300.     5.0     .534E-11
  1    330.     5.5     .532E-11
  1    360.     6.0     .529E-11
  1    390.     6.5     .527E-11
  1    420.     7.0     .524E-11
  1    450.     7.5     .522E-11
  1    480.     8.0     .519E-11
  1    510.     8.5     .516E-11
  1    540.     9.0     .514E-11
  1    570.     9.5     .511E-11
  1    600.    10.0     .508E-11
  1    630.    10.5     .505E-11
  1    660.    11.0     .502E-11
  1    690.    11.5     .498E-11
  1    720.    12.0     .495E-11
  1    750.    12.5     .492E-11
  1    780.    13.0     .489E-11
  1    810.    13.5     .485E-11
  1    840.    14.0     .482E-11
  1    870.    14.5     .478E-11
  1    900.    15.0     .475E-11
  1    930.    15.5     .471E-11
  1    960.    16.0     .468E-11
  1    990.    16.5     .464E-11
  1   1020.    17.0     .460E-11
  1   1050.    17.5     .456E-11
  1   1080.    18.0     .452E-11
  1   1110.    18.5     .449E-11
  1   1140.    19.0     .445E-11
  1   1170.    19.5     .441E-11
  1   1200.    20.0     .437E-11
  1   1230.    20.5     .433E-11
  1   1260.    21.0     .429E-11
  1   1290.    21.5     .424E-11
  1   1320.    22.0     .420E-11
  1   1350.    22.5     .416E-11
  1   1380.    23.0     .412E-11
  1   1410.    23.5     .408E-11
  1   1440.    24.0     .404E-11
  1   1470.    24.5     .399E-11
  1   1500.    25.0     .395E-11
