  1      0.      .0     .400E-02
  1     30.      .5     .400E-02
  1     60.     1.0     .400E-02
  1     90.     1.5     .400E-02
  1    120.     2.0     .400E-02
  1    150.     2.5     .400E-02
  1    180.     3.0     .400E-02
  1    210.     3.5     .400E-02
  1    240.     4.0     .400E-02
  1    270.     4.5     .400E-02
  1    300.     5.0     .400E-02
  1    330.     5.5     .400E-02
  1    360.     6.0     .400E-02
  1    390.     6.5     .400E-02
  1    420.     7.0     .400E-02
  1    450.     7.5     .400E-02
  1    480.     8.0     .400E-02
  1    510.     8.5     .400E-02
  1    540.     9.0     .400E-02
  1    570.     9.5     .400E-02
  1    600.    10.0     .400E-02
  1    630.    10.5     .400E-02
  1    660.    11.0     .400E-02
  1    690.    11.5     .400E-02
  1    720.    12.0     .400E-02
  1    750.    12.5     .400E-02
  1    780.    13.0     .400E-02
  1    810.    13.5     .400E-02
  1    840.    14.0     .400E-02
  1    870.    14.5     .400E-02
  1    900.    15.0     .400E-02
  1    930.    15.5     .400E-02
  1    960.    16.0     .400E-02
  1    990.    16.5     .400E-02
  1   1020.    17.0     .400E-02
  1   1050.    17.5     .400E-02
  1   1080.    18.0     .400E-02
  1   1110.    18.5     .400E-02
  1   1140.    19.0     .400E-02
  1   1170.    19.5     .400E-02
  1   1200.    20.0     .400E-02
  1   1230.    20.5     .400E-02
  1   1260.    21.0     .400E-02
  1   1290.    21.5     .400E-02
  1   1320.    22.0     .400E-02
  1   1350.    22.5     .400E-02
  1   1380.    23.0     .400E-02
  1   1410.    23.5     .400E-02
  1   1440.    24.0     .400E-02
  1   1470.    24.5     .400E-02
  1   1500.    25.0     .400E-02
