1.3
3
"TRICHLOROETHYLENE#$1$#",131.39,50,102,87,60.1,.416,1.48,821,4690,1.475
79016
5,-1,0
.0000000001,.0000000001,.0000000001,-1,-1,-1
.0000000001,.0000000001,.0000000001
0,"",0,0
"                                                                      ",-1,4,50,0,1,3
-1,-1,-1,-1,60.1,.416
1,0,-1
"TETRACHLOROETHYLENE#$1$#",165.83,10,119,121,246,.458,1.64,66,1060,1.5055
127184
5,-1,0
.0000000001,.0000000001,.0000000001,-1,-1,-1
.0000000001,.0000000001,.0000000001
0,"",0,0
"                                                                      ",-1,4,50,0,1,3
-1,-1,-1,-1,246,.458
1,0,-1
"BENZENE#$1$#",78.11,20,98,80.1,17.8,.398,.888,1480,6040,1.4979
71432
5,-1,0
3.43912225890208E-03,1.03536450228358E-08,7.60642745046794E-06,-1,-1,-1
.0000000001,.0000000001,.0000000001
0,"",0,0
"                                                                      ",-1,4,50,0,1,3
-1,-1,-1,-1,17.8,.398
1,0,-1
2.77,3.05,9070,.0358,.999152186090457,1.14845661833273E-02,15,1,0,2
"Organic Free Water",1,0,0,0
"Calgon F 400",.641,.803,.000513,1,.63,.02766,1.208
1,1
1,-1
5,11
.000099936,576000,1900,1584
"m","m","kg","m³/s","s"
"g/mL","m"
"mg/mmol","mL/gmol","C","mg/L"
"g/mL","mg/L","Pa","(mg/g)*(L/mg)^(1/n)"
0
0,3
