           2     0.000000E+00      0.000000E+00     1.535234E-01
           2     3.333333E-01      6.845562E-01     1.535234E-01
           2     6.666667E-01      7.029257E-01     1.535234E-01
           2         1.000000      5.413411E-01     1.535234E-01
           2         1.333333      3.705784E-01     1.535234E-01
           2         1.666667      2.378266E-01     1.535234E-01
           2         2.000000      1.465251E-01     1.535234E-01
           2         2.333333      8.776660E-02     1.535234E-01
 
    1.535234E-01
           3     0.000000E+00      0.000000E+00     8.701875E-02
           3     3.333333E-01      5.518192E-01     8.701875E-02
           3     6.666667E-01      8.120117E-01     8.701875E-02
           3         1.000000      6.721254E-01     8.701875E-02
           3         1.333333      4.395753E-01     8.701875E-02
           3         1.666667      2.526730E-01     8.701875E-02
           3         2.000000      1.338526E-01     8.701875E-02
           3         2.333333      6.702334E-02     8.701875E-02
 
    8.701875E-02
           4     0.000000E+00      0.000000E+00     7.270306E-02
           4     3.333333E-01      4.165486E-01     7.270306E-02
           4     6.666667E-01      8.784081E-01     7.270306E-02
           4         1.000000      7.814673E-01     7.270306E-02
           4         1.333333      4.882786E-01     7.270306E-02
           4         1.666667      2.513845E-01     7.270306E-02
           4         2.000000      1.145046E-01     7.270306E-02
           4         2.333333      4.792962E-02     7.270306E-02
 
    7.270306E-02
           5     0.000000E+00      0.000000E+00     1.063148E-01
           5     3.333333E-01      3.036195E-01     1.063148E-01
           5     6.666667E-01      9.175410E-01     1.063148E-01
           5         1.000000      8.773369E-01     1.063148E-01
           5         1.333333      5.237176E-01     1.063148E-01
           5         1.666667      2.414978E-01     1.063148E-01
           5         2.000000      9.458318E-02     1.063148E-01
           5         2.333333      3.309612E-02     1.063148E-01
 
    7.270306E-02
 Mean Residence Time (Tbar) :           .150000E+02


 Experimental E(theta) results : 

        THETA               E(theta)
     .000000E+00         .000000E+00
     .333333E+00         .450000E+00
     .666667E+00         .750000E+00
     .100000E+01         .750000E+00
     .133333E+01         .600000E+00
     .166667E+01         .300000E+00
     .200000E+01         .150000E+00
     .233333E+01         .000000E+00


 Predictions of E(theta) for nTIS model:

        THETA               E(theta)
     .000000E+00         .000000E+00
     .333333E+00         .416549E+00
     .666667E+00         .878408E+00
     .100000E+01         .781467E+00
     .133333E+01         .488279E+00
     .166667E+01         .251384E+00
     .200000E+01         .114505E+00
     .233333E+01         .479296E-01
           4 of tanks should be used to simulate the system.
