      18
   -273.000000292135    302.821766169652    -38.784333621398     12.969053361291
     -6.230070795101      3.641046980750     -2.414511984928      1.753381246781
     -1.366531452549      1.129387903876      -.982849105647       .897537722506
      -.859973472754       .868089421638      -.934073304323      1.105445168866
     -1.613364080930      1.000000134405
   -117.581173703502     93.845280390789     29.881890861772     -8.773393583479
      4.057958100904     -2.333554817724      1.534553313302     -1.108937228674
       .861611382262      -.710628655094       .617545367412      -.563373944183
       .539405024199      -.544214466860       .585370373108      -.692606015775
      1.010712906579      -.626445305037
     33.573190700492    -66.618316391631     17.528155847263     20.537931689074
     -7.494731304515      3.962332727202     -2.502352577044      1.767721403558
     -1.354362723462      1.106800314028      -.955773419049       .868064623997
      -.828499009442       .834000099702      -.895667514955      1.058677239243
     -1.544086943653       .956915239192
    -17.082634609203     29.762093601508    -31.251221766478      6.906192080889
     15.866375172772     -6.445123665435      3.684588168937     -2.475314665702
      1.841814806491     -1.477485272358      1.260118963553     -1.134660730902
      1.076375780470     -1.078878127298      1.155226531058     -1.362878533888
      1.985759093096     -1.230346827510
     10.731730910907    -18.002533868913     14.914083847960    -20.749513921065
      3.518711875247     13.277828520580     -5.775381526217      3.489257781214
     -2.457812943943      1.908616483938     -1.594214673564      1.415441734487
     -1.329717503073      1.323794184038     -1.410920454421      1.659612010331
     -2.414326741264      1.495344283760
     -7.523598556691     12.418427884258     -9.458320003301     10.110765026844
    -15.927573994953      1.998858589107     11.767292000306     -5.384540160486
      3.399956671531     -2.493676713898      2.013023489121     -1.748420346360
      1.618447341403     -1.595078511013      1.688560965795     -1.977676028599
      2.870540276469     -1.776987929538
      5.639738368945     -9.231257072940      6.752145924330     -6.533892142948
      7.831293485712    -13.301687793879      1.159212279577     10.912497987148
     -5.206732462492      3.417660098336     -2.602834157491      2.183326262047
     -1.976405496884      1.919308856969     -2.012097626606      2.342315581554
     -3.389031558658      2.096439467225
     -4.420336017983      7.200044086514     -5.148212642643      4.737647652840
     -5.106639763577      6.569437336974    -11.778053490141       .611716318550
     10.523516501935     -5.213781756552      3.551091839986     -2.809285493757
      2.456000382481     -2.333184340788      2.411814822308     -2.783541409381
      4.009563722702     -2.477797749451
      3.574005173115     -5.803583417720      4.091987254403     -3.657083946502
      3.731707833995     -4.303378720713      5.830036198843    -10.917357390041
       .191755775643     10.524930128038     -5.408906995710      3.826792448567
     -3.156286387899      2.897861163721     -2.933676575399      3.344018486990
     -4.786605467685      2.953784437846
     -2.953783698105      4.786604288580     -3.344017702229      2.933675937790
     -2.897860610476      3.156285886821     -3.826791974403      5.408906537387
    -10.524929674706      -.191756232392     10.917357860551     -5.830036691188
      4.303379249297     -3.731708418401      3.657084617755     -4.091988088272
      5.803584665920     -3.574005953066
      2.477795722785     -4.009560441889      2.783539246200     -2.411813149731
      2.333182913084     -2.455999132173      2.809284387433     -3.551090823865
      5.213780812890    -10.523515606110      -.611717183870     11.778054354851
     -6.569438216153      5.106640678576     -4.737648664603      5.148213835870
     -7.200045845384      4.420337099633
     -2.096436662658      3.389027289813     -2.342312728637      2.012095344078
     -1.919306976255      1.976403900597     -2.183324794518      2.602832812467
     -3.417658792750      5.206731249287    -10.912496803445     -1.159213452949
     13.301688979729     -7.831294763891      6.533893532644     -6.752147585736
      9.231259547756     -5.639739929233
      1.776987706777     -2.870539531112      1.977675744798     -1.688560748938
      1.595078163547     -1.618447029963      1.748420146294     -2.013023278909
      2.493676496204     -3.399956427049      5.384539971361    -11.767291710712
     -1.998858992476     15.927574370522    -10.110765553545      9.458320502192
    -12.418428783305      7.523599095177
     -1.495345437899      2.414329351857     -1.659613730386      1.410921394825
     -1.323795156553      1.329718391411     -1.415442418307      1.594215186313
     -1.908616905101      2.457813570276     -3.489258323796      5.775382110849
    -13.277828989550     -3.518711270764     20.749513423070    -14.914083115757
     18.002532487735    -10.731730313972
      1.230346631259     -1.985757879913      1.362877108157     -1.155225701630
      1.078877024353     -1.076374627650      1.134660381824     -1.260117907077
      1.477484870702     -1.841813882813      2.475314024836     -3.684587758034
      6.445122595876    -15.866374339908     -6.906192548573     31.251222286373
    -29.762095294893     17.082635421306
      -.956919774413      1.544096052647     -1.058683991432       .895670972764
      -.834004297853       .828502960503      -.868067644536       .955775946379
     -1.106802422553      1.354364752769     -1.767722979188      2.502353992313
     -3.962334983051      7.494733676314    -20.537933476269    -17.528153553605
     66.618313163519    -33.573188513517
       .626443862915     -1.010708466172       .692601695657      -.585368126631
       .544211961329      -.539401859045       .563372820616      -.617543175817
       .710627615452      -.861609891057      1.108935393393     -1.534552000463
      2.333552867174     -4.057956621051      8.773392252624    -29.881888747215
    -93.845283478498    117.581174939871
      -.999999970198      1.613368332386     -1.105448126793       .934074684978
      -.868091925979       .859976708889      -.897539012134       .982851214707
     -1.129389211535      1.366532512009     -1.753382898867      2.414513111115
     -3.641049526632      6.230071701109    -12.969054803252     38.784334912896
   -302.821771293879    273.000001773238
