      12
   -111.000000000019    123.325679030891    -16.153004430182      5.627927833033
     -2.874307180914      1.826899872559     -1.353430317737      1.136180354750
     -1.074341749410      1.168663796958     -1.630267209935      1.000000000008
    -47.636818940452     37.817152748601     12.445909876405     -3.807701354386
      1.872635509625     -1.171337791301       .860712371058      -.719234676879
       .678246873934      -.736636410589      1.026792582990      -.629720789007
     13.600251472064    -27.128828551743      6.874711138394      8.917478075899
     -3.461866101149      1.992175432353     -1.407161581961      1.150885007868
     -1.071927930462      1.155984681022     -1.605674722563       .983973080279
     -6.915289385873     12.112547135389    -13.013983831158      2.523797320833
      7.338107507367     -3.248816047518      2.080942719800     -1.622277505363
      1.471866230134     -1.564349543288      2.157547681772     -1.320092282094
      4.334775502843     -7.311347862966      6.200833499508     -9.006491875314
      1.067254960581      6.711363081977     -3.279449363379      2.307361853747
     -1.991116804556      2.061444926634     -2.808114494662      1.713486575586
     -3.022441312943      5.016906986752     -3.914507098521      4.374278338327
     -7.362417401494       .304497427637      6.717074324848     -3.597581410134
      2.801827659510     -2.764989424104      3.686480484173     -2.239128574050
      2.239128574016     -3.686480484118      2.764989424066     -2.801827659480
      3.597581410108     -6.717074324822      -.304497427664      7.362417401522
     -4.374278338358      3.914507098560     -5.016906986809      3.022441312977
     -1.713486575605      2.808114494690     -2.061444926647      1.991116804565
     -2.307361853755      3.279449363380     -6.711363081979     -1.067254960581
      9.006491875317     -6.200833499510      7.311347862973     -4.334775502850
      1.320092282124     -2.157547681826      1.564349543298     -1.471866230158
      1.622277505389     -2.080942719813      3.248816047519     -7.338107507366
     -2.523797320836     13.013983831170    -12.112547135403      6.915289385866
      -.983973080315      1.605674722514     -1.155984681011      1.071927930439
     -1.150885007847      1.407161581934     -1.992175432330      3.461866101147
     -8.917478075870     -6.874711138425     27.128828551793    -13.600251472093
       .629720789104     -1.026792583187       .736636410675      -.678246874040
       .719234676950      -.860712371148      1.171337791342     -1.872635509659
      3.807701354450    -12.445909876469    -37.817152748517     47.636818940377
      -.999999999984      1.630267209868     -1.168663796936      1.074341749363
     -1.136180354713      1.353430317693     -1.826899872531      2.874307180904
     -5.627927833004     16.153004430136   -123.325679030830    110.999999999955
