         14
   -157.000000000155    174.292959811610    -22.576477988581      7.706713501057
     -3.816952075278      2.324962305187     -1.626721748183      1.264628145780
     -1.074524118274       .992357949869     -1.001916203266      1.136849447685
     -1.621879027550      1.000000000100
    -67.497577870302     53.727147497309     17.394683387331     -5.213751781453
      2.486410408607     -1.490308571968      1.034117484321      -.800097328155
       .677820604241      -.624808771125       .630062908499      -.714386611443
      1.018785763270      -.628097119132
     19.271827278905    -38.342011055432      9.904227615209     12.207154282828
     -4.593898731221      2.532129173924     -1.687975408342      1.277248683062
     -1.067609686346       .975800961003      -.978708844276      1.106051226084
     -1.574677661151       .970442165751
     -9.803194840467     17.125388317002    -18.190563402695      3.780984239096
      9.730094590206     -4.122826313915      2.489531956777     -1.792939385945
      1.456992028724     -1.308974059276      1.298865471563     -1.458428792865
      2.069540788371     -1.274470596575
      6.153357318776    -10.350465912302      8.675812183814    -12.331447828147
      1.793179518606      8.502345671398     -3.910044779820      2.535636531401
     -1.953777711469      1.702655252768     -1.658929948634      1.842849910484
     -2.600963165211      1.599792958338
     -4.305051689960      7.125745549540     -5.492645977994      6.001489815621
     -9.765754091812       .850772531330      7.981771859044     -3.927196160646
      2.718636122108     -2.244099854268      2.120904970675     -2.315838429855
      3.240924225592     -1.989658869375
      3.213381889255     -5.274855976582      3.906146078887     -3.866057900961
      4.791101507390     -8.515024947336       .254457578697      7.985089696812
     -4.189567663839      3.106995620794     -2.784301466822      2.955682831876
     -4.081159285256      2.498112037087
     -2.498112037666      4.081159286212     -2.955682832477      2.784301467284
     -3.106995621206      4.189567664206     -7.985089697165      -.254457578349
      8.515024946970     -4.791101506988      3.866057900478     -3.906146078279
      5.274855975684     -3.213381888692
      1.989658869172     -3.240924225281      2.315838429639     -2.120904970564
      2.244099854268     -2.718636122153      3.927196160699     -7.981771859125
      -.850772531194      9.765754091766     -6.001489815567      5.492645977925
     -7.125745549364      4.305051689864
     -1.599792957972      2.600963164517     -1.842849910117      1.658929948384
     -1.702655252662      1.953777711280     -2.535636531444      3.910044779863
     -8.502345671392     -1.793179518456     12.331447828010     -8.675812183705
     10.350465912135     -6.153357318795
      1.274470600220     -2.069540793833      1.458428796192     -1.298865473851
      1.308974061692     -1.456992031039      1.792939387517     -2.489531958578
      4.122826315594     -9.730094591512     -3.780984237797     18.190563400814
    -17.125388313740      9.803194838205
      -.970442165504      1.574677662196     -1.106051225244       .978708843759
      -.975800961285      1.067609685837     -1.277248682964      1.687975408349
     -2.532129173560      4.593898731720    -12.207154282718     -9.904227615014
     38.342011056549    -19.271827279241
       .628097119858     -1.018785763765       .714386612992      -.630062909098
       .624808771739      -.677820604906       .800097329222     -1.034117484989
      1.490308573411     -2.486410408805      5.213751781092    -17.394683387654
    -53.727147495025     67.497577868722
      -.999999994354      1.621879016166     -1.136849440751      1.001916196721
      -.992357945244      1.074524113705     -1.264628141682      1.626721743960
     -2.324962301122      3.816952072171     -7.706713497144     22.576477984490
   -174.292959803541    156.999999994528
