10
    -73.000000000001     81.223956583121    -10.852921392259      3.924517823684
     -2.122025001296      1.464189099756     -1.220594529451      1.228253971888
     -1.645376555444      1.000000000000
    -31.230068535155     24.672354014780      8.362857233288     -2.655768568075
      1.383075094054      -.939429993078       .777088341901      -.778823544385
      1.041352247172      -.632636290502
      8.914466656279    -17.865476087110      4.361441879917      6.224194023783
     -2.560891088373      1.602303996238     -1.276351885281      1.255230423711
     -1.663791814227      1.008873895064
     -4.527522127113      7.968484018748     -8.741957493382      1.452116664473
      5.440368852064     -2.625140381213      1.902832215732     -1.792652010058
      2.331609805172     -1.408139544423
      2.827011613400     -4.792190354688      4.153550523809     -6.282480742091
       .379643635819      5.451532962340     -3.031484507525      2.598802671887
     -3.255012957060      1.950627154109
     -1.950627154108      3.255012957059     -2.598802671886      3.031484507525
     -5.451532962339      -.379643635820      6.282480742091     -4.153550523809
      4.792190354689     -2.827011613401
      1.408139544423     -2.331609805172      1.792652010059     -1.902832215732
      2.625140381213     -5.440368852064     -1.452116664473      8.741957493382
     -7.968484018748      4.527522127113
     -1.008873895066      1.663791814228     -1.255230423712      1.276351885282
     -1.602303996239      2.560891088374     -6.224194023783     -4.361441879916
     17.865476087109     -8.914466656278
       .632636290500     -1.041352247171       .778823544384      -.777088341900
       .939429993077     -1.383075094053      2.655768568075     -8.362857233288
    -24.672354014782     31.230068535156
     -1.000000000005      1.645376555449     -1.228253971892      1.220594529454
     -1.464189099759      2.122025001298     -3.924517823685     10.852921392261
    -81.223956583125     73.000000000002
