      8
    -43.000000000000     47.989760635069     -6.684145380564      2.616713579688
     -1.608497218092      1.363178978447     -1.677010594548      1.000000000000
    -18.277283982094     14.290654263543      5.151964153993     -1.772041371284
      1.049904662735      -.876915954601      1.072421119155      -.638702891449
      5.213763956234    -10.551525062066      2.349704562068      4.163815085326
     -1.955469636045      1.512380223978     -1.795975359248      1.063306229752
     -2.636938162544      4.688722590141     -5.379348903396       .506052557419
      4.190777851582     -2.526325791785      2.777989153885     -1.620929295303
      1.620929295303     -2.777989153885      2.526325791785     -4.190777851582
      -.506052557419      5.379348903396     -4.688722590141      2.636938162544
     -1.063306229752      1.795975359248     -1.512380223978      1.955469636045
     -4.163815085326     -2.349704562068     10.551525062066     -5.213763956234
       .638702891449     -1.072421119155       .876915954601     -1.049904662735
      1.772041371284     -5.151964153993    -14.290654263543     18.277283982094
     -1.000000000000      1.677010594548     -1.363178978447      1.608497218092
     -2.616713579688      6.684145380564    -47.989760635069     43.000000000000
