      22
   -420.999843393918    466.807968571324    -59.468264756870     19.693468454520
     -9.326779295583      5.348429621566     -3.462407181069      2.440909709408
     -1.835290900853      1.452787653815     -1.200517650314      1.029830141951
      -.913712088234       .836712440538      -.790195268567       .770185303464
      -.776852151118       .815834145206      -.903798292875      1.090824926547
     -1.609203536290       .999913547352
   -181.480826495639    145.028886617203     45.818042519321    -13.322332437893
      6.074958444999     -3.427772577648      2.200492139929     -1.543704130295
      1.157092906821      -.914028275814       .754207657008      -.646290760470
       .572967884312      -.524371763957       .494994880413      -.482292810323
       .486339012363      -.510642188839       .565619675267      -.682601257611
      1.006933670868      -.625672710015
     51.819490878112   -102.695089030242     27.247172029722     31.184877667385
    -11.218594942985      5.819087725535     -3.587159594317      2.459688506411
     -1.817754530979      1.422498471179     -1.166140062843       .994599571615
      -.878705702131       .802080638136      -.755641497386       .735132702129
      -.740443549389       .776773312592      -.859869154336      1.037280837021
     -1.529796353271       .950512078043
    -26.368617524518     45.882601759499    -47.918508330757     10.871086527952
     23.746847516827     -9.462936835906      5.279716457620     -3.442125791053
      2.469825234272     -1.896671257742      1.535085474453     -1.297460164502
      1.138715311694     -1.034297559429       .970781745098      -.941755480445
       .946519908348      -.991369568537      1.096160110080     -1.321318832849
      1.947899374384     -1.210178074489
     16.569406148659    -27.759858962911     22.872198403727    -31.507432301786
      5.672072371154     19.489582331835     -8.271284238360      4.848007179338
     -3.291820558056      2.445981777607     -1.937722609670      1.613815977098
     -1.401513446713      1.263172755152     -1.178751281990      1.138519863471
     -1.140520201268      1.191650111459     -1.315313733020      1.583664443969
     -2.333203301445      1.449349271751
    -11.622651467852     19.159543384771    -14.512024755720     15.357945449025
    -23.839802130243      3.369698985869     16.844679747301     -7.474617116809
      4.547223249054     -3.189250237252      2.439947767972     -1.986102857312
      1.697686635439     -1.512776737233      1.399892823315     -1.343699842865
      1.339807377817     -1.395078496081      1.536101174814     -1.846534109922
      2.718142033466     -1.688130877553
      8.721783591987    -14.257285152088     10.369871015024     -9.932663361274
     11.727987508446    -19.526118126247      2.136503323747     15.136885069894
     -6.953826590925      4.361288868556     -3.144810643624      2.469346482469
     -2.061233437374      1.806687293498     -1.652193333564      1.572189691353
     -1.557664572013      1.614390688685     -1.771747682653      2.125227006295
     -3.124777302914      1.940159662802
     -6.848462935563     11.140173680546     -7.919958252089      7.212851946779
     -7.656846016868      9.651403617403    -16.861452543153      1.382189168787
     14.038404916276     -6.639070224480      4.276155778249     -3.162012424695
      2.544511581411     -2.176999739761      1.957730427446     -1.840756300861
      1.808022062183     -1.862214464281      2.034826054082     -2.433876720461
      3.573171562814     -2.217791173310
      5.554852901167     -9.007806616352      6.314055797660     -5.583160341132
      5.608729305954     -6.334295038103      8.356790569585    -15.145107436566
       .868106099533     13.378064084356     -6.491776552153      4.285108337890
     -3.245843343490      2.676394839857     -2.348984489241      2.171895133912
     -2.108169675109      2.153248332220     -2.339254746872      2.787585502344
     -4.084339284984      2.533906626394
     -4.616208516830      7.470022323796     -5.187257652972      4.501040725033
     -4.375058644487      4.663762360870     -5.501946688058      7.518457798029
    -14.042468642516       .480169562841     13.066946760393     -6.495102975421
      4.390371293846     -3.407026847944      2.881798387162     -2.600816617759
      2.483185912734     -2.507530710782      2.703107014863     -3.205293015153
      4.684116628668     -2.904268356172
      3.906430169238     -6.312155120660      4.354734941653     -3.730548189304
      3.549250299338     -3.653727915123      4.062513713459     -4.958583078334
      6.977222631853    -13.379673624333       .153764751622     13.067550947218
     -6.650685743162      4.605688915153     -3.666904731866      3.190309861360
     -2.974532374560      2.956428397640     -3.153601837564      3.714808755789
     -5.409924766102      3.351634711000
     -3.351680542881      5.409995949245     -3.714845690571      3.153621053061
     -2.956432001214      2.974520125586     -3.190283602875      3.666864659222
     -4.605637615554      6.650622301611    -13.067476961587      -.153849454364
     13.379769251100     -6.977329142515      4.958700085059     -4.062643091245
      3.653870325979     -3.549410205305      3.730733254866     -4.354964114784
      6.312498647982     -3.906644060437
      2.905660901917     -4.686327389674      3.206749672303     -2.704245958710
      2.508480433025     -2.483998676180      2.601525222301     -2.882422000635
      3.407574301586     -4.390857495600      6.495531814056    -13.067327429890
      -.479829644901     14.042167504900     -7.518189180060      5.501705083414
     -4.663547037751      4.374860964832     -4.500847778516      5.187052595895
     -7.469739371212      4.616037767380
     -2.534631129354      4.085502505302     -2.788314839825      2.339850220829
     -2.153718806803      2.108569973148     -2.172241060995      2.349251846783
     -2.676620477811      3.246004873887     -4.285224180669      6.491843915544
    -13.378083067015      -.868145780638     15.145201580599     -8.356948014349
      6.334507741965     -5.609011095017      5.583533912897     -6.314559681341
      9.008599400520     -5.555342705920
      2.218968510628     -3.575111821294      2.435189902782     -2.035712748766
      1.863022640347     -1.808708205819      1.841325387359     -1.958241216838
      2.177403807640     -2.544886901975      3.162341661751     -4.276443958282
      6.639322526753    -14.038645915687     -1.381994284689     16.861285954714
     -9.651250593364      7.656744152308     -7.212724134326      7.919851973653
    -11.140086710453      6.848418250680
     -1.940614283085      3.125776052475     -2.125794410706      1.772502183914
     -1.614748656750      1.558098614216     -1.572568506002      1.652498304844
     -1.806987404823      2.061419308186     -2.469564795494      3.145075857639
     -4.361483365297      6.954002261162    -15.137073338032     -2.136325955391
     19.525894820690    -11.727754592896      9.932398021221    -10.369473874569
     14.256712436676     -8.721351027489
      1.688932180405     -2.719271659851      1.847809791565     -1.536478757858
      1.395792007446     -1.340468406677      1.343807697296     -1.400211215019
      1.512869715691     -1.697938919067      1.986210942268     -2.439946651459
      3.189235687256     -4.547576665878      7.474747300148    -16.845026493073
     -3.369535923004     23.839729547501    -15.357789754868     14.511722326279
    -19.159160137177     11.622711420059
     -1.447761058807      2.329091072083     -1.581281661987      1.314825057983
     -1.189941406250      1.139501571655     -1.137944221497      1.177968025208
     -1.262499332428      1.400932788849     -1.613178730011      1.937283039093
     -2.445230484009      3.291257381439     -4.847377300262      8.270558357239
    -19.488999366760     -5.672742843628     31.508433818817    -22.873032569885
     27.760932922363    -16.569748878479
      1.206363677979     -1.943126678467      1.317590713501     -1.092570304871
       .989379882813      -.944712638855       .939280509949      -.969566345215
      1.031997680664     -1.137527465820      1.295659065247     -1.533403396606
      1.895686149597     -2.468911170959      3.440891265869     -5.278614997864
      9.461243629456    -23.744387626648    -10.872632980347     47.920816421509
    -45.886188507080     26.371118545532
      -.948734283447      1.524814605713     -1.032167434692       .862016677856
      -.775238037109       .739688873291      -.735317230225       .755842208862
      -.802728652954       .878479003906      -.994750976563      1.166917800903
     -1.423118591309      1.817394256592     -2.459423065186      3.587194442749
     -5.819179534912     11.219001770020    -31.184675216675    -27.247051239014
    102.693527221680    -51.817192077637
       .627857208252     -1.012447357178       .684097290039      -.563304901123
       .511194229126      -.487121582031       .481407165527      -.495550155640
       .524133682251      -.573074340820       .646123886108      -.753803253174
       .914192199707     -1.158018112183      1.544483184814     -2.201198577881
      3.427600860596     -6.076324462891     13.322929382324    -45.818840026855
   -145.029533386230    181.480976104736
     -1.000442504883      1.611091613770     -1.090328216553       .907627105713
      -.817556381226       .778448104858      -.772563934326       .791469573975
      -.838569641113       .914020538330     -1.031370162964      1.202493667603
     -1.454378128052      1.835973739624     -2.441354751587      3.462400436401
     -5.349163055420      9.327159881592    -19.695041656494     59.469673156738
   -466.811645507812    421.003017425537
