          14
       .001327739300       .005150958957       .011007198089       .018182232525
       .025788438017       .032862314386       .038470584511       .041813351192
       .042313103851       .039679894440       .033945540810       .025462824519
       .014866098530       .002463054189
   -232.707436621740    296.824416087313    -94.374451366818     48.028439166497
    -29.531942341342     20.149774711225    -14.681201444061     11.177043522433
     -8.759703892719      6.977224910595     -5.565189228268      4.337731613383
     -3.103506317599      1.228801201101
     76.511082019170   -273.827671848897    249.980263854325    -77.681972980638
     39.951255938687    -24.985183638110     17.329841985475    -12.798809612808
      9.834326641056     -7.730076281857      6.110967615932     -4.735525843708
      3.376553922453     -1.335051771079
    -11.383884170180    116.981457675769   -297.860957717199    241.919402431097
    -73.003162649740     37.274637819831    -23.331164205884     16.233577714597
    -12.015397515489      9.216017084721     -7.168480982252      5.497179767609
     -3.895738367997      1.536513115117
      3.507228621675    -22.007014477158    146.453675781043   -328.269675215670
    250.821456048372    -73.983388959188     37.416145940347    -23.328511103080
     16.190758149235    -11.927047794577      9.038749260753     -6.817849250064
      4.785755066915     -1.880282068618
     -1.520476751746      7.979827204434    -31.159710859718    176.842584502220
   -371.247559090520    273.418860036415    -79.321385628975     39.771641776247
    -24.661279825554     17.008388502023    -12.375641212834      9.103250468333
     -6.299343331802      2.460844211443
       .814113318503     -3.916268765490     12.485101256151    -40.933914915163
    214.563260913937   -433.555560556855    311.933951735574    -89.452947852085
     44.536646681739    -27.434401441506     18.705956609823    -13.240569895135
      8.968921133340     -3.474288223059
      -.506693839030      2.320352181624     -6.675509338564     17.683876493998
    -53.172434586457    266.459990451503   -526.250610205499    373.157749286422
   -106.226429711134     52.588332156280    -32.097625836665     21.370940148486
    -14.011019361290      5.359082160303
       .354915345362     -1.576676854061      4.273424654581    -10.144233873496
     24.529211162408    -70.303642556224    343.325668415600   -669.801650894558
    471.343008394731   -133.714885430993     65.839415532871    -39.468352020238
     24.549346021071     -9.205547897691
      -.274870006950      1.197175537774     -3.125647815352      6.957280423812
    -15.030234821665     34.589220603521    -96.579840968538    465.776058039221
   -906.026792663964    636.984831557143   -180.773224496981     88.173612718296
    -50.010073709534     18.142505582451
       .233466741665     -1.003462989378      2.556522059895     -5.465245290659
     11.053955114447    -22.720774276881     50.985616415273   -140.904292663559
    679.255974096712  -1331.735061790794    943.029635956045   -268.498028745409
    126.324457279406    -43.112761946046
      -.217675730208       .927289474523     -2.324455192080      4.841420526616
     -9.401778509840     18.109036047943    -36.376336715184     81.099506170489
   -225.333756265230   1102.333781855181  -2215.496754955500   1599.518414236605
   -453.024434618652    135.345743566286
       .226187658962      -.957965163980      2.376348569524     -4.868419905193
      9.219660919160    -17.088275905699     32.288348741829    -64.812293743715
    146.523384831846   -418.412868481129   2132.383924879134  -4556.214582631364
   3423.274177748710   -683.937627738342
      -.277184274048      1.169943543617     -2.884494201280      5.853299506009
    -10.927564434707     19.826286796480    -36.257807496935     69.049082476646
   -142.342759005725    337.179331239313  -1034.444876514375   5863.423367504030
 -15059.505688026547   9990.139062512666
    -65.756822929136    267.029509373475   -616.541350988671   1138.120941763744
  -1871.581340178847   2881.987133320421  -4277.500196855515   6245.523243419826
  -9131.467922359705  13626.697442635894 -21259.130948469043  35557.529488950968
 -49697.409180544317  27202.500002318993
$END-OF-FILE COLL*MATRIX(1).14COL/
