      7
        0.0098216509        0.0348850091        0.0634547451        0.0819786089
        0.0795716562        0.0541203203        0.0095013229
      -62.6231645188       80.0518429494      -25.7370022958       13.1876920557
       -7.9903309651        4.9756299431       -1.8646671685
       22.5789415990      -82.2222282722       75.7987665505      -23.8924178637
       12.2418297700       -7.1015182317        2.5966264480
       -3.9840024897       41.5998276835     -109.3190670616       90.6271578527
      -27.8001695919       13.5716731252       -4.6954195182
        1.5827170544      -10.1662863557       70.2637305168     -166.9928509816
      132.7230328609      -39.3857007919       11.9753576971
       -0.9863584156        5.3577700937      -22.1694945398      136.5154487421
     -322.4936746925      255.9538773769      -52.1775685648
        0.9047066911       -4.5780305530       15.9415842919      -59.6710697277
      377.0087711456    -1024.3490142752      694.7430524273
       46.2571370165     -195.8102656097      488.5057954280    -1024.5503961815
     2044.7591105876    -3127.1613810427     1767.9999998017
