Output Data from Bed Number 1 is given below:
Time   CP(1,T)/CT  CP(2,T)/CT  CP(3,T)/CT  CP(4,T)/CT  CP(5,T)/CT  CP(6,T)/CT
(min)  (-)         (-)         (-)         (-)         (-)         (-)
0.0    -1.776E-03  1.002E+00
0.7    6.451E-02   9.355E-01
1.3    1.720E-01   8.280E-01
2.0    2.720E-01   7.280E-01
2.6    3.095E-01   6.905E-01
3.3    3.249E-01   6.751E-01
3.9    3.413E-01   6.587E-01
4.6    3.618E-01   6.382E-01
5.2    3.870E-01   6.130E-01
5.9    4.160E-01   5.840E-01
6.5    4.472E-01   5.528E-01
7.2    4.790E-01   5.210E-01
7.8    5.105E-01   4.895E-01
8.5    5.410E-01   4.590E-01
9.1    5.699E-01   4.301E-01
9.8    5.964E-01   4.036E-01
10.4   6.201E-01   3.799E-01
11.1   6.403E-01   3.597E-01
11.7   6.568E-01   3.432E-01
12.4   6.698E-01   3.302E-01
13.0   6.796E-01   3.204E-01
13.7   6.868E-01   3.132E-01
14.3   6.923E-01   3.077E-01
15.0   6.966E-01   3.034E-01
15.6   7.002E-01   2.998E-01
16.3   7.036E-01   2.964E-01
16.9   7.067E-01   2.933E-01
17.6   7.100E-01   2.900E-01
18.2   7.133E-01   2.867E-01
18.9   7.169E-01   2.831E-01
19.5   7.206E-01   2.794E-01
20.2   7.246E-01   2.754E-01
20.8   7.288E-01   2.712E-01
21.5   7.333E-01   2.667E-01
22.1   7.381E-01   2.619E-01
22.8   7.431E-01   2.569E-01
23.4   7.483E-01   2.517E-01
24.1   7.538E-01   2.462E-01
24.7   7.594E-01   2.406E-01
25.4   7.652E-01   2.348E-01
26.0   7.711E-01   2.289E-01
26.7   7.771E-01   2.229E-01
27.3   7.831E-01   2.169E-01
28.0   7.890E-01   2.110E-01
28.6   7.949E-01   2.051E-01
29.3   8.007E-01   1.993E-01
29.9   8.064E-01   1.936E-01
30.6   8.119E-01   1.881E-01
31.2   8.172E-01   1.828E-01
31.9   8.222E-01   1.778E-01
32.5   8.271E-01   1.729E-01
33.2   8.317E-01   1.683E-01
33.8   8.360E-01   1.640E-01
34.5   8.400E-01   1.600E-01
35.1   8.438E-01   1.562E-01
35.8   8.473E-01   1.527E-01
36.4   8.505E-01   1.495E-01
37.1   8.534E-01   1.466E-01
37.7   8.561E-01   1.439E-01
38.4   8.586E-01   1.414E-01
39.0   8.608E-01   1.392E-01
39.7   8.628E-01   1.372E-01
40.3   8.647E-01   1.353E-01
41.0   8.664E-01   1.336E-01
41.6   8.679E-01   1.321E-01
42.3   8.693E-01   1.307E-01
42.9   8.706E-01   1.294E-01
43.6   8.719E-01   1.281E-01
44.2   8.730E-01   1.270E-01
44.9   8.741E-01   1.259E-01
45.5   8.752E-01   1.248E-01
46.2   8.762E-01   1.238E-01
46.8   8.773E-01   1.227E-01
47.5   8.783E-01   1.217E-01
48.1   8.793E-01   1.207E-01
48.8   8.803E-01   1.197E-01
49.4   8.813E-01   1.187E-01
50.1   8.823E-01   1.177E-01
50.7   8.834E-01   1.166E-01
51.4   8.845E-01   1.155E-01
52.0   8.856E-01   1.144E-01
52.7   8.868E-01   1.132E-01
53.3   8.879E-01   1.121E-01
54.0   8.892E-01   1.108E-01
54.6   8.904E-01   1.096E-01
55.3   8.917E-01   1.083E-01
55.9   8.931E-01   1.069E-01
56.6   8.945E-01   1.055E-01
57.2   8.959E-01   1.041E-01
57.9   8.974E-01   1.026E-01
58.5   8.989E-01   1.011E-01
59.2   9.004E-01   9.959E-02
59.8   9.020E-01   9.801E-02
60.5   9.036E-01   9.641E-02
61.1   9.052E-01   9.477E-02
61.8   9.069E-01   9.311E-02
62.4   9.086E-01   9.144E-02
63.1   9.103E-01   8.974E-02
63.7   9.120E-01   8.804E-02
64.4   9.137E-01   8.633E-02
65.0   9.154E-01   8.462E-02
65.7   9.171E-01   8.291E-02
66.3   9.188E-01   8.121E-02
67.0   9.205E-01   7.952E-02
67.6   9.221E-01   7.785E-02
68.3   9.238E-01   7.620E-02
68.9   9.254E-01   7.458E-02
69.6   9.270E-01   7.298E-02
70.2   9.286E-01   7.142E-02
70.9   9.301E-01   6.990E-02
71.5   9.316E-01   6.841E-02
72.2   9.330E-01   6.696E-02
72.8   9.344E-01   6.556E-02
73.5   9.358E-01   6.420E-02
74.1   9.371E-01   6.289E-02
74.8   9.384E-01   6.163E-02
75.4   9.396E-01   6.042E-02
76.1   9.408E-01   5.925E-02
76.7   9.419E-01   5.813E-02
77.4   9.429E-01   5.706E-02
78.0   9.440E-01   5.603E-02
78.7   9.450E-01   5.504E-02
79.3   9.459E-01   5.411E-02
80.0   9.468E-01   5.321E-02
80.6   9.476E-01   5.235E-02
81.3   9.485E-01   5.154E-02
81.9   9.492E-01   5.076E-02
82.6   9.500E-01   5.000E-02
83.2   9.507E-01   4.926E-02
83.9   9.515E-01   4.854E-02
84.5   9.521E-01   4.786E-02
85.2   9.528E-01   4.720E-02
85.8   9.534E-01   4.656E-02
86.5   9.541E-01   4.593E-02
87.1   9.547E-01   4.529E-02
87.8   9.553E-01   4.466E-02
88.4   9.560E-01   4.404E-02
89.1   9.566E-01   4.342E-02
89.7   9.572E-01   4.280E-02
90.4   9.578E-01   4.217E-02
91.0   9.585E-01   4.154E-02
91.7   9.591E-01   4.089E-02
92.3   9.598E-01   4.022E-02
93.0   9.605E-01   3.954E-02
93.6   9.612E-01   3.884E-02
94.3   9.619E-01   3.812E-02
94.9   9.626E-01   3.738E-02
95.6   9.634E-01   3.661E-02
96.2   9.642E-01   3.582E-02
96.9   9.650E-01   3.501E-02
97.5   9.658E-01   3.417E-02
98.2   9.667E-01   3.331E-02
98.8   9.676E-01   3.243E-02
99.5   9.685E-01   3.152E-02
100.1  9.694E-01   3.059E-02
100.8  9.704E-01   2.965E-02
101.4  9.713E-01   2.869E-02
102.1  9.723E-01   2.771E-02
102.7  9.733E-01   2.672E-02
103.4  9.743E-01   2.573E-02
104.0  9.753E-01   2.472E-02
104.7  9.763E-01   2.371E-02
105.3  9.773E-01   2.271E-02
106.0  9.783E-01   2.170E-02
106.6  9.793E-01   2.070E-02
107.3  9.803E-01   1.970E-02
107.9  9.813E-01   1.872E-02
108.6  9.822E-01   1.775E-02
109.2  9.832E-01   1.680E-02
109.9  9.841E-01   1.587E-02
110.5  9.850E-01   1.496E-02
111.2  9.859E-01   1.408E-02
111.8  9.868E-01   1.322E-02
112.5  9.876E-01   1.239E-02
113.1  9.884E-01   1.160E-02
113.8  9.892E-01   1.084E-02
114.4  9.899E-01   1.011E-02
115.1  9.906E-01   9.412E-03
115.7  9.912E-01   8.752E-03
116.4  9.919E-01   8.127E-03
117.0  9.925E-01   7.536E-03
117.7  9.930E-01   6.980E-03
118.3  9.935E-01   6.458E-03
119.0  9.940E-01   5.969E-03
119.6  9.945E-01   5.511E-03
120.3  9.949E-01   5.084E-03
120.9  9.953E-01   4.687E-03
121.6  9.957E-01   4.318E-03
122.2  9.960E-01   3.975E-03
122.9  9.963E-01   3.656E-03
123.5  9.966E-01   3.362E-03
124.2  9.969E-01   3.090E-03
124.8  9.972E-01   2.839E-03
125.5  9.974E-01   2.608E-03
126.1  9.976E-01   2.396E-03
126.8  9.978E-01   2.201E-03
127.4  9.980E-01   2.022E-03
128.1  9.981E-01   1.857E-03
128.7  9.983E-01   1.705E-03
129.4  9.984E-01   1.566E-03
130.0  9.986E-01   1.439E-03
130.7  9.987E-01   1.322E-03
131.3  9.988E-01   1.216E-03
132.0  9.989E-01   1.118E-03
132.6  9.990E-01   1.030E-03
133.3  9.991E-01   9.483E-04
133.9  9.991E-01   8.740E-04
134.6  9.992E-01   8.062E-04
135.2  9.993E-01   7.443E-04
135.9  9.993E-01   6.877E-04
136.5  9.994E-01   6.360E-04
137.2  9.994E-01   5.889E-04
137.8  9.995E-01   5.459E-04
138.5  9.995E-01   5.067E-04
139.1  9.995E-01   4.709E-04
139.8  9.996E-01   4.384E-04
140.4  9.996E-01   4.087E-04
141.1  9.996E-01   3.817E-04
141.7  9.996E-01   3.571E-04
142.4  9.997E-01   3.347E-04
143.0  9.997E-01   3.142E-04
143.7  9.997E-01   2.956E-04
144.3  9.997E-01   2.786E-04
145.0  9.997E-01   2.630E-04
145.6  9.998E-01   2.488E-04
146.3  9.998E-01   2.358E-04
146.9  9.998E-01   2.240E-04
147.6  9.998E-01   2.133E-04
148.2  9.998E-01   2.034E-04
148.9  9.998E-01   1.943E-04
149.5  9.998E-01   1.860E-04
150.2  9.998E-01   1.784E-04
150.8  9.998E-01   1.716E-04
151.5  9.998E-01   1.656E-04
152.1  9.998E-01   1.599E-04
152.8  9.998E-01   1.546E-04
153.4  9.999E-01   1.499E-04
154.1  9.999E-01   1.456E-04
154.7  9.999E-01   1.418E-04
155.4  9.999E-01   1.384E-04
156.0  9.999E-01   1.353E-04
156.7  9.999E-01   1.325E-04
157.3  9.999E-01   1.299E-04
158.0  9.999E-01   1.275E-04
158.6  9.999E-01   1.255E-04
159.3  9.999E-01   1.237E-04
159.9  9.999E-01   1.220E-04
160.6  9.999E-01   1.205E-04
161.2  9.999E-01   1.192E-04
161.9  9.999E-01   1.179E-04
162.5  9.999E-01   1.168E-04
163.2  9.999E-01   1.159E-04
163.8  9.999E-01   1.150E-04
164.5  9.999E-01   1.142E-04
165.1  9.999E-01   1.134E-04
165.8  9.999E-01   1.128E-04
166.4  9.999E-01   1.122E-04
167.1  9.999E-01   1.116E-04
167.7  9.999E-01   1.111E-04
168.4  9.999E-01   1.106E-04
169.0  9.999E-01   1.102E-04
169.7  9.999E-01   1.097E-04
170.3  9.999E-01   1.093E-04
171.0  9.999E-01   1.090E-04
171.6  9.999E-01   1.086E-04
172.3  9.999E-01   1.083E-04
172.9  9.999E-01   1.080E-04
173.6  9.999E-01   1.078E-04
174.2  9.999E-01   1.077E-04
174.9  9.999E-01   1.074E-04
175.5  9.999E-01   1.072E-04



Output Data from Bed Number 2 is given below:
Time   CP(1,T)/CT  CP(2,T)/CT  CP(3,T)/CT  CP(4,T)/CT  CP(5,T)/CT  CP(6,T)/CT
(min)  (-)         (-)         (-)         (-)         (-)         (-)
0.0    -1.721E-06  1.000E+00
0.7    1.007E-03   9.990E-01
1.3    3.171E-03   9.968E-01
2.0    6.903E-03   9.931E-01
2.6    1.288E-02   9.871E-01
3.3    2.150E-02   9.785E-01
3.9    3.345E-02   9.665E-01
4.6    4.948E-02   9.505E-01
5.2    6.989E-02   9.301E-01
5.9    9.379E-02   9.062E-01
6.5    1.182E-01   8.818E-01
7.2    1.393E-01   8.607E-01
7.8    1.560E-01   8.440E-01
8.5    1.703E-01   8.297E-01
9.1    1.841E-01   8.159E-01
9.8    1.981E-01   8.019E-01
10.4   2.126E-01   7.874E-01
11.1   2.278E-01   7.722E-01
11.7   2.436E-01   7.564E-01
12.4   2.601E-01   7.399E-01
13.0   2.772E-01   7.228E-01
13.7   2.945E-01   7.055E-01
14.3   3.119E-01   6.881E-01
15.0   3.293E-01   6.707E-01
15.6   3.465E-01   6.535E-01
16.3   3.636E-01   6.364E-01
16.9   3.804E-01   6.196E-01
17.6   3.969E-01   6.031E-01
18.2   4.129E-01   5.871E-01
18.9   4.283E-01   5.717E-01
19.5   4.429E-01   5.571E-01
20.2   4.567E-01   5.433E-01
20.8   4.694E-01   5.306E-01
21.5   4.810E-01   5.190E-01
22.1   4.915E-01   5.085E-01
22.8   5.009E-01   4.991E-01
23.4   5.095E-01   4.905E-01
24.1   5.172E-01   4.828E-01
24.7   5.244E-01   4.756E-01
25.4   5.312E-01   4.688E-01
26.0   5.376E-01   4.624E-01
26.7   5.439E-01   4.561E-01
27.3   5.502E-01   4.498E-01
28.0   5.563E-01   4.437E-01
28.6   5.625E-01   4.375E-01
29.3   5.687E-01   4.313E-01
29.9   5.749E-01   4.251E-01
30.6   5.811E-01   4.189E-01
31.2   5.873E-01   4.127E-01
31.9   5.936E-01   4.064E-01
32.5   5.998E-01   4.002E-01
33.2   6.061E-01   3.939E-01
33.8   6.124E-01   3.876E-01
34.5   6.186E-01   3.814E-01
35.1   6.249E-01   3.751E-01
35.8   6.312E-01   3.688E-01
36.4   6.374E-01   3.626E-01
37.1   6.436E-01   3.564E-01
37.7   6.498E-01   3.502E-01
38.4   6.559E-01   3.441E-01
39.0   6.620E-01   3.380E-01
39.7   6.680E-01   3.320E-01
40.3   6.739E-01   3.261E-01
41.0   6.797E-01   3.203E-01
41.6   6.854E-01   3.146E-01
42.3   6.910E-01   3.090E-01
42.9   6.964E-01   3.036E-01
43.6   7.017E-01   2.983E-01
44.2   7.069E-01   2.931E-01
44.9   7.119E-01   2.881E-01
45.5   7.168E-01   2.832E-01
46.2   7.215E-01   2.785E-01
46.8   7.260E-01   2.740E-01
47.5   7.304E-01   2.696E-01
48.1   7.346E-01   2.654E-01
48.8   7.386E-01   2.614E-01
49.4   7.424E-01   2.576E-01
50.1   7.461E-01   2.539E-01
50.7   7.496E-01   2.504E-01
51.4   7.530E-01   2.470E-01
52.0   7.562E-01   2.438E-01
52.7   7.593E-01   2.407E-01
53.3   7.622E-01   2.378E-01
54.0   7.651E-01   2.349E-01
54.6   7.678E-01   2.322E-01
55.3   7.704E-01   2.296E-01
55.9   7.730E-01   2.270E-01
56.6   7.755E-01   2.245E-01
57.2   7.779E-01   2.221E-01
57.9   7.803E-01   2.197E-01
58.5   7.827E-01   2.173E-01
59.2   7.850E-01   2.150E-01
59.8   7.873E-01   2.127E-01
60.5   7.897E-01   2.103E-01
61.1   7.920E-01   2.080E-01
61.8   7.943E-01   2.057E-01
62.4   7.966E-01   2.034E-01
63.1   7.989E-01   2.011E-01
63.7   8.012E-01   1.988E-01
64.4   8.036E-01   1.964E-01
65.0   8.059E-01   1.941E-01
65.7   8.083E-01   1.917E-01
66.3   8.106E-01   1.894E-01
67.0   8.130E-01   1.870E-01
67.6   8.154E-01   1.846E-01
68.3   8.178E-01   1.822E-01
68.9   8.202E-01   1.798E-01
69.6   8.227E-01   1.773E-01
70.2   8.251E-01   1.749E-01
70.9   8.275E-01   1.725E-01
71.5   8.300E-01   1.700E-01
72.2   8.324E-01   1.676E-01
72.8   8.348E-01   1.652E-01
73.5   8.373E-01   1.627E-01
74.1   8.397E-01   1.603E-01
74.8   8.421E-01   1.579E-01
75.4   8.446E-01   1.554E-01
76.1   8.470E-01   1.530E-01
76.7   8.494E-01   1.506E-01
77.4   8.518E-01   1.482E-01
78.0   8.542E-01   1.458E-01
78.7   8.565E-01   1.435E-01
79.3   8.589E-01   1.411E-01
80.0   8.612E-01   1.388E-01
80.6   8.635E-01   1.365E-01
81.3   8.658E-01   1.342E-01
81.9   8.681E-01   1.319E-01
82.6   8.703E-01   1.297E-01
83.2   8.725E-01   1.275E-01
83.9   8.747E-01   1.253E-01
84.5   8.769E-01   1.231E-01
85.2   8.790E-01   1.210E-01
85.8   8.811E-01   1.189E-01
86.5   8.831E-01   1.169E-01
87.1   8.852E-01   1.148E-01
87.8   8.872E-01   1.128E-01
88.4   8.892E-01   1.108E-01
89.1   8.911E-01   1.089E-01
89.7   8.930E-01   1.070E-01
90.4   8.949E-01   1.051E-01
91.0   8.967E-01   1.033E-01
91.7   8.986E-01   1.014E-01
92.3   9.004E-01   9.965E-02
93.0   9.021E-01   9.787E-02
93.6   9.039E-01   9.612E-02
94.3   9.056E-01   9.439E-02
94.9   9.073E-01   9.268E-02
95.6   9.090E-01   9.099E-02
96.2   9.107E-01   8.931E-02
96.9   9.123E-01   8.765E-02
97.5   9.140E-01   8.601E-02
98.2   9.156E-01   8.437E-02
98.8   9.173E-01   8.274E-02
99.5   9.189E-01   8.113E-02
100.1  9.205E-01   7.952E-02
100.8  9.221E-01   7.792E-02
101.4  9.237E-01   7.632E-02
102.1  9.253E-01   7.473E-02
102.7  9.268E-01   7.315E-02
103.4  9.284E-01   7.157E-02
104.0  9.300E-01   7.000E-02
104.7  9.316E-01   6.844E-02
105.3  9.331E-01   6.688E-02
106.0  9.347E-01   6.532E-02
106.6  9.362E-01   6.377E-02
107.3  9.378E-01   6.223E-02
107.9  9.393E-01   6.069E-02
108.6  9.408E-01   5.916E-02
109.2  9.424E-01   5.763E-02
109.9  9.439E-01   5.611E-02
110.5  9.454E-01   5.459E-02
111.2  9.469E-01   5.308E-02
111.8  9.484E-01   5.158E-02
112.5  9.499E-01   5.008E-02
113.1  9.514E-01   4.859E-02
113.8  9.529E-01   4.711E-02
114.4  9.544E-01   4.564E-02
115.1  9.558E-01   4.417E-02
115.7  9.573E-01   4.272E-02
116.4  9.587E-01   4.127E-02
117.0  9.602E-01   3.983E-02
117.7  9.616E-01   3.840E-02
118.3  9.630E-01   3.698E-02
119.0  9.644E-01   3.557E-02
119.6  9.658E-01   3.418E-02
120.3  9.672E-01   3.280E-02
120.9  9.686E-01   3.144E-02
121.6  9.699E-01   3.009E-02
122.2  9.712E-01   2.876E-02
122.9  9.726E-01   2.745E-02
123.5  9.738E-01   2.615E-02
124.2  9.751E-01   2.488E-02
124.8  9.764E-01   2.364E-02
125.5  9.776E-01   2.242E-02
126.1  9.788E-01   2.122E-02
126.8  9.799E-01   2.006E-02
127.4  9.811E-01   1.893E-02
128.1  9.822E-01   1.784E-02
128.7  9.832E-01   1.678E-02
129.4  9.843E-01   1.575E-02
130.0  9.852E-01   1.476E-02
130.7  9.862E-01   1.381E-02
131.3  9.871E-01   1.290E-02
132.0  9.880E-01   1.203E-02
132.6  9.888E-01   1.121E-02
133.3  9.896E-01   1.042E-02
133.9  9.903E-01   9.681E-03
134.6  9.910E-01   8.979E-03
135.2  9.917E-01   8.319E-03
135.9  9.923E-01   7.697E-03
136.5  9.929E-01   7.115E-03
137.2  9.934E-01   6.570E-03
137.8  9.939E-01   6.061E-03
138.5  9.944E-01   5.587E-03
139.1  9.949E-01   5.147E-03
139.8  9.953E-01   4.738E-03
140.4  9.956E-01   4.359E-03
141.1  9.960E-01   4.009E-03
141.7  9.963E-01   3.685E-03
142.4  9.966E-01   3.386E-03
143.0  9.969E-01   3.110E-03
143.7  9.971E-01   2.857E-03
144.3  9.974E-01   2.623E-03
145.0  9.976E-01   2.408E-03
145.6  9.978E-01   2.210E-03
146.3  9.980E-01   2.029E-03
146.9  9.981E-01   1.863E-03
147.6  9.983E-01   1.710E-03
148.2  9.984E-01   1.570E-03
148.9  9.986E-01   1.442E-03
149.5  9.987E-01   1.325E-03
150.2  9.988E-01   1.218E-03
150.8  9.989E-01   1.120E-03
151.5  9.990E-01   1.030E-03
152.1  9.991E-01   9.483E-04
152.8  9.991E-01   8.731E-04
153.4  9.992E-01   8.041E-04
154.1  9.993E-01   7.414E-04
154.7  9.993E-01   6.847E-04
155.4  9.994E-01   6.340E-04
156.0  9.994E-01   5.881E-04
156.7  9.995E-01   5.452E-04
157.3  9.995E-01   5.054E-04
158.0  9.995E-01   4.678E-04
158.6  9.996E-01   4.344E-04
159.3  9.996E-01   4.043E-04
159.9  9.996E-01   3.776E-04
160.6  9.996E-01   3.539E-04
161.2  9.997E-01   3.318E-04
161.9  9.997E-01   3.116E-04
162.5  9.997E-01   2.930E-04
163.2  9.997E-01   2.762E-04
163.8  9.997E-01   2.610E-04
164.5  9.998E-01   2.471E-04
165.1  9.998E-01   2.345E-04
165.8  9.998E-01   2.229E-04
166.4  9.998E-01   2.124E-04
167.1  9.998E-01   2.027E-04
167.7  9.998E-01   1.940E-04
168.4  9.998E-01   1.859E-04
169.0  9.998E-01   1.787E-04
169.7  9.998E-01   1.720E-04
170.3  9.998E-01   1.658E-04
171.0  9.998E-01   1.602E-04
171.6  9.998E-01   1.550E-04
172.3  9.998E-01   1.503E-04
172.9  9.999E-01   1.461E-04
173.6  9.999E-01   1.425E-04
174.2  9.999E-01   1.391E-04
174.9  9.999E-01   1.359E-04
175.5  9.999E-01   1.330E-04
176.2  9.999E-01   1.304E-04
176.8  9.999E-01   1.280E-04
177.5  9.999E-01   1.260E-04
178.1  9.999E-01   1.243E-04
178.8  9.999E-01   1.227E-04
179.4  9.999E-01   1.211E-04
180.1  9.999E-01   1.197E-04
180.7  9.999E-01   1.185E-04
181.4  9.999E-01   1.173E-04
182.0  9.999E-01   1.163E-04
182.7  9.999E-01   1.154E-04
183.3  9.999E-01   1.145E-04
184.0  9.999E-01   1.138E-04
184.6  9.999E-01   1.131E-04
185.3  9.999E-01   1.124E-04
185.9  9.999E-01   1.119E-04
186.6  9.999E-01   1.114E-04
187.2  9.999E-01   1.110E-04
187.9  9.999E-01   1.106E-04
188.5  9.999E-01   1.102E-04
189.2  9.999E-01   1.099E-04
189.8  9.999E-01   1.096E-04
190.5  9.999E-01   1.094E-04
191.1  9.999E-01   1.092E-04
191.8  9.999E-01   1.090E-04
192.4  9.999E-01   1.088E-04
193.1  9.999E-01   1.087E-04
193.7  9.999E-01   1.086E-04
194.4  9.999E-01   1.084E-04
195.0  9.999E-01   1.083E-04
195.7  9.999E-01   1.082E-04
196.3  9.999E-01   1.081E-04
197.0  9.999E-01   1.080E-04
197.6  9.999E-01   1.079E-04
198.3  9.999E-01   1.078E-04
198.9  9.999E-01   1.078E-04
199.6  9.999E-01   1.077E-04
200.2  9.999E-01   1.076E-04
200.9  9.999E-01   1.076E-04
201.5  9.999E-01   1.075E-04
202.2  9.999E-01   1.074E-04
202.8  9.999E-01   1.074E-04



Output Data from Bed Number 3 is given below:
Time   CP(1,T)/CT  CP(2,T)/CT  CP(3,T)/CT  CP(4,T)/CT  CP(5,T)/CT  CP(6,T)/CT
(min)  (-)         (-)         (-)         (-)         (-)         (-)
0.0    -1.719E-06  1.000E+00
0.7    1.564E-05   1.000E+00
1.3    4.902E-05   1.000E+00
2.0    1.082E-04   9.999E-01
2.6    2.046E-04   9.998E-01
3.3    3.508E-04   9.996E-01
3.9    5.652E-04   9.994E-01
4.6    8.829E-04   9.991E-01
5.2    1.347E-03   9.987E-01
5.9    2.018E-03   9.980E-01
6.5    2.968E-03   9.970E-01
7.2    4.322E-03   9.957E-01
7.8    6.222E-03   9.938E-01
8.5    8.755E-03   9.912E-01
9.1    1.211E-02   9.879E-01
9.8    1.650E-02   9.835E-01
10.4   2.213E-02   9.779E-01
11.1   2.923E-02   9.708E-01
11.7   3.793E-02   9.621E-01
12.4   4.821E-02   9.518E-01
13.0   5.979E-02   9.402E-01
13.7   7.203E-02   9.280E-01
14.3   8.396E-02   9.160E-01
15.0   9.472E-02   9.053E-01
15.6   1.040E-01   8.960E-01
16.3   1.121E-01   8.879E-01
16.9   1.197E-01   8.803E-01
17.6   1.271E-01   8.729E-01
18.2   1.348E-01   8.652E-01
18.9   1.426E-01   8.574E-01
19.5   1.509E-01   8.491E-01
20.2   1.595E-01   8.405E-01
20.8   1.686E-01   8.314E-01
21.5   1.782E-01   8.218E-01
22.1   1.883E-01   8.117E-01
22.8   1.988E-01   8.012E-01
23.4   2.098E-01   7.902E-01
24.1   2.211E-01   7.789E-01
24.7   2.327E-01   7.673E-01
25.4   2.446E-01   7.554E-01
26.0   2.568E-01   7.432E-01
26.7   2.691E-01   7.309E-01
27.3   2.816E-01   7.184E-01
28.0   2.942E-01   7.058E-01
28.6   3.069E-01   6.931E-01
29.3   3.196E-01   6.804E-01
29.9   3.322E-01   6.678E-01
30.6   3.446E-01   6.554E-01
31.2   3.568E-01   6.432E-01
31.9   3.685E-01   6.315E-01
32.5   3.798E-01   6.202E-01
33.2   3.906E-01   6.094E-01
33.8   4.007E-01   5.993E-01
34.5   4.102E-01   5.898E-01
35.1   4.190E-01   5.810E-01
35.8   4.272E-01   5.728E-01
36.4   4.348E-01   5.652E-01
37.1   4.418E-01   5.582E-01
37.7   4.485E-01   5.515E-01
38.4   4.548E-01   5.452E-01
39.0   4.608E-01   5.392E-01
39.7   4.666E-01   5.334E-01
40.3   4.723E-01   5.277E-01
41.0   4.779E-01   5.221E-01
41.6   4.834E-01   5.166E-01
42.3   4.889E-01   5.111E-01
42.9   4.943E-01   5.057E-01
43.6   4.997E-01   5.003E-01
44.2   5.051E-01   4.949E-01
44.9   5.105E-01   4.895E-01
45.5   5.160E-01   4.840E-01
46.2   5.214E-01   4.786E-01
46.8   5.268E-01   4.732E-01
47.5   5.322E-01   4.678E-01
48.1   5.377E-01   4.623E-01
48.8   5.432E-01   4.568E-01
49.4   5.487E-01   4.513E-01
50.1   5.542E-01   4.458E-01
50.7   5.598E-01   4.402E-01
51.4   5.653E-01   4.347E-01
52.0   5.709E-01   4.291E-01
52.7   5.765E-01   4.235E-01
53.3   5.821E-01   4.179E-01
54.0   5.877E-01   4.123E-01
54.6   5.933E-01   4.067E-01
55.3   5.989E-01   4.011E-01
55.9   6.045E-01   3.955E-01
56.6   6.100E-01   3.900E-01
57.2   6.155E-01   3.845E-01
57.9   6.210E-01   3.790E-01
58.5   6.264E-01   3.736E-01
59.2   6.318E-01   3.682E-01
59.8   6.371E-01   3.629E-01
60.5   6.423E-01   3.577E-01
61.1   6.475E-01   3.525E-01
61.8   6.526E-01   3.474E-01
62.4   6.576E-01   3.424E-01
63.1   6.625E-01   3.375E-01
63.7   6.673E-01   3.327E-01
64.4   6.720E-01   3.280E-01
65.0   6.766E-01   3.234E-01
65.7   6.810E-01   3.190E-01
66.3   6.854E-01   3.146E-01
67.0   6.896E-01   3.104E-01
67.6   6.938E-01   3.062E-01
68.3   6.978E-01   3.022E-01
68.9   7.017E-01   2.983E-01
69.6   7.054E-01   2.946E-01
70.2   7.091E-01   2.909E-01
70.9   7.127E-01   2.873E-01
71.5   7.162E-01   2.838E-01
72.2   7.195E-01   2.805E-01
72.8   7.228E-01   2.772E-01
73.5   7.261E-01   2.739E-01
74.1   7.292E-01   2.708E-01
74.8   7.323E-01   2.677E-01
75.4   7.353E-01   2.647E-01
76.1   7.383E-01   2.617E-01
76.7   7.413E-01   2.587E-01
77.4   7.442E-01   2.558E-01
78.0   7.470E-01   2.530E-01
78.7   7.499E-01   2.501E-01
79.3   7.527E-01   2.473E-01
80.0   7.555E-01   2.445E-01
80.6   7.583E-01   2.417E-01
81.3   7.610E-01   2.390E-01
81.9   7.638E-01   2.362E-01
82.6   7.665E-01   2.335E-01
83.2   7.692E-01   2.308E-01
83.9   7.720E-01   2.280E-01
84.5   7.747E-01   2.253E-01
85.2   7.774E-01   2.226E-01
85.8   7.801E-01   2.199E-01
86.5   7.828E-01   2.172E-01
87.1   7.856E-01   2.144E-01
87.8   7.883E-01   2.117E-01
88.4   7.911E-01   2.089E-01
89.1   7.938E-01   2.062E-01
89.7   7.966E-01   2.034E-01
90.4   7.993E-01   2.007E-01
91.0   8.021E-01   1.979E-01
91.7   8.049E-01   1.951E-01
92.3   8.077E-01   1.923E-01
93.0   8.105E-01   1.895E-01
93.6   8.133E-01   1.867E-01
94.3   8.161E-01   1.839E-01
94.9   8.190E-01   1.810E-01
95.6   8.218E-01   1.782E-01
96.2   8.247E-01   1.753E-01
96.9   8.276E-01   1.724E-01
97.5   8.305E-01   1.695E-01
98.2   8.334E-01   1.666E-01
98.8   8.363E-01   1.637E-01
99.5   8.392E-01   1.608E-01
100.1  8.422E-01   1.578E-01
100.8  8.451E-01   1.549E-01
101.4  8.480E-01   1.520E-01
102.1  8.509E-01   1.491E-01
102.7  8.538E-01   1.462E-01
103.4  8.567E-01   1.433E-01
104.0  8.596E-01   1.404E-01
104.7  8.624E-01   1.376E-01
105.3  8.652E-01   1.348E-01
106.0  8.680E-01   1.320E-01
106.6  8.708E-01   1.292E-01
107.3  8.736E-01   1.264E-01
107.9  8.763E-01   1.237E-01
108.6  8.790E-01   1.210E-01
109.2  8.816E-01   1.184E-01
109.9  8.842E-01   1.158E-01
110.5  8.868E-01   1.132E-01
111.2  8.893E-01   1.107E-01
111.8  8.918E-01   1.082E-01
112.5  8.942E-01   1.058E-01
113.1  8.966E-01   1.034E-01
113.8  8.989E-01   1.011E-01
114.4  9.012E-01   9.875E-02
115.1  9.035E-01   9.649E-02
115.7  9.057E-01   9.426E-02
116.4  9.079E-01   9.208E-02
117.0  9.101E-01   8.993E-02
117.7  9.122E-01   8.782E-02
118.3  9.143E-01   8.575E-02
119.0  9.163E-01   8.371E-02
119.6  9.183E-01   8.171E-02
120.3  9.203E-01   7.973E-02
120.9  9.222E-01   7.780E-02
121.6  9.241E-01   7.589E-02
122.2  9.260E-01   7.401E-02
122.9  9.278E-01   7.215E-02
123.5  9.297E-01   7.032E-02
124.2  9.315E-01   6.851E-02
124.8  9.333E-01   6.673E-02
125.5  9.350E-01   6.497E-02
126.1  9.368E-01   6.324E-02
126.8  9.385E-01   6.152E-02
127.4  9.402E-01   5.983E-02
128.1  9.418E-01   5.815E-02
128.7  9.435E-01   5.649E-02
129.4  9.451E-01   5.485E-02
130.0  9.468E-01   5.323E-02
130.7  9.484E-01   5.162E-02
131.3  9.500E-01   5.003E-02
132.0  9.515E-01   4.845E-02
132.6  9.531E-01   4.689E-02
133.3  9.547E-01   4.535E-02
133.9  9.562E-01   4.382E-02
134.6  9.577E-01   4.230E-02
135.2  9.592E-01   4.080E-02
135.9  9.607E-01   3.931E-02
136.5  9.622E-01   3.784E-02
137.2  9.636E-01   3.639E-02
137.8  9.650E-01   3.495E-02
138.5  9.665E-01   3.353E-02
139.1  9.679E-01   3.213E-02
139.8  9.693E-01   3.074E-02
140.4  9.706E-01   2.938E-02
141.1  9.720E-01   2.804E-02
141.7  9.733E-01   2.672E-02
142.4  9.746E-01   2.543E-02
143.0  9.758E-01   2.416E-02
143.7  9.771E-01   2.291E-02
144.3  9.783E-01   2.170E-02
145.0  9.795E-01   2.052E-02
145.6  9.806E-01   1.937E-02
146.3  9.818E-01   1.825E-02
146.9  9.828E-01   1.717E-02
147.6  9.839E-01   1.612E-02
148.2  9.849E-01   1.512E-02
148.9  9.859E-01   1.415E-02
149.5  9.868E-01   1.322E-02
150.2  9.877E-01   1.234E-02
150.8  9.885E-01   1.149E-02
151.5  9.893E-01   1.069E-02
152.1  9.901E-01   9.933E-03
152.8  9.908E-01   9.216E-03
153.4  9.915E-01   8.539E-03
154.1  9.921E-01   7.903E-03
154.7  9.927E-01   7.306E-03
155.4  9.933E-01   6.749E-03
156.0  9.938E-01   6.228E-03
156.7  9.943E-01   5.743E-03
157.3  9.947E-01   5.291E-03
158.0  9.951E-01   4.871E-03
158.6  9.955E-01   4.478E-03
159.3  9.959E-01   4.117E-03
159.9  9.962E-01   3.784E-03
160.6  9.965E-01   3.477E-03
161.2  9.968E-01   3.194E-03
161.9  9.971E-01   2.934E-03
162.5  9.973E-01   2.693E-03
163.2  9.975E-01   2.472E-03
163.8  9.977E-01   2.268E-03
164.5  9.979E-01   2.081E-03
165.1  9.981E-01   1.910E-03
165.8  9.982E-01   1.753E-03
166.4  9.984E-01   1.609E-03
167.1  9.985E-01   1.479E-03
167.7  9.986E-01   1.360E-03
168.4  9.987E-01   1.250E-03
169.0  9.989E-01   1.149E-03
169.7  9.989E-01   1.057E-03
170.3  9.990E-01   9.724E-04
171.0  9.991E-01   8.956E-04
171.6  9.992E-01   8.250E-04
172.3  9.992E-01   7.606E-04
172.9  9.993E-01   7.021E-04
173.6  9.994E-01   6.489E-04
174.2  9.994E-01   6.001E-04
174.9  9.994E-01   5.557E-04
175.5  9.995E-01   5.154E-04
176.2  9.995E-01   4.786E-04
176.8  9.996E-01   4.452E-04
177.5  9.996E-01   4.149E-04
178.1  9.996E-01   3.873E-04
178.8  9.996E-01   3.622E-04
179.4  9.997E-01   3.392E-04
180.1  9.997E-01   3.183E-04
180.7  9.997E-01   2.991E-04
181.4  9.997E-01   2.817E-04
182.0  9.997E-01   2.658E-04
182.7  9.997E-01   2.514E-04
183.3  9.998E-01   2.383E-04
184.0  9.998E-01   2.263E-04
184.6  9.998E-01   2.154E-04
185.3  9.998E-01   2.056E-04
185.9  9.998E-01   1.965E-04
186.6  9.998E-01   1.881E-04
187.2  9.998E-01   1.805E-04
187.9  9.998E-01   1.736E-04
188.5  9.998E-01   1.673E-04
189.2  9.998E-01   1.618E-04
189.8  9.998E-01   1.569E-04
190.5  9.998E-01   1.521E-04
191.1  9.999E-01   1.477E-04
191.8  9.999E-01   1.437E-04
192.4  9.999E-01   1.402E-04
193.1  9.999E-01   1.369E-04
193.7  9.999E-01   1.341E-04
194.4  9.999E-01   1.316E-04
195.0  9.999E-01   1.291E-04
195.7  9.999E-01   1.269E-04
196.3  9.999E-01   1.249E-04
197.0  9.999E-01   1.230E-04
197.6  9.999E-01   1.214E-04
198.3  9.999E-01   1.200E-04
198.9  9.999E-01   1.187E-04
199.6  9.999E-01   1.174E-04
200.2  9.999E-01   1.163E-04
200.9  9.999E-01   1.153E-04
201.5  9.999E-01   1.144E-04
202.2  9.999E-01   1.137E-04
202.8  9.999E-01   1.130E-04
203.5  9.999E-01   1.124E-04
204.1  9.999E-01   1.119E-04
204.8  9.999E-01   1.114E-04
205.4  9.999E-01   1.110E-04
206.1  9.999E-01   1.106E-04
206.7  9.999E-01   1.103E-04
207.4  9.999E-01   1.101E-04
208.0  9.999E-01   1.099E-04
208.7  9.999E-01   1.097E-04
209.3  9.999E-01   1.095E-04
210.0  9.999E-01   1.093E-04
210.6  9.999E-01   1.091E-04
211.3  9.999E-01   1.089E-04
211.9  9.999E-01   1.088E-04
212.6  9.999E-01   1.086E-04
213.2  9.999E-01   1.085E-04
213.9  9.999E-01   1.084E-04
214.5  9.999E-01   1.083E-04
215.2  9.999E-01   1.082E-04
215.8  9.999E-01   1.081E-04
216.5  9.999E-01   1.080E-04
217.1  9.999E-01   1.079E-04
217.8  9.999E-01   1.078E-04
218.4  9.999E-01   1.077E-04
219.1  9.999E-01   1.076E-04
219.7  9.999E-01   1.075E-04
220.4  9.999E-01   1.074E-04



Output Data from Bed Number 4 is given below:
Time   CP(1,T)/CT  CP(2,T)/CT  CP(3,T)/CT  CP(4,T)/CT  CP(5,T)/CT  CP(6,T)/CT
(min)  (-)         (-)         (-)         (-)         (-)         (-)
0.0    -1.719E-06  1.000E+00
0.7    8.002E-06   1.000E+00
1.3    8.007E-06   1.000E+00
2.0    8.012E-06   1.000E+00
2.6    8.017E-06   1.000E+00
3.3    8.072E-06   1.000E+00
3.9    9.204E-06   1.000E+00
4.6    1.395E-05   1.000E+00
5.2    2.128E-05   1.000E+00
5.9    3.189E-05   1.000E+00
6.5    4.747E-05   1.000E+00
7.2    6.906E-05   9.999E-01
7.8    1.001E-04   9.999E-01
8.5    1.422E-04   9.999E-01
9.1    1.994E-04   9.998E-01
9.8    2.762E-04   9.997E-01
10.4   3.804E-04   9.996E-01
11.1   5.191E-04   9.995E-01
11.7   7.029E-04   9.993E-01
12.4   9.452E-04   9.991E-01
13.0   1.260E-03   9.987E-01
13.7   1.665E-03   9.983E-01
14.3   2.183E-03   9.978E-01
15.0   2.853E-03   9.971E-01
15.6   3.715E-03   9.963E-01
16.3   4.787E-03   9.952E-01
16.9   6.108E-03   9.939E-01
17.6   7.734E-03   9.923E-01
18.2   9.720E-03   9.903E-01
18.9   1.216E-02   9.878E-01
19.5   1.510E-02   9.849E-01
20.2   1.862E-02   9.814E-01
20.8   2.282E-02   9.772E-01
21.5   2.772E-02   9.723E-01
22.1   3.336E-02   9.666E-01
22.8   3.969E-02   9.603E-01
23.4   4.660E-02   9.534E-01
24.1   5.387E-02   9.461E-01
24.7   6.119E-02   9.388E-01
25.4   6.825E-02   9.318E-01
26.0   7.482E-02   9.252E-01
26.7   8.086E-02   9.191E-01
27.3   8.646E-02   9.135E-01
28.0   9.186E-02   9.081E-01
28.6   9.723E-02   9.028E-01
29.3   1.027E-01   8.973E-01
29.9   1.084E-01   8.916E-01
30.6   1.142E-01   8.858E-01
31.2   1.204E-01   8.796E-01
31.9   1.268E-01   8.732E-01
32.5   1.335E-01   8.665E-01
33.2   1.406E-01   8.594E-01
33.8   1.480E-01   8.520E-01
34.5   1.557E-01   8.443E-01
35.1   1.638E-01   8.362E-01
35.8   1.722E-01   8.278E-01
36.4   1.808E-01   8.192E-01
37.1   1.897E-01   8.103E-01
37.7   1.989E-01   8.011E-01
38.4   2.082E-01   7.918E-01
39.0   2.176E-01   7.824E-01
39.7   2.273E-01   7.727E-01
40.3   2.370E-01   7.630E-01
41.0   2.469E-01   7.531E-01
41.6   2.569E-01   7.431E-01
42.3   2.669E-01   7.331E-01
42.9   2.769E-01   7.231E-01
43.6   2.869E-01   7.131E-01
44.2   2.968E-01   7.032E-01
44.9   3.065E-01   6.935E-01
45.5   3.161E-01   6.839E-01
46.2   3.254E-01   6.746E-01
46.8   3.344E-01   6.656E-01
47.5   3.431E-01   6.569E-01
48.1   3.513E-01   6.487E-01
48.8   3.591E-01   6.409E-01
49.4   3.666E-01   6.334E-01
50.1   3.736E-01   6.264E-01
50.7   3.802E-01   6.198E-01
51.4   3.864E-01   6.136E-01
52.0   3.923E-01   6.077E-01
52.7   3.980E-01   6.020E-01
53.3   4.035E-01   5.965E-01
54.0   4.089E-01   5.911E-01
54.6   4.141E-01   5.859E-01
55.3   4.193E-01   5.807E-01
55.9   4.244E-01   5.756E-01
56.6   4.295E-01   5.705E-01
57.2   4.345E-01   5.655E-01
57.9   4.396E-01   5.604E-01
58.5   4.448E-01   5.552E-01
59.2   4.499E-01   5.501E-01
59.8   4.551E-01   5.449E-01
60.5   4.603E-01   5.397E-01
61.1   4.655E-01   5.345E-01
61.8   4.708E-01   5.292E-01
62.4   4.762E-01   5.238E-01
63.1   4.815E-01   5.185E-01
63.7   4.870E-01   5.130E-01
64.4   4.924E-01   5.076E-01
65.0   4.979E-01   5.021E-01
65.7   5.035E-01   4.965E-01
66.3   5.091E-01   4.909E-01
67.0   5.147E-01   4.853E-01
67.6   5.204E-01   4.796E-01
68.3   5.261E-01   4.739E-01
68.9   5.318E-01   4.682E-01
69.6   5.375E-01   4.625E-01
70.2   5.432E-01   4.568E-01
70.9   5.489E-01   4.511E-01
71.5   5.547E-01   4.453E-01
72.2   5.604E-01   4.396E-01
72.8   5.661E-01   4.339E-01
73.5   5.718E-01   4.282E-01
74.1   5.774E-01   4.226E-01
74.8   5.830E-01   4.170E-01
75.4   5.885E-01   4.115E-01
76.1   5.940E-01   4.060E-01
76.7   5.994E-01   4.006E-01
77.4   6.048E-01   3.952E-01
78.0   6.100E-01   3.900E-01
78.7   6.152E-01   3.848E-01
79.3   6.203E-01   3.797E-01
80.0   6.254E-01   3.746E-01
80.6   6.303E-01   3.697E-01
81.3   6.351E-01   3.649E-01
81.9   6.398E-01   3.602E-01
82.6   6.444E-01   3.556E-01
83.2   6.489E-01   3.511E-01
83.9   6.533E-01   3.467E-01
84.5   6.576E-01   3.424E-01
85.2   6.618E-01   3.382E-01
85.8   6.659E-01   3.341E-01
86.5   6.698E-01   3.302E-01
87.1   6.737E-01   3.263E-01
87.8   6.775E-01   3.225E-01
88.4   6.812E-01   3.188E-01
89.1   6.849E-01   3.151E-01
89.7   6.884E-01   3.116E-01
90.4   6.919E-01   3.081E-01
91.0   6.953E-01   3.047E-01
91.7   6.987E-01   3.013E-01
92.3   7.021E-01   2.979E-01
93.0   7.054E-01   2.946E-01
93.6   7.087E-01   2.913E-01
94.3   7.119E-01   2.881E-01
94.9   7.152E-01   2.848E-01
95.6   7.184E-01   2.816E-01
96.2   7.216E-01   2.784E-01
96.9   7.249E-01   2.751E-01
97.5   7.281E-01   2.719E-01
98.2   7.314E-01   2.686E-01
98.8   7.346E-01   2.654E-01
99.5   7.379E-01   2.621E-01
100.1  7.412E-01   2.588E-01
100.8  7.445E-01   2.555E-01
101.4  7.478E-01   2.522E-01
102.1  7.511E-01   2.489E-01
102.7  7.544E-01   2.456E-01
103.4  7.578E-01   2.422E-01
104.0  7.612E-01   2.388E-01
104.7  7.645E-01   2.355E-01
105.3  7.679E-01   2.321E-01
106.0  7.713E-01   2.287E-01
106.6  7.748E-01   2.252E-01
107.3  7.782E-01   2.218E-01
107.9  7.816E-01   2.184E-01
108.6  7.850E-01   2.150E-01
109.2  7.885E-01   2.115E-01
109.9  7.919E-01   2.081E-01
110.5  7.954E-01   2.046E-01
111.2  7.988E-01   2.012E-01
111.8  8.022E-01   1.978E-01
112.5  8.057E-01   1.943E-01
113.1  8.091E-01   1.909E-01
113.8  8.125E-01   1.875E-01
114.4  8.160E-01   1.840E-01
115.1  8.194E-01   1.806E-01
115.7  8.228E-01   1.772E-01
116.4  8.261E-01   1.739E-01
117.0  8.295E-01   1.705E-01
117.7  8.328E-01   1.672E-01
118.3  8.362E-01   1.638E-01
119.0  8.395E-01   1.605E-01
119.6  8.427E-01   1.573E-01
120.3  8.460E-01   1.540E-01
120.9  8.492E-01   1.508E-01
121.6  8.524E-01   1.476E-01
122.2  8.555E-01   1.445E-01
122.9  8.586E-01   1.414E-01
123.5  8.617E-01   1.383E-01
124.2  8.648E-01   1.352E-01
124.8  8.677E-01   1.323E-01
125.5  8.707E-01   1.293E-01
126.1  8.736E-01   1.264E-01
126.8  8.764E-01   1.236E-01
127.4  8.792E-01   1.208E-01
128.1  8.820E-01   1.180E-01
128.7  8.847E-01   1.153E-01
129.4  8.873E-01   1.127E-01
130.0  8.899E-01   1.101E-01
130.7  8.925E-01   1.075E-01
131.3  8.950E-01   1.050E-01
132.0  8.974E-01   1.026E-01
132.6  8.998E-01   1.002E-01
133.3  9.022E-01   9.783E-02
133.9  9.045E-01   9.553E-02
134.6  9.067E-01   9.327E-02
135.2  9.089E-01   9.106E-02
135.9  9.111E-01   8.889E-02
136.5  9.132E-01   8.676E-02
137.2  9.153E-01   8.467E-02
137.8  9.174E-01   8.262E-02
138.5  9.194E-01   8.060E-02
139.1  9.214E-01   7.863E-02
139.8  9.233E-01   7.668E-02
140.4  9.252E-01   7.476E-02
141.1  9.271E-01   7.288E-02
141.7  9.290E-01   7.102E-02
142.4  9.308E-01   6.919E-02
143.0  9.326E-01   6.738E-02
143.7  9.344E-01   6.561E-02
144.3  9.361E-01   6.385E-02
145.0  9.379E-01   6.212E-02
145.6  9.396E-01   6.040E-02
146.3  9.413E-01   5.870E-02
146.9  9.430E-01   5.703E-02
147.6  9.446E-01   5.538E-02
148.2  9.463E-01   5.374E-02
148.9  9.479E-01   5.213E-02
149.5  9.495E-01   5.053E-02
150.2  9.511E-01   4.894E-02
150.8  9.526E-01   4.737E-02
151.5  9.542E-01   4.581E-02
152.1  9.557E-01   4.427E-02
152.8  9.573E-01   4.275E-02
153.4  9.588E-01   4.124E-02
154.1  9.603E-01   3.974E-02
154.7  9.617E-01   3.826E-02
155.4  9.632E-01   3.681E-02
156.0  9.646E-01   3.536E-02
156.7  9.661E-01   3.394E-02
157.3  9.675E-01   3.252E-02
158.0  9.689E-01   3.113E-02
158.6  9.702E-01   2.976E-02
159.3  9.716E-01   2.841E-02
159.9  9.729E-01   2.708E-02
160.6  9.742E-01   2.577E-02
161.2  9.755E-01   2.450E-02
161.9  9.768E-01   2.325E-02
162.5  9.780E-01   2.202E-02
163.2  9.792E-01   2.083E-02
163.8  9.803E-01   1.967E-02
164.5  9.815E-01   1.854E-02
165.1  9.826E-01   1.745E-02
165.8  9.836E-01   1.639E-02
166.4  9.846E-01   1.538E-02
167.1  9.856E-01   1.440E-02
167.7  9.865E-01   1.346E-02
168.4  9.874E-01   1.257E-02
169.0  9.883E-01   1.171E-02
169.7  9.891E-01   1.090E-02
170.3  9.899E-01   1.013E-02
171.0  9.906E-01   9.401E-03
171.6  9.913E-01   8.714E-03
172.3  9.919E-01   8.068E-03
172.9  9.925E-01   7.461E-03
173.6  9.931E-01   6.893E-03
174.2  9.936E-01   6.362E-03
174.9  9.941E-01   5.866E-03
175.5  9.946E-01   5.405E-03
176.2  9.950E-01   4.977E-03
176.8  9.954E-01   4.580E-03
177.5  9.958E-01   4.212E-03
178.1  9.961E-01   3.872E-03
178.8  9.964E-01   3.558E-03
179.4  9.967E-01   3.269E-03
180.1  9.970E-01   3.002E-03
180.7  9.972E-01   2.756E-03
181.4  9.975E-01   2.529E-03
182.0  9.977E-01   2.321E-03
182.7  9.979E-01   2.129E-03
183.3  9.980E-01   1.954E-03
184.0  9.982E-01   1.793E-03
184.6  9.984E-01   1.647E-03
185.3  9.985E-01   1.513E-03
185.9  9.986E-01   1.390E-03
186.6  9.987E-01   1.278E-03
187.2  9.988E-01   1.174E-03
187.9  9.989E-01   1.080E-03
188.5  9.990E-01   9.932E-04
189.2  9.991E-01   9.146E-04
189.8  9.992E-01   8.431E-04
190.5  9.992E-01   7.777E-04
191.1  9.993E-01   7.178E-04
191.8  9.993E-01   6.633E-04
192.4  9.994E-01   6.136E-04
193.1  9.994E-01   5.683E-04
193.7  9.995E-01   5.270E-04
194.4  9.995E-01   4.894E-04
195.0  9.995E-01   4.552E-04
195.7  9.996E-01   4.239E-04
196.3  9.996E-01   3.952E-04
197.0  9.996E-01   3.691E-04
197.6  9.997E-01   3.454E-04
198.3  9.997E-01   3.239E-04
198.9  9.997E-01   3.040E-04
199.6  9.997E-01   2.860E-04
200.2  9.997E-01   2.696E-04
200.9  9.997E-01   2.549E-04
201.5  9.998E-01   2.416E-04
202.2  9.998E-01   2.293E-04
202.8  9.998E-01   2.181E-04
203.5  9.998E-01   2.079E-04
204.1  9.998E-01   1.987E-04
204.8  9.998E-01   1.904E-04
205.4  9.998E-01   1.827E-04
206.1  9.998E-01   1.758E-04
206.7  9.998E-01   1.695E-04
207.4  9.998E-01   1.638E-04
208.0  9.998E-01   1.587E-04
208.7  9.998E-01   1.539E-04
209.3  9.999E-01   1.496E-04
210.0  9.999E-01   1.458E-04
210.6  9.999E-01   1.422E-04
211.3  9.999E-01   1.390E-04
211.9  9.999E-01   1.361E-04
212.6  9.999E-01   1.335E-04
213.2  9.999E-01   1.310E-04
213.9  9.999E-01   1.289E-04
214.5  9.999E-01   1.269E-04
215.2  9.999E-01   1.251E-04
215.8  9.999E-01   1.234E-04
216.5  9.999E-01   1.219E-04
217.1  9.999E-01   1.206E-04
217.8  9.999E-01   1.193E-04
218.4  9.999E-01   1.180E-04
219.1  9.999E-01   1.169E-04
219.7  9.999E-01   1.159E-04
220.4  9.999E-01   1.149E-04
221.0  9.999E-01   1.140E-04
221.7  9.999E-01   1.133E-04
222.3  9.999E-01   1.126E-04
223.0  9.999E-01   1.120E-04
223.6  9.999E-01   1.116E-04
224.3  9.999E-01   1.110E-04
224.9  9.999E-01   1.105E-04
225.6  9.999E-01   1.099E-04
226.2  9.999E-01   1.094E-04
226.9  9.999E-01   1.090E-04
227.5  9.999E-01   1.086E-04
228.2  9.999E-01   1.083E-04
228.8  9.999E-01   1.081E-04
229.5  9.999E-01   1.079E-04
230.1  9.999E-01   1.078E-04
230.8  9.999E-01   1.076E-04
231.4  9.999E-01   1.074E-04



Output Data from Bed Number 5 is given below:
Time   CP(1,T)/CT  CP(2,T)/CT  CP(3,T)/CT  CP(4,T)/CT  CP(5,T)/CT  CP(6,T)/CT
(min)  (-)         (-)         (-)         (-)         (-)         (-)
0.0    -1.719E-06  1.000E+00
0.7    8.002E-06   1.000E+00
1.3    8.007E-06   1.000E+00
2.0    8.012E-06   1.000E+00
2.6    8.017E-06   1.000E+00
3.3    8.022E-06   1.000E+00
3.9    8.027E-06   1.000E+00
4.6    8.032E-06   1.000E+00
5.2    8.037E-06   1.000E+00
5.9    8.042E-06   1.000E+00
6.5    8.047E-06   1.000E+00
7.2    8.052E-06   1.000E+00
7.8    8.057E-06   1.000E+00
8.5    8.062E-06   1.000E+00
9.1    8.067E-06   1.000E+00
9.8    8.072E-06   1.000E+00
10.4   8.041E-06   1.000E+00
11.1   8.378E-06   1.000E+00
11.7   1.122E-05   1.000E+00
12.4   1.516E-05   1.000E+00
13.0   2.021E-05   1.000E+00
13.7   2.674E-05   1.000E+00
14.3   3.529E-05   1.000E+00
15.0   4.617E-05   1.000E+00
15.6   6.009E-05   9.999E-01
16.3   7.821E-05   9.999E-01
16.9   1.006E-04   9.999E-01
17.6   1.284E-04   9.999E-01
18.2   1.632E-04   9.998E-01
18.9   2.066E-04   9.998E-01
19.5   2.611E-04   9.997E-01
20.2   3.294E-04   9.997E-01
20.8   4.143E-04   9.996E-01
21.5   5.195E-04   9.995E-01
22.1   6.500E-04   9.993E-01
22.8   8.107E-04   9.992E-01
23.4   1.009E-03   9.990E-01
24.1   1.252E-03   9.987E-01
24.7   1.550E-03   9.984E-01
25.4   1.918E-03   9.981E-01
26.0   2.373E-03   9.976E-01
26.7   2.931E-03   9.971E-01
27.3   3.599E-03   9.964E-01
28.0   4.396E-03   9.956E-01
28.6   5.352E-03   9.946E-01
29.3   6.491E-03   9.935E-01
29.9   7.846E-03   9.922E-01
30.6   9.466E-03   9.905E-01
31.2   1.138E-02   9.886E-01
31.9   1.362E-02   9.864E-01
32.5   1.625E-02   9.837E-01
33.2   1.932E-02   9.807E-01
33.8   2.283E-02   9.772E-01
34.5   2.681E-02   9.732E-01
35.1   3.127E-02   9.687E-01
35.8   3.616E-02   9.638E-01
36.4   4.138E-02   9.586E-01
37.1   4.683E-02   9.532E-01
37.7   5.232E-02   9.477E-01
38.4   5.767E-02   9.423E-01
39.0   6.275E-02   9.373E-01
39.7   6.751E-02   9.325E-01
40.3   7.197E-02   9.280E-01
41.0   7.624E-02   9.238E-01
41.6   8.042E-02   9.196E-01
42.3   8.461E-02   9.154E-01
42.9   8.888E-02   9.111E-01
43.6   9.328E-02   9.067E-01
44.2   9.783E-02   9.022E-01
44.9   1.026E-01   8.974E-01
45.5   1.075E-01   8.925E-01
46.2   1.126E-01   8.874E-01
46.8   1.180E-01   8.820E-01
47.5   1.236E-01   8.764E-01
48.1   1.294E-01   8.706E-01
48.8   1.355E-01   8.645E-01
49.4   1.419E-01   8.581E-01
50.1   1.485E-01   8.515E-01
50.7   1.553E-01   8.447E-01
51.4   1.623E-01   8.377E-01
52.0   1.696E-01   8.304E-01
52.7   1.770E-01   8.230E-01
53.3   1.845E-01   8.155E-01
54.0   1.923E-01   8.077E-01
54.6   2.001E-01   7.999E-01
55.3   2.082E-01   7.918E-01
55.9   2.163E-01   7.837E-01
56.6   2.246E-01   7.754E-01
57.2   2.329E-01   7.671E-01
57.9   2.414E-01   7.586E-01
58.5   2.498E-01   7.502E-01
59.2   2.583E-01   7.417E-01
59.8   2.668E-01   7.332E-01
60.5   2.753E-01   7.247E-01
61.1   2.836E-01   7.164E-01
61.8   2.919E-01   7.081E-01
62.4   2.999E-01   7.001E-01
63.1   3.078E-01   6.922E-01
63.7   3.154E-01   6.846E-01
64.4   3.228E-01   6.772E-01
65.0   3.299E-01   6.701E-01
65.7   3.367E-01   6.633E-01
66.3   3.431E-01   6.569E-01
67.0   3.494E-01   6.506E-01
67.6   3.553E-01   6.447E-01
68.3   3.611E-01   6.389E-01
68.9   3.666E-01   6.334E-01
69.6   3.720E-01   6.280E-01
70.2   3.773E-01   6.227E-01
70.9   3.825E-01   6.175E-01
71.5   3.876E-01   6.124E-01
72.2   3.927E-01   6.073E-01
72.8   3.977E-01   6.023E-01
73.5   4.028E-01   5.972E-01
74.1   4.078E-01   5.922E-01
74.8   4.128E-01   5.872E-01
75.4   4.179E-01   5.821E-01
76.1   4.229E-01   5.771E-01
76.7   4.280E-01   5.720E-01
77.4   4.331E-01   5.669E-01
78.0   4.383E-01   5.617E-01
78.7   4.434E-01   5.566E-01
79.3   4.486E-01   5.514E-01
80.0   4.539E-01   5.461E-01
80.6   4.592E-01   5.408E-01
81.3   4.644E-01   5.356E-01
81.9   4.698E-01   5.302E-01
82.6   4.752E-01   5.248E-01
83.2   4.806E-01   5.194E-01
83.9   4.860E-01   5.140E-01
84.5   4.915E-01   5.085E-01
85.2   4.970E-01   5.030E-01
85.8   5.025E-01   4.975E-01
86.5   5.080E-01   4.920E-01
87.1   5.135E-01   4.865E-01
87.8   5.191E-01   4.809E-01
88.4   5.247E-01   4.753E-01
89.1   5.303E-01   4.697E-01
89.7   5.359E-01   4.641E-01
90.4   5.414E-01   4.586E-01
91.0   5.470E-01   4.530E-01
91.7   5.525E-01   4.475E-01
92.3   5.581E-01   4.419E-01
93.0   5.636E-01   4.364E-01
93.6   5.691E-01   4.309E-01
94.3   5.746E-01   4.254E-01
94.9   5.800E-01   4.200E-01
95.6   5.854E-01   4.146E-01
96.2   5.907E-01   4.093E-01
96.9   5.960E-01   4.040E-01
97.5   6.012E-01   3.988E-01
98.2   6.064E-01   3.936E-01
98.8   6.115E-01   3.885E-01
99.5   6.166E-01   3.834E-01
100.1  6.216E-01   3.784E-01
100.8  6.265E-01   3.735E-01
101.4  6.313E-01   3.687E-01
102.1  6.361E-01   3.639E-01
102.7  6.408E-01   3.592E-01
103.4  6.454E-01   3.546E-01
104.0  6.499E-01   3.501E-01
104.7  6.543E-01   3.457E-01
105.3  6.587E-01   3.413E-01
106.0  6.630E-01   3.370E-01
106.6  6.672E-01   3.328E-01
107.3  6.714E-01   3.286E-01
107.9  6.755E-01   3.245E-01
108.6  6.795E-01   3.205E-01
109.2  6.835E-01   3.165E-01
109.9  6.874E-01   3.126E-01
110.5  6.913E-01   3.087E-01
111.2  6.951E-01   3.049E-01
111.8  6.989E-01   3.011E-01
112.5  7.027E-01   2.973E-01
113.1  7.064E-01   2.936E-01
113.8  7.102E-01   2.898E-01
114.4  7.138E-01   2.862E-01
115.1  7.175E-01   2.825E-01
115.7  7.212E-01   2.788E-01
116.4  7.248E-01   2.752E-01
117.0  7.285E-01   2.715E-01
117.7  7.321E-01   2.679E-01
118.3  7.357E-01   2.643E-01
119.0  7.394E-01   2.606E-01
119.6  7.430E-01   2.570E-01
120.3  7.466E-01   2.534E-01
120.9  7.502E-01   2.498E-01
121.6  7.538E-01   2.462E-01
122.2  7.574E-01   2.426E-01
122.9  7.610E-01   2.390E-01
123.5  7.646E-01   2.354E-01
124.2  7.682E-01   2.318E-01
124.8  7.718E-01   2.282E-01
125.5  7.754E-01   2.246E-01
126.1  7.790E-01   2.210E-01
126.8  7.825E-01   2.175E-01
127.4  7.861E-01   2.139E-01
128.1  7.897E-01   2.103E-01
128.7  7.932E-01   2.068E-01
129.4  7.968E-01   2.032E-01
130.0  8.003E-01   1.997E-01
130.7  8.038E-01   1.962E-01
131.3  8.073E-01   1.927E-01
132.0  8.108E-01   1.892E-01
132.6  8.143E-01   1.857E-01
133.3  8.178E-01   1.822E-01
133.9  8.213E-01   1.787E-01
134.6  8.247E-01   1.753E-01
135.2  8.281E-01   1.719E-01
135.9  8.315E-01   1.685E-01
136.5  8.349E-01   1.651E-01
137.2  8.382E-01   1.618E-01
137.8  8.415E-01   1.585E-01
138.5  8.448E-01   1.552E-01
139.1  8.481E-01   1.519E-01
139.8  8.513E-01   1.487E-01
140.4  8.545E-01   1.455E-01
141.1  8.576E-01   1.424E-01
141.7  8.607E-01   1.393E-01
142.4  8.638E-01   1.362E-01
143.0  8.668E-01   1.332E-01
143.7  8.698E-01   1.302E-01
144.3  8.727E-01   1.273E-01
145.0  8.756E-01   1.244E-01
145.6  8.784E-01   1.216E-01
146.3  8.812E-01   1.188E-01
146.9  8.839E-01   1.161E-01
147.6  8.866E-01   1.134E-01
148.2  8.892E-01   1.108E-01
148.9  8.917E-01   1.083E-01
149.5  8.943E-01   1.057E-01
150.2  8.967E-01   1.033E-01
150.8  8.991E-01   1.009E-01
151.5  9.015E-01   9.849E-02
152.1  9.038E-01   9.617E-02
152.8  9.061E-01   9.390E-02
153.4  9.083E-01   9.167E-02
154.1  9.105E-01   8.949E-02
154.7  9.127E-01   8.734E-02
155.4  9.148E-01   8.524E-02
156.0  9.168E-01   8.318E-02
156.7  9.188E-01   8.115E-02
157.3  9.208E-01   7.916E-02
158.0  9.228E-01   7.721E-02
158.6  9.247E-01   7.528E-02
159.3  9.266E-01   7.338E-02
159.9  9.285E-01   7.151E-02
160.6  9.303E-01   6.967E-02
161.2  9.321E-01   6.786E-02
161.9  9.339E-01   6.608E-02
162.5  9.357E-01   6.431E-02
163.2  9.374E-01   6.257E-02
163.8  9.392E-01   6.085E-02
164.5  9.409E-01   5.915E-02
165.1  9.425E-01   5.747E-02
165.8  9.442E-01   5.581E-02
166.4  9.458E-01   5.417E-02
167.1  9.475E-01   5.254E-02
167.7  9.491E-01   5.094E-02
168.4  9.507E-01   4.935E-02
169.0  9.522E-01   4.778E-02
169.7  9.538E-01   4.622E-02
170.3  9.553E-01   4.467E-02
171.0  9.569E-01   4.314E-02
171.6  9.584E-01   4.163E-02
172.3  9.599E-01   4.013E-02
172.9  9.614E-01   3.865E-02
173.6  9.628E-01   3.718E-02
174.2  9.643E-01   3.573E-02
174.9  9.657E-01   3.430E-02
175.5  9.671E-01   3.288E-02
176.2  9.685E-01   3.148E-02
176.8  9.699E-01   3.011E-02
177.5  9.712E-01   2.875E-02
178.1  9.726E-01   2.742E-02
178.8  9.739E-01   2.611E-02
179.4  9.752E-01   2.482E-02
180.1  9.764E-01   2.357E-02
180.7  9.777E-01   2.234E-02
181.4  9.789E-01   2.113E-02
182.0  9.800E-01   1.996E-02
182.7  9.812E-01   1.883E-02
183.3  9.823E-01   1.772E-02
184.0  9.833E-01   1.666E-02
184.6  9.844E-01   1.563E-02
185.3  9.854E-01   1.465E-02
185.9  9.863E-01   1.370E-02
186.6  9.872E-01   1.279E-02
187.2  9.881E-01   1.193E-02
187.9  9.889E-01   1.110E-02
188.5  9.897E-01   1.032E-02
189.2  9.904E-01   9.582E-03
189.8  9.911E-01   8.885E-03
190.5  9.918E-01   8.230E-03
191.1  9.924E-01   7.614E-03
191.8  9.930E-01   7.036E-03
192.4  9.935E-01   6.496E-03
193.1  9.940E-01   5.992E-03
193.7  9.945E-01   5.522E-03
194.4  9.949E-01   5.086E-03
195.0  9.953E-01   4.681E-03
195.7  9.957E-01   4.305E-03
196.3  9.960E-01   3.958E-03
197.0  9.964E-01   3.637E-03
197.6  9.967E-01   3.341E-03
198.3  9.969E-01   3.069E-03
198.9  9.972E-01   2.817E-03
199.6  9.974E-01   2.586E-03
200.2  9.976E-01   2.373E-03
200.9  9.978E-01   2.178E-03
201.5  9.980E-01   1.999E-03
202.2  9.982E-01   1.835E-03
202.8  9.983E-01   1.685E-03
203.5  9.985E-01   1.547E-03
204.1  9.986E-01   1.421E-03
204.8  9.987E-01   1.306E-03
205.4  9.988E-01   1.200E-03
206.1  9.989E-01   1.103E-03
206.7  9.990E-01   1.015E-03
207.4  9.991E-01   9.341E-04
208.0  9.991E-01   8.605E-04
208.7  9.992E-01   7.938E-04
209.3  9.993E-01   7.336E-04
210.0  9.993E-01   6.795E-04
210.6  9.994E-01   6.293E-04
211.3  9.994E-01   5.826E-04
211.9  9.995E-01   5.385E-04
212.6  9.995E-01   4.975E-04
213.2  9.995E-01   4.618E-04
213.9  9.996E-01   4.300E-04
214.5  9.996E-01   4.016E-04
215.2  9.996E-01   3.745E-04
215.8  9.996E-01   3.505E-04
216.5  9.997E-01   3.298E-04
217.1  9.997E-01   3.116E-04
217.8  9.997E-01   2.936E-04
218.4  9.997E-01   2.768E-04
219.1  9.997E-01   2.609E-04
219.7  9.998E-01   2.460E-04
220.4  9.998E-01   2.333E-04
221.0  9.998E-01   2.219E-04
221.7  9.998E-01   2.117E-04
222.3  9.998E-01   2.027E-04
223.0  9.998E-01   1.944E-04
223.6  9.998E-01   1.868E-04
224.3  9.998E-01   1.797E-04
224.9  9.998E-01   1.733E-04
225.6  9.998E-01   1.674E-04
226.2  9.998E-01   1.620E-04
226.9  9.998E-01   1.569E-04
227.5  9.998E-01   1.522E-04
228.2  9.999E-01   1.483E-04
228.8  9.999E-01   1.448E-04
229.5  9.999E-01   1.417E-04
230.1  9.999E-01   1.388E-04
230.8  9.999E-01   1.361E-04
231.4  9.999E-01   1.336E-04
232.1  9.999E-01   1.312E-04
232.7  9.999E-01   1.292E-04
233.4  9.999E-01   1.275E-04
234.0  9.999E-01   1.260E-04
234.7  9.999E-01   1.246E-04
235.3  9.999E-01   1.233E-04
236.0  9.999E-01   1.221E-04
236.6  9.999E-01   1.209E-04
237.3  9.999E-01   1.199E-04
237.9  9.999E-01   1.190E-04
238.6  9.999E-01   1.183E-04
239.2  9.999E-01   1.175E-04
239.9  9.999E-01   1.168E-04
240.5  9.999E-01   1.161E-04
241.2  9.999E-01   1.154E-04
241.8  9.999E-01   1.147E-04
242.5  9.999E-01   1.142E-04
243.1  9.999E-01   1.137E-04
243.8  9.999E-01   1.132E-04
244.4  9.999E-01   1.128E-04
245.1  9.999E-01   1.124E-04
245.7  9.999E-01   1.120E-04
246.4  9.999E-01   1.116E-04
247.0  9.999E-01   1.111E-04
247.7  9.999E-01   1.109E-04
248.3  9.999E-01   1.106E-04
249.0  9.999E-01   1.104E-04
249.6  9.999E-01   1.102E-04
250.0  9.999E-01   1.100E-04



Output Data from Bed Number 6 is given below:
Time   CP(1,T)/CT  CP(2,T)/CT  CP(3,T)/CT  CP(4,T)/CT  CP(5,T)/CT  CP(6,T)/CT
(min)  (-)         (-)         (-)         (-)         (-)         (-)
0.0    -1.719E-06  1.000E+00
0.7    8.002E-06   1.000E+00
1.3    8.007E-06   1.000E+00
2.0    8.012E-06   1.000E+00
2.6    8.017E-06   1.000E+00
3.3    8.022E-06   1.000E+00
3.9    8.027E-06   1.000E+00
4.6    8.032E-06   1.000E+00
5.2    8.037E-06   1.000E+00
5.9    8.042E-06   1.000E+00
6.5    8.047E-06   1.000E+00
7.2    8.052E-06   1.000E+00
7.8    8.057E-06   1.000E+00
8.5    8.062E-06   1.000E+00
9.1    8.067E-06   1.000E+00
9.8    8.072E-06   1.000E+00
10.4   8.077E-06   1.000E+00
11.1   8.082E-06   1.000E+00
11.7   8.087E-06   1.000E+00
12.4   8.092E-06   1.000E+00
13.0   8.097E-06   1.000E+00
13.7   8.102E-06   1.000E+00
14.3   8.107E-06   1.000E+00
15.0   8.112E-06   1.000E+00
15.6   8.117E-06   1.000E+00
16.3   8.122E-06   1.000E+00
16.9   8.127E-06   1.000E+00
17.6   8.132E-06   1.000E+00
18.2   8.137E-06   1.000E+00
18.9   8.142E-06   1.000E+00
19.5   8.148E-06   1.000E+00
20.2   8.153E-06   1.000E+00
20.8   8.178E-06   1.000E+00
21.5   8.623E-06   1.000E+00
22.1   1.056E-05   1.000E+00
22.8   1.314E-05   1.000E+00
23.4   1.639E-05   1.000E+00
24.1   2.033E-05   1.000E+00
24.7   2.524E-05   1.000E+00
25.4   3.135E-05   1.000E+00
26.0   3.885E-05   1.000E+00
26.7   4.798E-05   1.000E+00
27.3   5.924E-05   9.999E-01
28.0   7.292E-05   9.999E-01
28.6   8.930E-05   9.999E-01
29.3   1.089E-04   9.999E-01
29.9   1.328E-04   9.999E-01
30.6   1.618E-04   9.998E-01
31.2   1.971E-04   9.998E-01
31.9   2.398E-04   9.998E-01
32.5   2.918E-04   9.997E-01
33.2   3.550E-04   9.996E-01
33.8   4.314E-04   9.996E-01
34.5   5.230E-04   9.995E-01
35.1   6.334E-04   9.994E-01
35.8   7.663E-04   9.992E-01
36.4   9.247E-04   9.991E-01
37.1   1.115E-03   9.989E-01
37.7   1.343E-03   9.987E-01
38.4   1.617E-03   9.984E-01
39.0   1.948E-03   9.981E-01
39.7   2.343E-03   9.977E-01
40.3   2.809E-03   9.972E-01
41.0   3.354E-03   9.966E-01
41.6   3.990E-03   9.960E-01
42.3   4.737E-03   9.953E-01
42.9   5.608E-03   9.944E-01
43.6   6.622E-03   9.934E-01
44.2   7.811E-03   9.922E-01
44.9   9.194E-03   9.908E-01
45.5   1.079E-02   9.892E-01
46.2   1.263E-02   9.874E-01
46.8   1.474E-02   9.853E-01
47.5   1.715E-02   9.828E-01
48.1   1.988E-02   9.801E-01
48.8   2.293E-02   9.771E-01
49.4   2.633E-02   9.737E-01
50.1   3.003E-02   9.700E-01
50.7   3.402E-02   9.660E-01
51.4   3.822E-02   9.618E-01
52.0   4.255E-02   9.575E-01
52.7   4.690E-02   9.531E-01
53.3   5.115E-02   9.488E-01
54.0   5.525E-02   9.448E-01
54.6   5.913E-02   9.409E-01
55.3   6.281E-02   9.372E-01
55.9   6.635E-02   9.336E-01
56.6   6.981E-02   9.302E-01
57.2   7.327E-02   9.267E-01
57.9   7.677E-02   9.232E-01
58.5   8.036E-02   9.196E-01
59.2   8.406E-02   9.159E-01
59.8   8.790E-02   9.121E-01
60.5   9.190E-02   9.081E-01
61.1   9.606E-02   9.039E-01
61.8   1.004E-01   8.996E-01
62.4   1.049E-01   8.951E-01
63.1   1.096E-01   8.904E-01
63.7   1.146E-01   8.854E-01
64.4   1.197E-01   8.803E-01
65.0   1.251E-01   8.749E-01
65.7   1.307E-01   8.693E-01
66.3   1.365E-01   8.635E-01
67.0   1.425E-01   8.575E-01
67.6   1.487E-01   8.513E-01
68.3   1.551E-01   8.449E-01
68.9   1.617E-01   8.383E-01
69.6   1.685E-01   8.315E-01
70.2   1.753E-01   8.247E-01
70.9   1.824E-01   8.176E-01
71.5   1.896E-01   8.104E-01
72.2   1.969E-01   8.031E-01
72.8   2.043E-01   7.957E-01
73.5   2.118E-01   7.882E-01
74.1   2.195E-01   7.805E-01
74.8   2.272E-01   7.728E-01
75.4   2.350E-01   7.650E-01
76.1   2.428E-01   7.572E-01
76.7   2.506E-01   7.494E-01
77.4   2.584E-01   7.416E-01
78.0   2.661E-01   7.339E-01
78.7   2.738E-01   7.262E-01
79.3   2.813E-01   7.187E-01
80.0   2.887E-01   7.113E-01
80.6   2.959E-01   7.041E-01
81.3   3.028E-01   6.972E-01
81.9   3.096E-01   6.904E-01
82.6   3.161E-01   6.839E-01
83.2   3.224E-01   6.776E-01
83.9   3.284E-01   6.716E-01
84.5   3.342E-01   6.658E-01
85.2   3.398E-01   6.602E-01
85.8   3.452E-01   6.548E-01
86.5   3.504E-01   6.496E-01
87.1   3.556E-01   6.444E-01
87.8   3.606E-01   6.394E-01
88.4   3.656E-01   6.344E-01
89.1   3.705E-01   6.295E-01
89.7   3.754E-01   6.246E-01
90.4   3.803E-01   6.197E-01
91.0   3.851E-01   6.149E-01
91.7   3.900E-01   6.100E-01
92.3   3.949E-01   6.051E-01
93.0   3.999E-01   6.001E-01
93.6   4.048E-01   5.952E-01
94.3   4.098E-01   5.902E-01
94.9   4.149E-01   5.851E-01
95.6   4.200E-01   5.800E-01
96.2   4.251E-01   5.749E-01
96.9   4.303E-01   5.697E-01
97.5   4.355E-01   5.645E-01
98.2   4.408E-01   5.592E-01
98.8   4.462E-01   5.538E-01
99.5   4.516E-01   5.484E-01
100.1  4.570E-01   5.430E-01
100.8  4.625E-01   5.375E-01
101.4  4.681E-01   5.319E-01
102.1  4.737E-01   5.263E-01
102.7  4.793E-01   5.207E-01
103.4  4.850E-01   5.150E-01
104.0  4.908E-01   5.092E-01
104.7  4.965E-01   5.035E-01
105.3  5.024E-01   4.976E-01
106.0  5.082E-01   4.918E-01
106.6  5.141E-01   4.859E-01
107.3  5.199E-01   4.801E-01
107.9  5.258E-01   4.742E-01
108.6  5.317E-01   4.683E-01
109.2  5.376E-01   4.624E-01
109.9  5.435E-01   4.565E-01
110.5  5.494E-01   4.506E-01
111.2  5.552E-01   4.448E-01
111.8  5.611E-01   4.389E-01
112.5  5.669E-01   4.331E-01
113.1  5.726E-01   4.274E-01
113.8  5.783E-01   4.217E-01
114.4  5.840E-01   4.160E-01
115.1  5.896E-01   4.104E-01
115.7  5.951E-01   4.049E-01
116.4  6.006E-01   3.994E-01
117.0  6.060E-01   3.940E-01
117.7  6.114E-01   3.886E-01
118.3  6.166E-01   3.834E-01
119.0  6.218E-01   3.782E-01
119.6  6.269E-01   3.731E-01
120.3  6.319E-01   3.681E-01
120.9  6.368E-01   3.632E-01
121.6  6.416E-01   3.584E-01
122.2  6.463E-01   3.537E-01
122.9  6.510E-01   3.490E-01
123.5  6.555E-01   3.445E-01
124.2  6.600E-01   3.400E-01
124.8  6.644E-01   3.356E-01
125.5  6.687E-01   3.313E-01
126.1  6.729E-01   3.271E-01
126.8  6.771E-01   3.229E-01
127.4  6.812E-01   3.188E-01
128.1  6.852E-01   3.148E-01
128.7  6.892E-01   3.108E-01
129.4  6.931E-01   3.069E-01
130.0  6.970E-01   3.030E-01
130.7  7.009E-01   2.991E-01
131.3  7.047E-01   2.953E-01
132.0  7.085E-01   2.915E-01
132.6  7.123E-01   2.877E-01
133.3  7.160E-01   2.840E-01
133.9  7.197E-01   2.803E-01
134.6  7.234E-01   2.766E-01
135.2  7.271E-01   2.729E-01
135.9  7.308E-01   2.692E-01
136.5  7.344E-01   2.656E-01
137.2  7.381E-01   2.619E-01
137.8  7.418E-01   2.582E-01
138.5  7.454E-01   2.546E-01
139.1  7.490E-01   2.510E-01
139.8  7.527E-01   2.473E-01
140.4  7.563E-01   2.437E-01
141.1  7.599E-01   2.401E-01
141.7  7.635E-01   2.365E-01
142.4  7.671E-01   2.329E-01
143.0  7.707E-01   2.293E-01
143.7  7.743E-01   2.257E-01
144.3  7.779E-01   2.221E-01
145.0  7.815E-01   2.185E-01
145.6  7.851E-01   2.149E-01
146.3  7.887E-01   2.113E-01
146.9  7.922E-01   2.078E-01
147.6  7.958E-01   2.042E-01
148.2  7.993E-01   2.007E-01
148.9  8.029E-01   1.971E-01
149.5  8.064E-01   1.936E-01
150.2  8.099E-01   1.901E-01
150.8  8.134E-01   1.866E-01
151.5  8.169E-01   1.831E-01
152.1  8.203E-01   1.797E-01
152.8  8.238E-01   1.762E-01
153.4  8.272E-01   1.728E-01
154.1  8.306E-01   1.694E-01
154.7  8.340E-01   1.660E-01
155.4  8.374E-01   1.626E-01
156.0  8.407E-01   1.593E-01
156.7  8.440E-01   1.560E-01
157.3  8.472E-01   1.528E-01
158.0  8.505E-01   1.495E-01
158.6  8.537E-01   1.463E-01
159.3  8.568E-01   1.432E-01
159.9  8.599E-01   1.401E-01
160.6  8.630E-01   1.370E-01
161.2  8.660E-01   1.340E-01
161.9  8.690E-01   1.310E-01
162.5  8.719E-01   1.281E-01
163.2  8.748E-01   1.252E-01
163.8  8.777E-01   1.223E-01
164.5  8.805E-01   1.195E-01
165.1  8.832E-01   1.168E-01
165.8  8.859E-01   1.141E-01
166.4  8.885E-01   1.115E-01
167.1  8.911E-01   1.089E-01
167.7  8.936E-01   1.064E-01
168.4  8.961E-01   1.039E-01
169.0  8.985E-01   1.015E-01
169.7  9.009E-01   9.909E-02
170.3  9.032E-01   9.676E-02
171.0  9.055E-01   9.448E-02
171.6  9.078E-01   9.224E-02
172.3  9.100E-01   9.004E-02
172.9  9.121E-01   8.789E-02
173.6  9.142E-01   8.577E-02
174.2  9.163E-01   8.370E-02
174.9  9.183E-01   8.166E-02
175.5  9.203E-01   7.966E-02
176.2  9.223E-01   7.770E-02
176.8  9.242E-01   7.577E-02
177.5  9.261E-01   7.386E-02
178.1  9.280E-01   7.199E-02
178.8  9.299E-01   7.014E-02
179.4  9.317E-01   6.832E-02
180.1  9.335E-01   6.653E-02
180.7  9.352E-01   6.476E-02
181.4  9.370E-01   6.301E-02
182.0  9.387E-01   6.128E-02
182.7  9.404E-01   5.958E-02
183.3  9.421E-01   5.789E-02
184.0  9.438E-01   5.622E-02
184.6  9.454E-01   5.458E-02
185.3  9.471E-01   5.295E-02
185.9  9.487E-01   5.134E-02
186.6  9.503E-01   4.975E-02
187.2  9.518E-01   4.817E-02
187.9  9.534E-01   4.661E-02
188.5  9.549E-01   4.506E-02
189.2  9.565E-01   4.352E-02
189.8  9.580E-01   4.201E-02
190.5  9.595E-01   4.050E-02
191.1  9.610E-01   3.902E-02
191.8  9.625E-01   3.755E-02
192.4  9.639E-01   3.609E-02
193.1  9.653E-01   3.466E-02
193.7  9.668E-01   3.324E-02
194.4  9.682E-01   3.184E-02
195.0  9.695E-01   3.045E-02
195.7  9.709E-01   2.909E-02
196.3  9.722E-01   2.775E-02
197.0  9.736E-01   2.644E-02
197.6  9.749E-01   2.514E-02
198.3  9.761E-01   2.388E-02
198.9  9.774E-01   2.264E-02
199.6  9.786E-01   2.143E-02
200.2  9.797E-01   2.025E-02
200.9  9.809E-01   1.911E-02
201.5  9.820E-01   1.800E-02
202.2  9.831E-01   1.692E-02
202.8  9.841E-01   1.589E-02
203.5  9.851E-01   1.489E-02
204.1  9.861E-01   1.393E-02
204.8  9.870E-01   1.301E-02
205.4  9.879E-01   1.214E-02
206.1  9.887E-01   1.130E-02
206.7  9.895E-01   1.051E-02
207.4  9.902E-01   9.763E-03
208.0  9.909E-01   9.055E-03
208.7  9.916E-01   8.389E-03
209.3  9.922E-01   7.764E-03
210.0  9.928E-01   7.178E-03
210.6  9.934E-01   6.630E-03
211.3  9.939E-01   6.117E-03
211.9  9.944E-01   5.638E-03
212.6  9.948E-01   5.190E-03
213.2  9.952E-01   4.775E-03
213.9  9.956E-01   4.392E-03
214.5  9.960E-01   4.041E-03
215.2  9.963E-01   3.714E-03
215.8  9.966E-01   3.413E-03
216.5  9.969E-01   3.134E-03
217.1  9.971E-01   2.879E-03
217.8  9.974E-01   2.644E-03
218.4  9.976E-01   2.428E-03
219.1  9.978E-01   2.228E-03
219.7  9.980E-01   2.043E-03
220.4  9.981E-01   1.874E-03
221.0  9.983E-01   1.720E-03
221.7  9.984E-01   1.580E-03
222.3  9.985E-01   1.452E-03
223.0  9.987E-01   1.335E-03
223.6  9.988E-01   1.227E-03
224.3  9.989E-01   1.129E-03
224.9  9.990E-01   1.039E-03
225.6  9.990E-01   9.560E-04
226.2  9.991E-01   8.807E-04
226.9  9.992E-01   8.123E-04
227.5  9.993E-01   7.497E-04
228.2  9.993E-01   6.928E-04
228.8  9.994E-01   6.411E-04
229.5  9.994E-01   5.939E-04
230.1  9.994E-01   5.509E-04
230.8  9.995E-01   5.117E-04
231.4  9.995E-01   4.756E-04
232.1  9.996E-01   4.424E-04
232.7  9.996E-01   4.120E-04
233.4  9.996E-01   3.846E-04
234.0  9.996E-01   3.603E-04
234.7  9.997E-01   3.381E-04
235.3  9.997E-01   3.179E-04
236.0  9.997E-01   2.994E-04
236.6  9.997E-01   2.826E-04
237.3  9.997E-01   2.671E-04
237.9  9.997E-01   2.529E-04
238.6  9.998E-01   2.400E-04
239.2  9.998E-01   2.283E-04
239.9  9.998E-01   2.176E-04
240.5  9.998E-01   2.078E-04
241.2  9.998E-01   1.988E-04
241.8  9.998E-01   1.907E-04
242.5  9.998E-01   1.833E-04
243.1  9.998E-01   1.766E-04
243.8  9.998E-01   1.705E-04
244.4  9.998E-01   1.650E-04
245.1  9.998E-01   1.599E-04
245.7  9.998E-01   1.554E-04
246.4  9.998E-01   1.512E-04
247.0  9.999E-01   1.474E-04
247.7  9.999E-01   1.438E-04
248.3  9.999E-01   1.405E-04
249.0  9.999E-01   1.376E-04
249.6  9.999E-01   1.351E-04
250.0  9.999E-01   1.336E-04



Output Data from Bed Number 7 is given below:
Time   CP(1,T)/CT  CP(2,T)/CT  CP(3,T)/CT  CP(4,T)/CT  CP(5,T)/CT  CP(6,T)/CT
(min)  (-)         (-)         (-)         (-)         (-)         (-)
0.0    -1.719E-06  1.000E+00
0.7    8.002E-06   1.000E+00
1.3    8.007E-06   1.000E+00
2.0    8.012E-06   1.000E+00
2.6    8.017E-06   1.000E+00
3.3    8.022E-06   1.000E+00
3.9    8.027E-06   1.000E+00
4.6    8.032E-06   1.000E+00
5.2    8.037E-06   1.000E+00
5.9    8.042E-06   1.000E+00
6.5    8.047E-06   1.000E+00
7.2    8.052E-06   1.000E+00
7.8    8.057E-06   1.000E+00
8.5    8.062E-06   1.000E+00
9.1    8.067E-06   1.000E+00
9.8    8.072E-06   1.000E+00
10.4   8.077E-06   1.000E+00
11.1   8.082E-06   1.000E+00
11.7   8.087E-06   1.000E+00
12.4   8.092E-06   1.000E+00
13.0   8.097E-06   1.000E+00
13.7   8.102E-06   1.000E+00
14.3   8.107E-06   1.000E+00
15.0   8.112E-06   1.000E+00
15.6   8.117E-06   1.000E+00
16.3   8.122E-06   1.000E+00
16.9   8.127E-06   1.000E+00
17.6   8.132E-06   1.000E+00
18.2   8.137E-06   1.000E+00
18.9   8.142E-06   1.000E+00
19.5   8.148E-06   1.000E+00
20.2   8.153E-06   1.000E+00
20.8   8.158E-06   1.000E+00
21.5   8.163E-06   1.000E+00
22.1   8.168E-06   1.000E+00
22.8   8.173E-06   1.000E+00
23.4   8.178E-06   1.000E+00
24.1   8.183E-06   1.000E+00
24.7   8.188E-06   1.000E+00
25.4   8.193E-06   1.000E+00
26.0   8.198E-06   1.000E+00
26.7   8.204E-06   1.000E+00
27.3   8.209E-06   1.000E+00
28.0   8.214E-06   1.000E+00
28.6   8.219E-06   1.000E+00
29.3   8.224E-06   1.000E+00
29.9   8.229E-06   1.000E+00
30.6   8.234E-06   1.000E+00
31.2   8.239E-06   1.000E+00
31.9   8.245E-06   1.000E+00
32.5   8.250E-06   1.000E+00
33.2   8.255E-06   1.000E+00
33.8   8.282E-06   1.000E+00
34.5   8.663E-06   1.000E+00
35.1   1.045E-05   1.000E+00
35.8   1.258E-05   1.000E+00
36.4   1.516E-05   1.000E+00
37.1   1.837E-05   1.000E+00
37.7   2.218E-05   1.000E+00
38.4   2.672E-05   1.000E+00
39.0   3.221E-05   1.000E+00
39.7   3.880E-05   1.000E+00
40.3   4.673E-05   1.000E+00
41.0   5.611E-05   9.999E-01
41.6   6.709E-05   9.999E-01
42.3   7.994E-05   9.999E-01
42.9   9.523E-05   9.999E-01
43.6   1.135E-04   9.999E-01
44.2   1.352E-04   9.999E-01
44.9   1.608E-04   9.998E-01
45.5   1.909E-04   9.998E-01
46.2   2.265E-04   9.998E-01
46.8   2.692E-04   9.997E-01
47.5   3.202E-04   9.997E-01
48.1   3.800E-04   9.996E-01
48.8   4.505E-04   9.995E-01
49.4   5.343E-04   9.995E-01
50.1   6.329E-04   9.994E-01
50.7   7.488E-04   9.993E-01
51.4   8.857E-04   9.991E-01
52.0   1.046E-03   9.990E-01
52.7   1.236E-03   9.988E-01
53.3   1.460E-03   9.985E-01
54.0   1.725E-03   9.983E-01
54.6   2.037E-03   9.980E-01
55.3   2.399E-03   9.976E-01
55.9   2.815E-03   9.972E-01
56.6   3.295E-03   9.967E-01
57.2   3.850E-03   9.962E-01
57.9   4.491E-03   9.955E-01
58.5   5.227E-03   9.948E-01
59.2   6.075E-03   9.939E-01
59.8   7.057E-03   9.929E-01
60.5   8.186E-03   9.918E-01
61.1   9.475E-03   9.905E-01
61.8   1.094E-02   9.891E-01
62.4   1.262E-02   9.874E-01
63.1   1.453E-02   9.855E-01
63.7   1.667E-02   9.833E-01
64.4   1.907E-02   9.809E-01
65.0   2.173E-02   9.783E-01
65.7   2.467E-02   9.753E-01
66.3   2.786E-02   9.721E-01
67.0   3.128E-02   9.687E-01
67.6   3.488E-02   9.651E-01
68.3   3.861E-02   9.614E-01
68.9   4.239E-02   9.576E-01
69.6   4.613E-02   9.539E-01
70.2   4.977E-02   9.502E-01
70.9   5.327E-02   9.467E-01
71.5   5.662E-02   9.434E-01
72.2   5.984E-02   9.402E-01
72.8   6.297E-02   9.370E-01
73.5   6.608E-02   9.339E-01
74.1   6.920E-02   9.308E-01
74.8   7.238E-02   9.276E-01
75.4   7.565E-02   9.244E-01
76.1   7.902E-02   9.210E-01
76.7   8.252E-02   9.175E-01
77.4   8.615E-02   9.139E-01
78.0   8.992E-02   9.101E-01
78.7   9.385E-02   9.062E-01
79.3   9.794E-02   9.021E-01
80.0   1.022E-01   8.978E-01
80.6   1.067E-01   8.933E-01
81.3   1.113E-01   8.887E-01
81.9   1.161E-01   8.839E-01
82.6   1.212E-01   8.788E-01
83.2   1.264E-01   8.736E-01
83.9   1.319E-01   8.681E-01
84.5   1.375E-01   8.625E-01
85.2   1.432E-01   8.568E-01
85.8   1.492E-01   8.508E-01
86.5   1.553E-01   8.447E-01
87.1   1.615E-01   8.385E-01
87.8   1.679E-01   8.321E-01
88.4   1.745E-01   8.255E-01
89.1   1.812E-01   8.188E-01
89.7   1.880E-01   8.120E-01
90.4   1.949E-01   8.051E-01
91.0   2.019E-01   7.981E-01
91.7   2.091E-01   7.909E-01
92.3   2.163E-01   7.837E-01
93.0   2.236E-01   7.764E-01
93.6   2.310E-01   7.690E-01
94.3   2.384E-01   7.616E-01
94.9   2.458E-01   7.542E-01
95.6   2.532E-01   7.468E-01
96.2   2.605E-01   7.395E-01
96.9   2.678E-01   7.322E-01
97.5   2.750E-01   7.250E-01
98.2   2.820E-01   7.180E-01
98.8   2.889E-01   7.111E-01
99.5   2.956E-01   7.044E-01
100.1  3.022E-01   6.978E-01
100.8  3.085E-01   6.915E-01
101.4  3.147E-01   6.853E-01
102.1  3.206E-01   6.794E-01
102.7  3.264E-01   6.736E-01
103.4  3.320E-01   6.680E-01
104.0  3.374E-01   6.626E-01
104.7  3.427E-01   6.573E-01
105.3  3.480E-01   6.520E-01
106.0  3.531E-01   6.469E-01
106.6  3.583E-01   6.417E-01
107.3  3.633E-01   6.367E-01
107.9  3.684E-01   6.316E-01
108.6  3.735E-01   6.265E-01
109.2  3.785E-01   6.215E-01
109.9  3.836E-01   6.164E-01
110.5  3.887E-01   6.113E-01
111.2  3.938E-01   6.062E-01
111.8  3.990E-01   6.010E-01
112.5  4.042E-01   5.958E-01
113.1  4.095E-01   5.905E-01
113.8  4.148E-01   5.852E-01
114.4  4.201E-01   5.799E-01
115.1  4.255E-01   5.745E-01
115.7  4.309E-01   5.691E-01
116.4  4.364E-01   5.636E-01
117.0  4.419E-01   5.581E-01
117.7  4.475E-01   5.525E-01
118.3  4.531E-01   5.469E-01
119.0  4.587E-01   5.413E-01
119.6  4.644E-01   5.356E-01
120.3  4.702E-01   5.298E-01
120.9  4.760E-01   5.240E-01
121.6  4.818E-01   5.182E-01
122.2  4.876E-01   5.124E-01
122.9  4.935E-01   5.065E-01
123.5  4.994E-01   5.006E-01
124.2  5.054E-01   4.946E-01
124.8  5.113E-01   4.887E-01
125.5  5.173E-01   4.827E-01
126.1  5.233E-01   4.767E-01
126.8  5.293E-01   4.707E-01
127.4  5.352E-01   4.648E-01
128.1  5.412E-01   4.588E-01
128.7  5.471E-01   4.529E-01
129.4  5.531E-01   4.469E-01
130.0  5.590E-01   4.410E-01
130.7  5.648E-01   4.352E-01
131.3  5.706E-01   4.294E-01
132.0  5.764E-01   4.236E-01
132.6  5.821E-01   4.179E-01
133.3  5.878E-01   4.122E-01
133.9  5.934E-01   4.066E-01
134.6  5.989E-01   4.011E-01
135.2  6.044E-01   3.956E-01
135.9  6.098E-01   3.902E-01
136.5  6.151E-01   3.849E-01
137.2  6.203E-01   3.797E-01
137.8  6.254E-01   3.746E-01
138.5  6.304E-01   3.696E-01
139.1  6.354E-01   3.646E-01
139.8  6.403E-01   3.597E-01
140.4  6.450E-01   3.550E-01
141.1  6.497E-01   3.503E-01
141.7  6.543E-01   3.457E-01
142.4  6.588E-01   3.412E-01
143.0  6.632E-01   3.368E-01
143.7  6.675E-01   3.325E-01
144.3  6.718E-01   3.282E-01
145.0  6.760E-01   3.240E-01
145.6  6.801E-01   3.199E-01
146.3  6.841E-01   3.159E-01
146.9  6.881E-01   3.119E-01
147.6  6.921E-01   3.079E-01
148.2  6.960E-01   3.040E-01
148.9  6.999E-01   3.001E-01
149.5  7.037E-01   2.963E-01
150.2  7.075E-01   2.925E-01
150.8  7.113E-01   2.887E-01
151.5  7.150E-01   2.850E-01
152.1  7.187E-01   2.813E-01
152.8  7.225E-01   2.775E-01
153.4  7.262E-01   2.738E-01
154.1  7.298E-01   2.702E-01
154.7  7.335E-01   2.665E-01
155.4  7.372E-01   2.628E-01
156.0  7.408E-01   2.592E-01
156.7  7.445E-01   2.555E-01
157.3  7.481E-01   2.519E-01
158.0  7.517E-01   2.483E-01
158.6  7.554E-01   2.446E-01
159.3  7.590E-01   2.410E-01
159.9  7.626E-01   2.374E-01
160.6  7.662E-01   2.338E-01
161.2  7.698E-01   2.302E-01
161.9  7.734E-01   2.266E-01
162.5  7.770E-01   2.230E-01
163.2  7.806E-01   2.194E-01
163.8  7.842E-01   2.158E-01
164.5  7.878E-01   2.122E-01
165.1  7.913E-01   2.087E-01
165.8  7.949E-01   2.051E-01
166.4  7.984E-01   2.016E-01
167.1  8.020E-01   1.980E-01
167.7  8.055E-01   1.945E-01
168.4  8.090E-01   1.910E-01
169.0  8.125E-01   1.875E-01
169.7  8.160E-01   1.840E-01
170.3  8.195E-01   1.805E-01
171.0  8.229E-01   1.771E-01
171.6  8.264E-01   1.736E-01
172.3  8.298E-01   1.702E-01
172.9  8.332E-01   1.668E-01
173.6  8.365E-01   1.635E-01
174.2  8.399E-01   1.601E-01
174.9  8.432E-01   1.568E-01
175.5  8.464E-01   1.536E-01
176.2  8.497E-01   1.503E-01
176.8  8.529E-01   1.471E-01
177.5  8.560E-01   1.440E-01
178.1  8.592E-01   1.408E-01
178.8  8.622E-01   1.378E-01
179.4  8.653E-01   1.347E-01
180.1  8.683E-01   1.317E-01
180.7  8.712E-01   1.288E-01
181.4  8.741E-01   1.259E-01
182.0  8.770E-01   1.230E-01
182.7  8.798E-01   1.202E-01
183.3  8.825E-01   1.175E-01
184.0  8.852E-01   1.148E-01
184.6  8.879E-01   1.121E-01
185.3  8.905E-01   1.095E-01
185.9  8.930E-01   1.070E-01
186.6  8.955E-01   1.045E-01
187.2  8.979E-01   1.021E-01
187.9  9.003E-01   9.967E-02
188.5  9.027E-01   9.733E-02
189.2  9.050E-01   9.503E-02
189.8  9.072E-01   9.278E-02
190.5  9.094E-01   9.057E-02
191.1  9.116E-01   8.841E-02
191.8  9.137E-01   8.629E-02
192.4  9.158E-01   8.421E-02
193.1  9.178E-01   8.217E-02
193.7  9.198E-01   8.016E-02
194.4  9.218E-01   7.818E-02
195.0  9.238E-01   7.624E-02
195.7  9.257E-01   7.432E-02
196.3  9.276E-01   7.244E-02
197.0  9.294E-01   7.059E-02
197.6  9.312E-01   6.876E-02
198.3  9.330E-01   6.696E-02
198.9  9.348E-01   6.519E-02
199.6  9.366E-01   6.343E-02
200.2  9.383E-01   6.170E-02
200.9  9.400E-01   5.999E-02
201.5  9.417E-01   5.830E-02
202.2  9.434E-01   5.663E-02
202.8  9.450E-01   5.498E-02
203.5  9.467E-01   5.335E-02
204.1  9.483E-01   5.173E-02
204.8  9.499E-01   5.013E-02
205.4  9.514E-01   4.855E-02
206.1  9.530E-01   4.698E-02
206.7  9.546E-01   4.543E-02
207.4  9.561E-01   4.390E-02
208.0  9.576E-01   4.237E-02
208.7  9.591E-01   4.087E-02
209.3  9.606E-01   3.938E-02
210.0  9.621E-01   3.791E-02
210.6  9.636E-01   3.645E-02
211.3  9.650E-01   3.501E-02
211.9  9.664E-01   3.358E-02
212.6  9.678E-01   3.217E-02
213.2  9.692E-01   3.078E-02
213.9  9.706E-01   2.941E-02
214.5  9.719E-01   2.807E-02
215.2  9.732E-01   2.675E-02
215.8  9.745E-01   2.546E-02
216.5  9.758E-01   2.418E-02
217.1  9.771E-01   2.293E-02
217.8  9.783E-01   2.172E-02
218.4  9.795E-01   2.054E-02
219.1  9.806E-01   1.938E-02
219.7  9.817E-01   1.826E-02
220.4  9.828E-01   1.718E-02
221.0  9.839E-01   1.613E-02
221.7  9.849E-01   1.512E-02
222.3  9.858E-01   1.416E-02
223.0  9.868E-01   1.323E-02
223.6  9.877E-01   1.235E-02
224.3  9.885E-01   1.150E-02
224.9  9.893E-01   1.070E-02
225.6  9.901E-01   9.942E-03
226.2  9.908E-01   9.224E-03
226.9  9.915E-01   8.547E-03
227.5  9.921E-01   7.910E-03
228.2  9.927E-01   7.314E-03
228.8  9.932E-01   6.756E-03
229.5  9.938E-01   6.235E-03
230.1  9.943E-01   5.749E-03
230.8  9.947E-01   5.297E-03
231.4  9.951E-01   4.878E-03
232.1  9.955E-01   4.488E-03
232.7  9.959E-01   4.127E-03
233.4  9.962E-01   3.794E-03
234.0  9.965E-01   3.486E-03
234.7  9.968E-01   3.202E-03
235.3  9.971E-01   2.941E-03
236.0  9.973E-01   2.701E-03
236.6  9.975E-01   2.480E-03
237.3  9.977E-01   2.277E-03
237.9  9.979E-01   2.090E-03
238.6  9.981E-01   1.918E-03
239.2  9.982E-01   1.760E-03
239.9  9.984E-01   1.616E-03
240.5  9.985E-01   1.486E-03
241.2  9.986E-01   1.369E-03
241.8  9.987E-01   1.260E-03
242.5  9.988E-01   1.158E-03
243.1  9.989E-01   1.063E-03
243.8  9.990E-01   9.773E-04
244.4  9.991E-01   8.988E-04
245.1  9.992E-01   8.278E-04
245.7  9.992E-01   7.629E-04
246.4  9.993E-01   7.038E-04
247.0  9.993E-01   6.505E-04
247.7  9.994E-01   6.023E-04
248.3  9.994E-01   5.585E-04
249.0  9.995E-01   5.190E-04
249.6  9.995E-01   4.834E-04
250.0  9.995E-01   4.633E-04



Output Data from Bed Number 8 is given below:
Time   CP(1,T)/CT  CP(2,T)/CT  CP(3,T)/CT  CP(4,T)/CT  CP(5,T)/CT  CP(6,T)/CT
(min)  (-)         (-)         (-)         (-)         (-)         (-)
0.0    -1.719E-06  1.000E+00
0.7    8.002E-06   1.000E+00
1.3    8.007E-06   1.000E+00
2.0    8.012E-06   1.000E+00
2.6    8.017E-06   1.000E+00
3.3    8.022E-06   1.000E+00
3.9    8.027E-06   1.000E+00
4.6    8.032E-06   1.000E+00
5.2    8.037E-06   1.000E+00
5.9    8.042E-06   1.000E+00
6.5    8.047E-06   1.000E+00
7.2    8.052E-06   1.000E+00
7.8    8.057E-06   1.000E+00
8.5    8.062E-06   1.000E+00
9.1    8.067E-06   1.000E+00
9.8    8.072E-06   1.000E+00
10.4   8.077E-06   1.000E+00
11.1   8.082E-06   1.000E+00
11.7   8.087E-06   1.000E+00
12.4   8.092E-06   1.000E+00
13.0   8.097E-06   1.000E+00
13.7   8.102E-06   1.000E+00
14.3   8.107E-06   1.000E+00
15.0   8.112E-06   1.000E+00
15.6   8.117E-06   1.000E+00
16.3   8.122E-06   1.000E+00
16.9   8.127E-06   1.000E+00
17.6   8.132E-06   1.000E+00
18.2   8.137E-06   1.000E+00
18.9   8.142E-06   1.000E+00
19.5   8.148E-06   1.000E+00
20.2   8.153E-06   1.000E+00
20.8   8.158E-06   1.000E+00
21.5   8.163E-06   1.000E+00
22.1   8.168E-06   1.000E+00
22.8   8.173E-06   1.000E+00
23.4   8.178E-06   1.000E+00
24.1   8.183E-06   1.000E+00
24.7   8.188E-06   1.000E+00
25.4   8.193E-06   1.000E+00
26.0   8.198E-06   1.000E+00
26.7   8.204E-06   1.000E+00
27.3   8.209E-06   1.000E+00
28.0   8.214E-06   1.000E+00
28.6   8.219E-06   1.000E+00
29.3   8.224E-06   1.000E+00
29.9   8.229E-06   1.000E+00
30.6   8.234E-06   1.000E+00
31.2   8.239E-06   1.000E+00
31.9   8.245E-06   1.000E+00
32.5   8.250E-06   1.000E+00
33.2   8.255E-06   1.000E+00
33.8   8.260E-06   1.000E+00
34.5   8.265E-06   1.000E+00
35.1   8.270E-06   1.000E+00
35.8   8.276E-06   1.000E+00
36.4   8.281E-06   1.000E+00
37.1   8.286E-06   1.000E+00
37.7   8.291E-06   1.000E+00
38.4   8.296E-06   1.000E+00
39.0   8.301E-06   1.000E+00
39.7   8.307E-06   1.000E+00
40.3   8.312E-06   1.000E+00
41.0   8.317E-06   1.000E+00
41.6   8.322E-06   1.000E+00
42.3   8.327E-06   1.000E+00
42.9   8.333E-06   1.000E+00
43.6   8.338E-06   1.000E+00
44.2   8.343E-06   1.000E+00
44.9   8.348E-06   1.000E+00
45.5   8.353E-06   1.000E+00
46.2   8.359E-06   1.000E+00
46.8   8.364E-06   1.000E+00
47.5   8.369E-06   1.000E+00
48.1   8.374E-06   1.000E+00
48.8   8.485E-06   1.000E+00
49.4   9.067E-06   1.000E+00
50.1   1.059E-05   1.000E+00
50.7   1.249E-05   1.000E+00
51.4   1.478E-05   1.000E+00
52.0   1.747E-05   1.000E+00
52.7   2.064E-05   1.000E+00
53.3   2.446E-05   1.000E+00
54.0   2.900E-05   1.000E+00
54.6   3.428E-05   1.000E+00
55.3   4.048E-05   1.000E+00
55.9   4.771E-05   1.000E+00
56.6   5.607E-05   9.999E-01
57.2   6.569E-05   9.999E-01
57.9   7.696E-05   9.999E-01
58.5   9.022E-05   9.999E-01
59.2   1.057E-04   9.999E-01
59.8   1.239E-04   9.999E-01
60.5   1.451E-04   9.999E-01
61.1   1.699E-04   9.998E-01
61.8   1.988E-04   9.998E-01
62.4   2.327E-04   9.998E-01
63.1   2.724E-04   9.997E-01
63.7   3.189E-04   9.997E-01
64.4   3.734E-04   9.996E-01
65.0   4.371E-04   9.996E-01
65.7   5.117E-04   9.995E-01
66.3   5.990E-04   9.994E-01
67.0   7.005E-04   9.993E-01
67.6   8.188E-04   9.992E-01
68.3   9.571E-04   9.990E-01
68.9   1.119E-03   9.989E-01
69.6   1.309E-03   9.987E-01
70.2   1.531E-03   9.985E-01
70.9   1.789E-03   9.982E-01
71.5   2.088E-03   9.979E-01
72.2   2.431E-03   9.976E-01
72.8   2.821E-03   9.972E-01
73.5   3.268E-03   9.967E-01
74.1   3.782E-03   9.962E-01
74.8   4.369E-03   9.956E-01
75.4   5.038E-03   9.950E-01
76.1   5.806E-03   9.942E-01
76.7   6.688E-03   9.933E-01
77.4   7.695E-03   9.923E-01
78.0   8.837E-03   9.912E-01
78.7   1.013E-02   9.899E-01
79.3   1.160E-02   9.884E-01
80.0   1.326E-02   9.867E-01
80.6   1.513E-02   9.849E-01
81.3   1.721E-02   9.828E-01
81.9   1.952E-02   9.805E-01
82.6   2.206E-02   9.779E-01
83.2   2.484E-02   9.752E-01
83.9   2.782E-02   9.722E-01
84.5   3.100E-02   9.690E-01
85.2   3.432E-02   9.657E-01
85.8   3.773E-02   9.623E-01
86.5   4.118E-02   9.588E-01
87.1   4.458E-02   9.554E-01
87.8   4.790E-02   9.521E-01
88.4   5.111E-02   9.489E-01
89.1   5.418E-02   9.458E-01
89.7   5.715E-02   9.428E-01
90.4   6.006E-02   9.399E-01
91.0   6.294E-02   9.371E-01
91.7   6.585E-02   9.342E-01
92.3   6.880E-02   9.312E-01
93.0   7.184E-02   9.282E-01
93.6   7.498E-02   9.250E-01
94.3   7.823E-02   9.218E-01
94.9   8.161E-02   9.184E-01
95.6   8.512E-02   9.149E-01
96.2   8.878E-02   9.112E-01
96.9   9.259E-02   9.074E-01
97.5   9.657E-02   9.034E-01
98.2   1.007E-01   8.993E-01
98.8   1.051E-01   8.949E-01
99.5   1.096E-01   8.904E-01
100.1  1.143E-01   8.857E-01
100.8  1.192E-01   8.808E-01
101.4  1.243E-01   8.757E-01
102.1  1.296E-01   8.704E-01
102.7  1.351E-01   8.649E-01
103.4  1.408E-01   8.592E-01
104.0  1.466E-01   8.534E-01
104.7  1.526E-01   8.474E-01
105.3  1.587E-01   8.413E-01
106.0  1.650E-01   8.350E-01
106.6  1.715E-01   8.285E-01
107.3  1.781E-01   8.219E-01
107.9  1.848E-01   8.152E-01
108.6  1.917E-01   8.083E-01
109.2  1.986E-01   8.014E-01
109.9  2.057E-01   7.943E-01
110.5  2.129E-01   7.871E-01
111.2  2.202E-01   7.798E-01
111.8  2.276E-01   7.724E-01
112.5  2.349E-01   7.651E-01
113.1  2.424E-01   7.576E-01
113.8  2.498E-01   7.502E-01
114.4  2.571E-01   7.429E-01
115.1  2.645E-01   7.355E-01
115.7  2.717E-01   7.283E-01
116.4  2.788E-01   7.212E-01
117.0  2.858E-01   7.142E-01
117.7  2.926E-01   7.074E-01
118.3  2.992E-01   7.008E-01
119.0  3.056E-01   6.944E-01
119.6  3.119E-01   6.881E-01
120.3  3.179E-01   6.821E-01
120.9  3.238E-01   6.762E-01
121.6  3.295E-01   6.705E-01
122.2  3.350E-01   6.650E-01
122.9  3.404E-01   6.596E-01
123.5  3.458E-01   6.542E-01
124.2  3.510E-01   6.490E-01
124.8  3.562E-01   6.438E-01
125.5  3.613E-01   6.387E-01
126.1  3.664E-01   6.336E-01
126.8  3.715E-01   6.285E-01
127.4  3.767E-01   6.233E-01
128.1  3.818E-01   6.182E-01
128.7  3.869E-01   6.131E-01
129.4  3.921E-01   6.079E-01
130.0  3.973E-01   6.027E-01
130.7  4.026E-01   5.974E-01
131.3  4.078E-01   5.922E-01
132.0  4.132E-01   5.868E-01
132.6  4.185E-01   5.815E-01
133.3  4.239E-01   5.761E-01
133.9  4.293E-01   5.707E-01
134.6  4.348E-01   5.652E-01
135.2  4.404E-01   5.596E-01
135.9  4.459E-01   5.541E-01
136.5  4.515E-01   5.485E-01
137.2  4.572E-01   5.428E-01
137.8  4.629E-01   5.371E-01
138.5  4.687E-01   5.313E-01
139.1  4.745E-01   5.255E-01
139.8  4.803E-01   5.197E-01
140.4  4.861E-01   5.139E-01
141.1  4.920E-01   5.080E-01
141.7  4.980E-01   5.020E-01
142.4  5.039E-01   4.961E-01
143.0  5.099E-01   4.901E-01
143.7  5.158E-01   4.842E-01
144.3  5.218E-01   4.782E-01
145.0  5.278E-01   4.722E-01
145.6  5.338E-01   4.662E-01
146.3  5.397E-01   4.603E-01
146.9  5.457E-01   4.543E-01
147.6  5.516E-01   4.484E-01
148.2  5.575E-01   4.425E-01
148.9  5.634E-01   4.366E-01
149.5  5.692E-01   4.308E-01
150.2  5.750E-01   4.250E-01
150.8  5.807E-01   4.193E-01
151.5  5.864E-01   4.136E-01
152.1  5.920E-01   4.080E-01
152.8  5.976E-01   4.024E-01
153.4  6.030E-01   3.970E-01
154.1  6.084E-01   3.916E-01
154.7  6.138E-01   3.862E-01
155.4  6.190E-01   3.810E-01
156.0  6.242E-01   3.758E-01
156.7  6.292E-01   3.708E-01
157.3  6.342E-01   3.658E-01
158.0  6.391E-01   3.609E-01
158.6  6.439E-01   3.561E-01
159.3  6.486E-01   3.514E-01
159.9  6.532E-01   3.468E-01
160.6  6.577E-01   3.423E-01
161.2  6.621E-01   3.379E-01
161.9  6.665E-01   3.335E-01
162.5  6.707E-01   3.293E-01
163.2  6.749E-01   3.251E-01
163.8  6.791E-01   3.209E-01
164.5  6.832E-01   3.168E-01
165.1  6.872E-01   3.128E-01
165.8  6.911E-01   3.089E-01
166.4  6.951E-01   3.049E-01
167.1  6.989E-01   3.011E-01
167.7  7.028E-01   2.972E-01
168.4  7.066E-01   2.934E-01
169.0  7.104E-01   2.896E-01
169.7  7.141E-01   2.859E-01
170.3  7.178E-01   2.822E-01
171.0  7.216E-01   2.784E-01
171.6  7.253E-01   2.747E-01
172.3  7.289E-01   2.711E-01
172.9  7.326E-01   2.674E-01
173.6  7.363E-01   2.637E-01
174.2  7.399E-01   2.601E-01
174.9  7.436E-01   2.564E-01
175.5  7.472E-01   2.528E-01
176.2  7.508E-01   2.492E-01
176.8  7.545E-01   2.455E-01
177.5  7.581E-01   2.419E-01
178.1  7.617E-01   2.383E-01
178.8  7.653E-01   2.347E-01
179.4  7.689E-01   2.311E-01
180.1  7.725E-01   2.275E-01
180.7  7.761E-01   2.239E-01
181.4  7.797E-01   2.203E-01
182.0  7.833E-01   2.167E-01
182.7  7.869E-01   2.131E-01
183.3  7.905E-01   2.095E-01
184.0  7.940E-01   2.060E-01
184.6  7.976E-01   2.024E-01
185.3  8.011E-01   1.989E-01
185.9  8.047E-01   1.953E-01
186.6  8.082E-01   1.918E-01
187.2  8.117E-01   1.883E-01
187.9  8.152E-01   1.848E-01
188.5  8.187E-01   1.813E-01
189.2  8.221E-01   1.779E-01
189.8  8.256E-01   1.744E-01
190.5  8.290E-01   1.710E-01
191.1  8.324E-01   1.676E-01
191.8  8.357E-01   1.643E-01
192.4  8.391E-01   1.609E-01
193.1  8.424E-01   1.576E-01
193.7  8.457E-01   1.543E-01
194.4  8.489E-01   1.511E-01
195.0  8.521E-01   1.479E-01
195.7  8.553E-01   1.447E-01
196.3  8.584E-01   1.416E-01
197.0  8.615E-01   1.385E-01
197.6  8.646E-01   1.354E-01
198.3  8.676E-01   1.324E-01
198.9  8.705E-01   1.295E-01
199.6  8.734E-01   1.266E-01
200.2  8.763E-01   1.237E-01
200.9  8.791E-01   1.209E-01
201.5  8.819E-01   1.181E-01
202.2  8.846E-01   1.154E-01
202.8  8.872E-01   1.128E-01
203.5  8.899E-01   1.101E-01
204.1  8.924E-01   1.076E-01
204.8  8.949E-01   1.051E-01
205.4  8.974E-01   1.026E-01
206.1  8.998E-01   1.002E-01
206.7  9.021E-01   9.788E-02
207.4  9.044E-01   9.557E-02
208.0  9.067E-01   9.331E-02
208.7  9.089E-01   9.109E-02
209.3  9.111E-01   8.892E-02
210.0  9.132E-01   8.679E-02
210.6  9.153E-01   8.470E-02
211.3  9.174E-01   8.265E-02
211.9  9.194E-01   8.063E-02
212.6  9.214E-01   7.865E-02
213.2  9.233E-01   7.669E-02
213.9  9.252E-01   7.477E-02
214.5  9.271E-01   7.288E-02
215.2  9.290E-01   7.102E-02
215.8  9.308E-01   6.919E-02
216.5  9.326E-01   6.739E-02
217.1  9.344E-01   6.561E-02
217.8  9.362E-01   6.385E-02
218.4  9.379E-01   6.211E-02
219.1  9.396E-01   6.039E-02
219.7  9.413E-01   5.870E-02
220.4  9.430E-01   5.703E-02
221.0  9.446E-01   5.537E-02
221.7  9.463E-01   5.373E-02
222.3  9.479E-01   5.211E-02
223.0  9.495E-01   5.051E-02
223.6  9.511E-01   4.892E-02
224.3  9.526E-01   4.735E-02
224.9  9.542E-01   4.580E-02
225.6  9.557E-01   4.426E-02
226.2  9.573E-01   4.273E-02
226.9  9.588E-01   4.122E-02
227.5  9.603E-01   3.972E-02
228.2  9.618E-01   3.824E-02
228.8  9.632E-01   3.678E-02
229.5  9.647E-01   3.534E-02
230.1  9.661E-01   3.391E-02
230.8  9.675E-01   3.250E-02
231.4  9.689E-01   3.111E-02
232.1  9.703E-01   2.973E-02
232.7  9.716E-01   2.838E-02
233.4  9.729E-01   2.705E-02
234.0  9.742E-01   2.575E-02
234.7  9.755E-01   2.447E-02
235.3  9.768E-01   2.322E-02
236.0  9.780E-01   2.200E-02
236.6  9.792E-01   2.080E-02
237.3  9.804E-01   1.964E-02
237.9  9.815E-01   1.852E-02
238.6  9.826E-01   1.743E-02
239.2  9.836E-01   1.637E-02
239.9  9.846E-01   1.535E-02
240.5  9.856E-01   1.438E-02
241.2  9.866E-01   1.344E-02
241.8  9.874E-01   1.255E-02
242.5  9.883E-01   1.170E-02
243.1  9.891E-01   1.088E-02
243.8  9.899E-01   1.011E-02
244.4  9.906E-01   9.383E-03
245.1  9.913E-01   8.697E-03
245.7  9.919E-01   8.051E-03
246.4  9.926E-01   7.446E-03
247.0  9.931E-01   6.879E-03
247.7  9.937E-01   6.349E-03
248.3  9.941E-01   5.856E-03
249.0  9.946E-01   5.397E-03
249.6  9.950E-01   4.976E-03
250.0  9.953E-01   4.736E-03
