Output Data from Bed Number 1 is given below:
Time   CP(1,T)/CT  CP(2,T)/CT  CP(3,T)/CT  CP(4,T)/CT  CP(5,T)/CT  CP(6,T)/CT
(min)  (-)         (-)         (-)         (-)         (-)         (-)
0.0    -2.332E-04  1.000E+00
1.3    -3.524E-05  1.000E+00
2.5    -1.744E-05  1.000E+00
3.8    7.304E-06   1.000E+00
5.0    1.949E-05   1.000E+00
6.3    2.631E-05   1.000E+00
7.6    4.595E-05   1.000E+00
8.8    9.192E-05   9.999E-01
10.1   4.552E-07   1.000E+00
11.3   1.092E-04   9.999E-01
12.6   1.690E-04   9.998E-01
13.9   9.004E-05   9.999E-01
15.1   7.157E-05   9.999E-01
16.4   7.163E-05   9.999E-01
17.6   6.261E-05   9.999E-01
18.9   4.988E-05   1.000E+00
20.2   3.778E-05   1.000E+00
21.4   2.746E-05   1.000E+00
22.7   1.942E-05   1.000E+00
23.9   1.079E-05   1.000E+00
25.2   1.158E-06   1.000E+00
26.5   2.559E-05   1.000E+00
27.7   -1.041E-07  1.000E+00
29.0   -7.472E-06  1.000E+00
30.2   -1.571E-05  1.000E+00
31.5   5.425E-06   1.000E+00
32.8   1.936E-04   9.998E-01
34.0   8.738E-05   9.999E-01
35.3   1.093E-04   9.999E-01
36.5   1.515E-04   9.998E-01
37.8   1.960E-04   9.998E-01
39.1   2.430E-04   9.998E-01
40.3   2.943E-04   9.997E-01
41.6   3.477E-04   9.997E-01
42.8   4.085E-04   9.996E-01
44.1   4.784E-04   9.995E-01
45.4   5.552E-04   9.994E-01
46.6   6.420E-04   9.994E-01
47.9   7.387E-04   9.993E-01
49.1   8.445E-04   9.992E-01
50.4   9.617E-04   9.990E-01
51.7   1.092E-03   9.989E-01
52.9   1.233E-03   9.988E-01
54.2   1.387E-03   9.986E-01
55.4   1.554E-03   9.984E-01
56.7   1.736E-03   9.983E-01
58.0   1.932E-03   9.981E-01
59.2   2.144E-03   9.979E-01
60.5   2.372E-03   9.976E-01
61.7   2.618E-03   9.974E-01
63.0   2.882E-03   9.971E-01
64.3   3.166E-03   9.968E-01
65.5   3.469E-03   9.965E-01
66.8   3.793E-03   9.962E-01
68.0   4.138E-03   9.959E-01
69.3   4.506E-03   9.955E-01
70.6   4.896E-03   9.951E-01
71.8   5.311E-03   9.947E-01
73.1   5.750E-03   9.942E-01
74.3   6.215E-03   9.938E-01
75.6   6.705E-03   9.933E-01
76.9   7.223E-03   9.928E-01
78.1   7.768E-03   9.922E-01
79.4   8.342E-03   9.917E-01
80.6   8.944E-03   9.911E-01
81.9   9.577E-03   9.904E-01
83.2   1.024E-02   9.898E-01
84.4   1.093E-02   9.891E-01
85.7   1.166E-02   9.883E-01
86.9   1.242E-02   9.876E-01
88.2   1.321E-02   9.868E-01
89.5   1.404E-02   9.860E-01
90.7   1.490E-02   9.851E-01
92.0   1.580E-02   9.842E-01
93.2   1.673E-02   9.833E-01
94.5   1.770E-02   9.823E-01
95.8   1.871E-02   9.813E-01
97.0   1.975E-02   9.802E-01
98.3   2.083E-02   9.792E-01
99.5   2.196E-02   9.780E-01
100.8  2.312E-02   9.769E-01
102.1  2.432E-02   9.757E-01
103.3  2.557E-02   9.744E-01
104.6  2.685E-02   9.731E-01
105.8  2.818E-02   9.718E-01
107.1  2.955E-02   9.705E-01
108.4  3.096E-02   9.690E-01
109.6  3.242E-02   9.676E-01
110.9  3.392E-02   9.661E-01
112.1  3.547E-02   9.645E-01
113.4  3.706E-02   9.629E-01
114.7  3.869E-02   9.613E-01
115.9  4.038E-02   9.596E-01
117.2  4.211E-02   9.579E-01
118.4  4.388E-02   9.561E-01
119.7  4.571E-02   9.543E-01
121.0  4.758E-02   9.524E-01
122.2  4.950E-02   9.505E-01
123.5  5.147E-02   9.485E-01
124.7  5.348E-02   9.465E-01
126.0  5.555E-02   9.445E-01
127.3  5.766E-02   9.423E-01
128.5  5.983E-02   9.402E-01
129.8  6.205E-02   9.380E-01
131.0  6.431E-02   9.357E-01
132.3  6.663E-02   9.334E-01
133.6  6.899E-02   9.310E-01
134.8  7.141E-02   9.286E-01
136.1  7.388E-02   9.261E-01
137.3  7.640E-02   9.236E-01
138.6  7.898E-02   9.210E-01
139.9  8.160E-02   9.184E-01
141.1  8.428E-02   9.157E-01
142.4  8.701E-02   9.130E-01
143.6  8.980E-02   9.102E-01
144.9  9.263E-02   9.074E-01
146.2  9.552E-02   9.045E-01
147.4  9.846E-02   9.015E-01
148.7  1.015E-01   8.985E-01
149.9  1.045E-01   8.955E-01
151.2  1.076E-01   8.924E-01
152.5  1.108E-01   8.892E-01
153.7  1.140E-01   8.860E-01
155.0  1.172E-01   8.828E-01
156.2  1.205E-01   8.795E-01
157.5  1.239E-01   8.761E-01
158.8  1.273E-01   8.727E-01
160.0  1.308E-01   8.692E-01
161.3  1.343E-01   8.657E-01
162.5  1.379E-01   8.621E-01
163.8  1.415E-01   8.585E-01
165.1  1.452E-01   8.548E-01
166.3  1.490E-01   8.510E-01
167.6  1.528E-01   8.472E-01
168.8  1.566E-01   8.434E-01
170.1  1.605E-01   8.395E-01
171.4  1.644E-01   8.356E-01
172.6  1.684E-01   8.316E-01
173.9  1.725E-01   8.275E-01
175.1  1.766E-01   8.234E-01
176.4  1.807E-01   8.193E-01
177.7  1.849E-01   8.151E-01
178.9  1.892E-01   8.108E-01
180.2  1.934E-01   8.066E-01
181.4  1.978E-01   8.022E-01
182.7  2.022E-01   7.978E-01
184.0  2.066E-01   7.934E-01
185.2  2.111E-01   7.889E-01
186.5  2.156E-01   7.844E-01
187.7  2.202E-01   7.798E-01
189.0  2.248E-01   7.752E-01
190.3  2.295E-01   7.705E-01
191.5  2.342E-01   7.658E-01
192.8  2.390E-01   7.610E-01
194.0  2.438E-01   7.562E-01
195.3  2.486E-01   7.514E-01
196.6  2.535E-01   7.465E-01
197.8  2.584E-01   7.416E-01
199.1  2.634E-01   7.366E-01
200.3  2.684E-01   7.316E-01
201.6  2.734E-01   7.266E-01
202.9  2.785E-01   7.215E-01
204.1  2.836E-01   7.164E-01
205.4  2.887E-01   7.113E-01
206.6  2.939E-01   7.061E-01
207.9  2.991E-01   7.009E-01
209.2  3.044E-01   6.956E-01
210.4  3.097E-01   6.903E-01
211.7  3.150E-01   6.850E-01
212.9  3.203E-01   6.797E-01
214.2  3.257E-01   6.743E-01
215.5  3.311E-01   6.689E-01
216.7  3.365E-01   6.635E-01
218.0  3.420E-01   6.580E-01
219.2  3.475E-01   6.525E-01
220.5  3.530E-01   6.470E-01
221.8  3.585E-01   6.415E-01
223.0  3.641E-01   6.359E-01
224.3  3.696E-01   6.304E-01
225.5  3.752E-01   6.248E-01
226.8  3.808E-01   6.192E-01
228.1  3.865E-01   6.135E-01
229.3  3.921E-01   6.079E-01
230.6  3.978E-01   6.022E-01
231.8  4.035E-01   5.965E-01
233.1  4.091E-01   5.909E-01
234.4  4.148E-01   5.852E-01
235.6  4.206E-01   5.794E-01
236.9  4.263E-01   5.737E-01
238.1  4.320E-01   5.680E-01
239.4  4.377E-01   5.623E-01
240.7  4.435E-01   5.565E-01
241.9  4.492E-01   5.508E-01
243.2  4.550E-01   5.450E-01
244.4  4.607E-01   5.393E-01
245.7  4.665E-01   5.335E-01
247.0  4.723E-01   5.277E-01
248.2  4.780E-01   5.220E-01
249.5  4.838E-01   5.162E-01
250.7  4.895E-01   5.105E-01
252.0  4.953E-01   5.047E-01
253.3  5.010E-01   4.990E-01
254.5  5.068E-01   4.932E-01
255.8  5.125E-01   4.875E-01
257.0  5.183E-01   4.817E-01
258.3  5.240E-01   4.760E-01
259.6  5.297E-01   4.703E-01
260.8  5.354E-01   4.646E-01
262.1  5.411E-01   4.589E-01
263.3  5.467E-01   4.533E-01
264.6  5.524E-01   4.476E-01
265.9  5.580E-01   4.420E-01
267.1  5.637E-01   4.363E-01
268.4  5.693E-01   4.307E-01
269.6  5.749E-01   4.251E-01
270.9  5.804E-01   4.196E-01
272.2  5.860E-01   4.140E-01
273.4  5.915E-01   4.085E-01
274.7  5.970E-01   4.030E-01
275.9  6.025E-01   3.975E-01
277.2  6.080E-01   3.920E-01
278.5  6.134E-01   3.866E-01
279.7  6.188E-01   3.812E-01
281.0  6.242E-01   3.758E-01
282.2  6.296E-01   3.704E-01
283.5  6.349E-01   3.651E-01
284.8  6.402E-01   3.598E-01
286.0  6.454E-01   3.546E-01
287.3  6.506E-01   3.494E-01
288.5  6.558E-01   3.442E-01
289.8  6.609E-01   3.391E-01
291.1  6.660E-01   3.340E-01
292.3  6.710E-01   3.290E-01
293.6  6.760E-01   3.240E-01
294.8  6.810E-01   3.190E-01
296.1  6.860E-01   3.140E-01
297.4  6.909E-01   3.091E-01
298.6  6.959E-01   3.041E-01
299.9  7.007E-01   2.993E-01
301.1  7.056E-01   2.944E-01
302.4  7.103E-01   2.897E-01
303.7  7.151E-01   2.849E-01
304.9  7.198E-01   2.802E-01
306.2  7.245E-01   2.755E-01
307.4  7.291E-01   2.709E-01
308.7  7.337E-01   2.663E-01
310.0  7.383E-01   2.617E-01
311.2  7.427E-01   2.573E-01
312.5  7.472E-01   2.528E-01
313.7  7.515E-01   2.485E-01
315.0  7.559E-01   2.441E-01
316.3  7.602E-01   2.398E-01
317.5  7.644E-01   2.356E-01
318.8  7.686E-01   2.314E-01
320.0  7.727E-01   2.273E-01
321.3  7.768E-01   2.232E-01
322.6  7.809E-01   2.191E-01
323.8  7.849E-01   2.151E-01
325.1  7.888E-01   2.112E-01
326.3  7.927E-01   2.073E-01
327.6  7.966E-01   2.034E-01
328.9  8.004E-01   1.996E-01
330.1  8.042E-01   1.958E-01
331.4  8.079E-01   1.921E-01
332.6  8.116E-01   1.884E-01
333.9  8.152E-01   1.848E-01
335.2  8.188E-01   1.812E-01
336.4  8.223E-01   1.777E-01
337.7  8.258E-01   1.742E-01
338.9  8.292E-01   1.708E-01
340.2  8.326E-01   1.674E-01
341.5  8.359E-01   1.641E-01
342.7  8.392E-01   1.608E-01
344.0  8.424E-01   1.576E-01
345.2  8.456E-01   1.544E-01
346.5  8.488E-01   1.512E-01
347.8  8.519E-01   1.481E-01
349.0  8.549E-01   1.451E-01
350.3  8.579E-01   1.421E-01
351.5  8.609E-01   1.391E-01
352.8  8.638E-01   1.362E-01
354.1  8.666E-01   1.334E-01
355.3  8.694E-01   1.306E-01
356.6  8.722E-01   1.278E-01
357.8  8.749E-01   1.251E-01
359.1  8.776E-01   1.224E-01
360.4  8.802E-01   1.198E-01
361.6  8.828E-01   1.172E-01
362.9  8.854E-01   1.146E-01
364.1  8.879E-01   1.121E-01
365.4  8.903E-01   1.097E-01
366.7  8.927E-01   1.073E-01
367.9  8.951E-01   1.049E-01
369.2  8.974E-01   1.026E-01
370.4  8.997E-01   1.003E-01
371.7  9.019E-01   9.808E-02
373.0  9.041E-01   9.589E-02
374.2  9.063E-01   9.373E-02
375.5  9.084E-01   9.161E-02
376.7  9.105E-01   8.954E-02
378.0  9.125E-01   8.750E-02
379.3  9.145E-01   8.550E-02
380.5  9.165E-01   8.355E-02
381.8  9.184E-01   8.163E-02
383.0  9.203E-01   7.975E-02
384.3  9.221E-01   7.790E-02
385.6  9.239E-01   7.609E-02
386.8  9.257E-01   7.432E-02
388.1  9.274E-01   7.258E-02
389.3  9.291E-01   7.088E-02
390.6  9.308E-01   6.921E-02
391.9  9.324E-01   6.758E-02
393.1  9.340E-01   6.598E-02
394.4  9.356E-01   6.442E-02
395.6  9.371E-01   6.288E-02
396.9  9.386E-01   6.138E-02
398.2  9.401E-01   5.991E-02
399.4  9.415E-01   5.848E-02
400.7  9.429E-01   5.707E-02
401.9  9.443E-01   5.569E-02
403.2  9.457E-01   5.435E-02
404.5  9.470E-01   5.303E-02
405.7  9.483E-01   5.174E-02
407.0  9.495E-01   5.048E-02
408.2  9.507E-01   4.925E-02
409.5  9.520E-01   4.805E-02
410.8  9.531E-01   4.687E-02
412.0  9.543E-01   4.572E-02
413.3  9.554E-01   4.459E-02
414.5  9.565E-01   4.349E-02
415.8  9.576E-01   4.241E-02
417.1  9.586E-01   4.136E-02
418.3  9.597E-01   4.033E-02
419.6  9.607E-01   3.933E-02
420.8  9.616E-01   3.835E-02
422.1  9.626E-01   3.739E-02
423.4  9.635E-01   3.646E-02
424.6  9.645E-01   3.554E-02
425.9  9.653E-01   3.465E-02
427.1  9.662E-01   3.378E-02
428.4  9.671E-01   3.293E-02
429.7  9.679E-01   3.210E-02
430.9  9.687E-01   3.129E-02
432.2  9.695E-01   3.049E-02
433.4  9.703E-01   2.972E-02
434.7  9.710E-01   2.897E-02
436.0  9.718E-01   2.823E-02
437.2  9.725E-01   2.751E-02
438.5  9.732E-01   2.681E-02
439.7  9.739E-01   2.613E-02
441.0  9.745E-01   2.546E-02
442.3  9.752E-01   2.481E-02
443.5  9.758E-01   2.417E-02
444.8  9.764E-01   2.355E-02
446.0  9.771E-01   2.295E-02
447.3  9.776E-01   2.236E-02
448.6  9.782E-01   2.178E-02
449.8  9.788E-01   2.122E-02
450.0  9.789E-01   2.114E-02
