  1      0.      .0     .100E-02
  1     30.      .5     .985E-03
  1     60.     1.0     .971E-03
  1     90.     1.5     .956E-03
  1    120.     2.0     .942E-03
  1    150.     2.5     .927E-03
  1    180.     3.0     .913E-03
  1    210.     3.5     .899E-03
  1    240.     4.0     .886E-03
  1    270.     4.5     .872E-03
  1    300.     5.0     .859E-03
  1    330.     5.5     .845E-03
  1    360.     6.0     .832E-03
  1    390.     6.5     .819E-03
  1    420.     7.0     .806E-03
  1    450.     7.5     .793E-03
  1    480.     8.0     .780E-03
  1    510.     8.5     .768E-03
  1    540.     9.0     .756E-03
  1    570.     9.5     .743E-03
  1    600.    10.0     .731E-03
  1    630.    10.5     .719E-03
  1    660.    11.0     .707E-03
  1    690.    11.5     .696E-03
  1    720.    12.0     .684E-03
  1    750.    12.5     .673E-03
  1    780.    13.0     .662E-03
  1    810.    13.5     .651E-03
  1    840.    14.0     .640E-03
  1    870.    14.5     .629E-03
  1    900.    15.0     .618E-03
  1    930.    15.5     .608E-03
  1    960.    16.0     .597E-03
  1    990.    16.5     .587E-03
  1   1020.    17.0     .577E-03
  1   1050.    17.5     .567E-03
  1   1080.    18.0     .557E-03
  1   1110.    18.5     .547E-03
  1   1140.    19.0     .538E-03
  1   1170.    19.5     .528E-03
  1   1200.    20.0     .519E-03
  1   1230.    20.5     .510E-03
  1   1260.    21.0     .501E-03
  1   1290.    21.5     .492E-03
  1   1320.    22.0     .483E-03
  1   1350.    22.5     .475E-03
  1   1380.    23.0     .466E-03
  1   1410.    23.5     .458E-03
  1   1440.    24.0     .449E-03
  1   1470.    24.5     .441E-03
  1   1500.    25.0     .433E-03
