  1      0.      .0     .000E+00
  1     30.      .5     .130E-05
  1     60.     1.0     .128E-05
  1     90.     1.5     .125E-05
  1    120.     2.0     .123E-05
  1    150.     2.5     .121E-05
  1    180.     3.0     .119E-05
  1    210.     3.5     .116E-05
  1    240.     4.0     .114E-05
  1    270.     4.5     .112E-05
  1    300.     5.0     .110E-05
  1    330.     5.5     .108E-05
  1    360.     6.0     .106E-05
  1    390.     6.5     .104E-05
  1    420.     7.0     .102E-05
  1    450.     7.5     .995E-06
  1    480.     8.0     .976E-06
  1    510.     8.5     .956E-06
  1    540.     9.0     .936E-06
  1    570.     9.5     .917E-06
  1    600.    10.0     .899E-06
  1    630.    10.5     .880E-06
  1    660.    11.0     .862E-06
  1    690.    11.5     .844E-06
  1    720.    12.0     .826E-06
  1    750.    12.5     .808E-06
  1    780.    13.0     .791E-06
  1    810.    13.5     .774E-06
  1    840.    14.0     .758E-06
  1    870.    14.5     .742E-06
  1    900.    15.0     .725E-06
  1    930.    15.5     .710E-06
  1    960.    16.0     .694E-06
  1    990.    16.5     .679E-06
  1   1020.    17.0     .664E-06
  1   1050.    17.5     .649E-06
  1   1080.    18.0     .635E-06
  1   1110.    18.5     .620E-06
  1   1140.    19.0     .606E-06
  1   1170.    19.5     .593E-06
  1   1200.    20.0     .580E-06
  1   1230.    20.5     .566E-06
  1   1260.    21.0     .554E-06
  1   1290.    21.5     .541E-06
  1   1320.    22.0     .529E-06
  1   1350.    22.5     .517E-06
  1   1380.    23.0     .505E-06
  1   1410.    23.5     .493E-06
  1   1440.    24.0     .482E-06
  1   1470.    24.5     .471E-06
  1   1500.    25.0     .460E-06
