"Results file for PSDM - Windows - Version 1.40"
"Time(min)    BVT(-)   VTM(m^3/kg)   New Component          "

19000.00       2021.20       4.49          0.000
19600.00       2085.03       4.64          -0.001
20200.00       2148.85       4.78          -0.001
20800.00       2212.68       4.92          -0.001
21400.00       2276.51       5.06          -0.002
22000.00       2340.33       5.20          -0.002
22600.00       2404.16       5.35          -0.002
23200.00       2467.99       5.49          -0.002
23800.00       2531.82       5.63          -0.003
24400.00       2595.64       5.77          -0.003
25000.00       2659.47       5.91          -0.002
25600.00       2723.30       6.06          -0.002
26200.00       2787.13       6.20          -0.002
26800.00       2850.95       6.34          -0.001
27400.00       2914.78       6.48          0.000
28000.00       2978.61       6.62          0.000
28600.00       3042.43       6.77          0.001
29200.00       3106.26       6.91          0.001
29800.00       3170.09       7.05          0.002
30400.00       3233.92       7.19          0.002
31000.00       3297.74       7.33          0.002
31600.00       3361.57       7.48          0.003
32200.00       3425.40       7.62          0.003
32800.00       3489.23       7.76          0.004
33400.00       3553.05       7.90          0.004
34000.00       3616.88       8.04          0.005
34600.00       3680.71       8.19          0.005
35200.00       3744.54       8.33          0.004
35800.00       3808.36       8.47          0.004
36400.00       3872.19       8.61          0.003
37000.00       3936.02       8.75          0.002
37600.00       3999.84       8.90          0.001
38200.00       4063.67       9.04          -0.001
38800.00       4127.50       9.18          -0.002
39400.00       4191.33       9.32          -0.002
40000.00       4255.15       9.46          0.003
40600.00       4318.98       9.60          0.018
41200.00       4382.81       9.75          0.046
41800.00       4446.64       9.89          0.096
42400.00       4510.46       10.03          0.174
43000.00       4574.29       10.17          0.283
43600.00       4638.12       10.31          0.408
44200.00       4701.94       10.46          0.530
44800.00       4765.77       10.60          0.634
45400.00       4829.60       10.74          0.721
46000.00       4893.43       10.88          0.788
46600.00       4957.25       11.02          0.838
47200.00       5021.08       11.17          0.876
47800.00       5084.91       11.31          0.903
48400.00       5148.74       11.45          0.923
49000.00       5212.56       11.59          0.937
49600.00       5276.39       11.73          0.947
50200.00       5340.22       11.88          0.955
50800.00       5404.05       12.02          0.961
51400.00       5467.87       12.16          0.967
52000.00       5531.70       12.30          0.971
52600.00       5595.53       12.44          0.976
53200.00       5659.35       12.59          0.979
53800.00       5723.18       12.73          0.983
54400.00       5787.01       12.87          0.986
55000.00       5850.84       13.01          0.989
55600.00       5914.66       13.15          0.992
56200.00       5978.49       13.30          0.994
56800.00       6042.32       13.44          0.996
57400.00       6106.15       13.58          0.997
58000.00       6169.97       13.72          0.998
58600.00       6233.80       13.86          0.999
59200.00       6297.63       14.01          1.000
59800.00       6361.45       14.15          1.000
60400.00       6425.28       14.29          1.001
61000.00       6489.11       14.43          1.001
61600.00       6552.94       14.57          1.001
62200.00       6616.76       14.71          1.001
62800.00       6680.59       14.86          1.001
63400.00       6744.42       15.00          1.001
64000.00       6808.25       15.14          1.001
64600.00       6872.07       15.28          1.001
65200.00       6935.90       15.42          1.001
65800.00       6999.73       15.57          1.001
66400.00       7063.55       15.71          1.000
67000.00       7127.38       15.85          1.000
67600.00       7191.21       15.99          1.000
68200.00       7255.04       16.13          1.000
68800.00       7318.86       16.28          1.000
69400.00       7382.69       16.42          1.000
70000.00       7446.52       16.56          1.000
70600.00       7510.35       16.70          1.000
71200.00       7574.17       16.84          0.999
71800.00       7638.00       16.99          0.999
72400.00       7701.83       17.13          0.999
73000.00       7765.66       17.27          1.000
73600.00       7829.48       17.41          1.000
74200.00       7893.31       17.55          1.000
74800.00       7957.14       17.70          1.000
75400.00       8020.96       17.84          1.000
76000.00       8084.79       17.98          1.000
76600.00       8148.62       18.12          1.000
77200.00       8212.45       18.26          1.000
77800.00       8276.27       18.41          1.000
78400.00       8340.10       18.55          1.000
79000.00       8403.93       18.69          1.000
79600.00       8467.76       18.83          1.000
80200.00       8531.58       18.97          1.000
80800.00       8595.41       19.12          1.000
81400.00       8659.24       19.26          1.000
82000.00       8723.06       19.40          1.000
82600.00       8786.89       19.54          1.000
83200.00       8850.72       19.68          1.000
83800.00       8914.55       19.82          1.000
84400.00       8978.37       19.97          1.000
85000.00       9042.20       20.11          1.000
85600.00       9106.03       20.25          1.000
86200.00       9169.86       20.39          1.000
86800.00       9233.68       20.53          1.000
87400.00       9297.51       20.68          1.000
88000.00       9361.34       20.82          1.000
88600.00       9425.17       20.96          1.000
89200.00       9488.99       21.10          1.000
89800.00       9552.82       21.24          1.000
90400.00       9616.65       21.39          1.000
91000.00       9680.47       21.53          1.000
91600.00       9744.30       21.67          1.000
92200.00       9808.13       21.81          1.000
92800.00       9871.96       21.95          1.000
93400.00       9935.78       22.10          1.000
94000.00       9999.61       22.24          1.000
94600.00       10063.44       22.38          1.000
95200.00       10127.27       22.52          1.000
95800.00       10191.09       22.66          1.000
96400.00       10254.92       22.81          1.000
97000.00       10318.75       22.95          1.000
97600.00       10382.57       23.09          1.000
98200.00       10446.40       23.23          1.000
98800.00       10510.23       23.37          1.000
99400.00       10574.06       23.52          1.000
100000.00       10637.88       23.66          1.000
100600.00       10701.71       23.80          1.000
101200.00       10765.54       23.94          1.000
101800.00       10829.37       24.08          1.000
102400.00       10893.19       24.23          1.000
103000.00       10957.02       24.37          1.000
103600.00       11020.85       24.51          1.000
104200.00       11084.68       24.65          1.000
104800.00       11148.50       24.79          1.000
105400.00       11212.33       24.93          1.000
106000.00       11276.16       25.08          1.000
106600.00       11339.98       25.22          1.000
107200.00       11403.81       25.36          1.000
107800.00       11467.64       25.50          1.000
108400.00       11531.47       25.64          1.000
109000.00       11595.29       25.79          1.000
109600.00       11659.12       25.93          1.000
110200.00       11722.95       26.07          1.000
110800.00       11786.78       26.21          1.000
111400.00       11850.60       26.35          1.000
112000.00       11914.43       26.50          1.000
112600.00       11978.26       26.64          1.000
113200.00       12042.08       26.78          1.000
113800.00       12105.91       26.92          1.000
114400.00       12169.74       27.06          1.000
115000.00       12233.57       27.21          1.000
115600.00       12297.39       27.35          1.000
116200.00       12361.22       27.49          1.000
116800.00       12425.05       27.63          1.000
117400.00       12488.88       27.77          1.000
118000.00       12552.70       27.92          1.000
118600.00       12616.53       28.06          1.000
119200.00       12680.36       28.20          1.000
119800.00       12744.18       28.34          1.000
120400.00       12808.01       28.48          1.000
121000.00       12871.84       28.63          1.000
121600.00       12935.67       28.77          1.000
122200.00       12999.49       28.91          1.000
122800.00       13063.32       29.05          1.000
123400.00       13127.15       29.19          1.000
124000.00       13190.98       29.34          1.000
124600.00       13254.80       29.48          1.000
125200.00       13318.63       29.62          1.000
125800.00       13382.46       29.76          1.000
126400.00       13446.29       29.90          1.000
127000.00       13510.11       30.04          1.000
127600.00       13573.94       30.19          1.000
128200.00       13637.77       30.33          1.000
128800.00       13701.59       30.47          1.000
129400.00       13765.42       30.61          1.000
130000.00       13829.25       30.75          1.000
130600.00       13893.08       30.90          1.000
131200.00       13956.90       31.04          1.000
131800.00       14020.73       31.18          1.000
132400.00       14084.56       31.32          1.000
133000.00       14148.39       31.46          1.000
133600.00       14212.21       31.61          1.000
134200.00       14276.04       31.75          1.000
134800.00       14339.87       31.89          1.000
135400.00       14403.69       32.03          1.000
136000.00       14467.52       32.17          1.000
136600.00       14531.35       32.32          1.000
137200.00       14595.18       32.46          1.000
137800.00       14659.00       32.60          1.000
138400.00       14722.83       32.74          1.000
139000.00       14786.66       32.88          1.000
139600.00       14850.49       33.03          1.000
140200.00       14914.31       33.17          1.000
140800.00       14978.14       33.31          1.000
141400.00       15041.97       33.45          1.000
142000.00       15105.80       33.59          1.000
142600.00       15169.62       33.74          1.000
143200.00       15233.45       33.88          1.000
143800.00       15297.28       34.02          1.000
144400.00       15361.10       34.16          1.000
145000.00       15424.93       34.30          1.000
145600.00       15488.76       34.45          1.000
146200.00       15552.59       34.59          1.000
146800.00       15616.41       34.73          1.000
147400.00       15680.24       34.87          1.000
148000.00       15744.07       35.01          1.000
148600.00       15807.90       35.15          1.000
149200.00       15871.72       35.30          1.000
149800.00       15935.55       35.44          1.000
150400.00       15999.38       35.58          1.000
151000.00       16063.20       35.72          1.000
151600.00       16127.03       35.86          1.000
152200.00       16190.86       36.01          1.000
152800.00       16254.69       36.15          1.000
153400.00       16318.51       36.29          1.000
154000.00       16382.34       36.43          1.000
154600.00       16446.17       36.57          1.000
155200.00       16510.00       36.72          1.000
155800.00       16573.82       36.86          1.000
156400.00       16637.65       37.00          1.000
157000.00       16701.48       37.14          1.000
157600.00       16765.31       37.28          1.000
158200.00       16829.13       37.43          1.000
158800.00       16892.96       37.57          1.000
159400.00       16956.79       37.71          1.000
160000.00       17020.61       37.85          1.000
160600.00       17084.44       37.99          1.000
161200.00       17148.27       38.14          1.000
161800.00       17212.10       38.28          1.000
162400.00       17275.92       38.42          1.000
163000.00       17339.75       38.56          1.000
163600.00       17403.58       38.70          1.000
164200.00       17467.41       38.85          1.000
164800.00       17531.23       38.99          1.000
165400.00       17595.06       39.13          1.000
166000.00       17658.89       39.27          1.000
166600.00       17722.71       39.41          1.000
167200.00       17786.54       39.56          1.000
167800.00       17850.37       39.70          1.000
168400.00       17914.20       39.84          1.000
169000.00       17978.02       39.98          1.000
169600.00       18041.85       40.12          1.000
170200.00       18105.68       40.26          1.000
170800.00       18169.51       40.41          1.000
171400.00       18233.33       40.55          1.000
172000.00       18297.16       40.69          1.000
172600.00       18360.99       40.83          1.000
173200.00       18424.81       40.97          1.000
173800.00       18488.64       41.12          1.000
174400.00       18552.47       41.26          1.000
175000.00       18616.30       41.40          1.000
175600.00       18680.12       41.54          1.000
176200.00       18743.95       41.68          1.000
176800.00       18807.78       41.83          1.000
177400.00       18871.61       41.97          1.000
178000.00       18935.43       42.11          1.000
178600.00       18999.26       42.25          1.000
179200.00       19063.09       42.39          1.000
179800.00       19126.92       42.54          1.000
180400.00       19190.74       42.68          1.000
181000.00       19254.57       42.82          1.000
181600.00       19318.40       42.96          1.000
182200.00       19382.22       43.10          1.000
182800.00       19446.05       43.25          1.000
183400.00       19509.88       43.39          1.000
184000.00       19573.71       43.53          1.000
184600.00       19637.53       43.67          1.000
185200.00       19701.36       43.81          1.000
185800.00       19765.19       43.96          1.000
186400.00       19829.02       44.10          1.000
187000.00       19892.84       44.24          1.000
187600.00       19956.67       44.38          1.000
188200.00       20020.50       44.52          1.000
188800.00       20084.32       44.67          1.000
189400.00       20148.15       44.81          1.000
190000.00       20211.98       44.95          1.000
190600.00       20275.81       45.09          1.000
191200.00       20339.63       45.23          1.000
191800.00       20403.46       45.37          1.000
192400.00       20467.29       45.52          1.000
193000.00       20531.12       45.66          1.000
193600.00       20594.94       45.80          1.000
194200.00       20658.77       45.94          1.000
194800.00       20722.60       46.08          1.000
195400.00       20786.43       46.23          1.000
196000.00       20850.25       46.37          1.000
196600.00       20914.08       46.51          1.000
197200.00       20977.91       46.65          1.000
197800.00       21041.73       46.79          1.000
198400.00       21105.56       46.94          1.000
199000.00       21169.39       47.08          1.000
199600.00       21233.22       47.22          1.000
200200.00       21297.04       47.36          1.000
200800.00       21360.87       47.50          1.000
201400.00       21424.70       47.65          1.000
202000.00       21488.53       47.79          1.000
202600.00       21552.35       47.93          1.000
203200.00       21616.18       48.07          1.000
203800.00       21680.01       48.21          1.000
204400.00       21743.83       48.36          1.000
205000.00       21807.66       48.50          1.000
205600.00       21871.49       48.64          1.000
206200.00       21935.32       48.78          1.000
206800.00       21999.14       48.92          1.000
207400.00       22062.97       49.07          1.000
208000.00       22126.80       49.21          1.000
208600.00       22190.63       49.35          1.000
209200.00       22254.45       49.49          1.000
209800.00       22318.28       49.63          1.000
210400.00       22382.11       49.78          1.000
211000.00       22445.94       49.92          1.000
211600.00       22509.76       50.06          1.000
212200.00       22573.59       50.20          1.000
212800.00       22637.42       50.34          1.000
213400.00       22701.24       50.48          1.000
214000.00       22765.07       50.63          1.000
214600.00       22828.90       50.77          1.000
215200.00       22892.73       50.91          1.000
215800.00       22956.55       51.05          1.000
216400.00       23020.38       51.19          1.000
217000.00       23084.21       51.34          1.000
217600.00       23148.04       51.48          1.000
218200.00       23211.86       51.62          1.000
218800.00       23275.69       51.76          1.000
219400.00       23339.52       51.90          1.000
220000.00       23403.34       52.05          1.000
220600.00       23467.17       52.19          1.000
221200.00       23531.00       52.33          1.000
221800.00       23594.83       52.47          1.000
222400.00       23658.65       52.61          1.000
223000.00       23722.48       52.76          1.000
223600.00       23786.31       52.90          1.000
224200.00       23850.14       53.04          1.000
224800.00       23913.96       53.18          1.000
225400.00       23977.79       53.32          1.000
226000.00       24041.62       53.47          1.000
226600.00       24105.45       53.61          1.000
227200.00       24169.27       53.75          1.000
227800.00       24233.10       53.89          1.000
228400.00       24296.93       54.03          1.000
229000.00       24360.75       54.18          1.000
229600.00       24424.58       54.32          1.000
230200.00       24488.41       54.46          1.000
230800.00       24552.24       54.60          1.000
231400.00       24616.06       54.74          1.000
232000.00       24679.89       54.89          1.000
232600.00       24743.72       55.03          1.000
233200.00       24807.55       55.17          1.000
233800.00       24871.37       55.31          1.000
234400.00       24935.20       55.45          1.000
235000.00       24999.03       55.59          1.000
235600.00       25062.85       55.74          1.000
236200.00       25126.68       55.88          1.000
236800.00       25190.51       56.02          1.000
237400.00       25254.34       56.16          1.000
238000.00       25318.16       56.30          1.000
238600.00       25381.99       56.45          1.000
239200.00       25445.82       56.59          1.000
239800.00       25509.65       56.73          1.000
240400.00       25573.47       56.87          1.000
241000.00       25637.30       57.01          1.000
241600.00       25701.13       57.16          1.000
242200.00       25764.95       57.30          1.000
242800.00       25828.78       57.44          1.000
243400.00       25892.61       57.58          1.000
244000.00       25956.44       57.72          1.000
244600.00       26020.26       57.87          1.000
245200.00       26084.09       58.01          1.000
245800.00       26147.92       58.15          1.000
246400.00       26211.75       58.29          1.000
247000.00       26275.57       58.43          1.000
247600.00       26339.40       58.58          1.000
248200.00       26403.23       58.72          1.000
248800.00       26467.06       58.86          1.000
249400.00       26530.88       59.00          1.000
250000.00       26594.71       59.14          1.000
250000.00       26594.71       59.14          1.000
