  1      0.      .0     .000E+00
  1    300.     5.0     .259E-09
  1    600.    10.0     .278E-09
  1    900.    15.0     .290E-09
  1   1200.    20.0     .298E-09
  1   1500.    25.0     .302E-09
  1   1800.    30.0     .305E-09
  1   2100.    35.0     .307E-09
  1   2400.    40.0     .308E-09
  1   2700.    45.0     .309E-09
  1   3000.    50.0     .309E-09
  1   3300.    55.0     .309E-09
  1   3600.    60.0     .309E-09
  1   3900.    65.0     .310E-09
  1   4200.    70.0     .310E-09
  1   4500.    75.0     .310E-09
  2      0.      .0     .000E+00
  2    300.     5.0     .264E-09
  2    600.    10.0     .296E-09
  2    900.    15.0     .324E-09
  2   1200.    20.0     .346E-09
  2   1500.    25.0     .364E-09
  2   1800.    30.0     .376E-09
  2   2100.    35.0     .384E-09
  2   2400.    40.0     .390E-09
  2   2700.    45.0     .393E-09
  2   3000.    50.0     .396E-09
  2   3300.    55.0     .397E-09
  2   3600.    60.0     .398E-09
  2   3900.    65.0     .399E-09
  2   4200.    70.0     .399E-09
  2   4500.    75.0     .400E-09
