  1      0.      .0     .000E+00
  1    300.     5.0     .538E-11
  1    600.    10.0     .525E-11
  1    900.    15.0     .516E-11
  1   1200.    20.0     .510E-11
  1   1500.    25.0     .506E-11
  1   1800.    30.0     .504E-11
  1   2100.    35.0     .503E-11
  1   2400.    40.0     .502E-11
  1   2700.    45.0     .501E-11
  1   3000.    50.0     .501E-11
  1   3300.    55.0     .501E-11
  1   3600.    60.0     .501E-11
  1   3900.    65.0     .500E-11
  1   4200.    70.0     .500E-11
  1   4500.    75.0     .500E-11
  2      0.      .0     .000E+00
  2    300.     5.0     .535E-11
  2    600.    10.0     .512E-11
  2    900.    15.0     .490E-11
  2   1200.    20.0     .471E-11
  2   1500.    25.0     .456E-11
  2   1800.    30.0     .445E-11
  2   2100.    35.0     .437E-11
  2   2400.    40.0     .432E-11
  2   2700.    45.0     .428E-11
  2   3000.    50.0     .426E-11
  2   3300.    55.0     .424E-11
  2   3600.    60.0     .423E-11
  2   3900.    65.0     .423E-11
  2   4200.    70.0     .422E-11
  2   4500.    75.0     .422E-11
