Time (min) BVF         C/CT(1)     C/CT(2)

1.000E+00  7.654E-01   4.6618E-06  1.0000E+00
2.298E+00  1.759E+00   4.9697E-06  1.0000E+00
3.596E+00  2.753E+00   3.2528E-06  1.0000E+00
4.894E+00  3.746E+00   4.2866E-06  1.0000E+00
6.192E+00  4.740E+00   3.6904E-06  1.0000E+00
7.490E+00  5.733E+00   1.7642E-06  1.0000E+00
8.788E+00  6.727E+00   1.3077E-07  1.0000E+00
1.009E+01  7.720E+00   1.6843E-06  1.0000E+00
1.138E+01  8.714E+00   2.4801E-06  1.0000E+00
1.268E+01  9.707E+00   3.3532E-06  1.0000E+00
1.398E+01  1.070E+01   7.2484E-06  9.9999E-01
1.528E+01  1.169E+01   5.8692E-07  1.0000E+00
1.658E+01  1.269E+01   3.1400E-06  1.0000E+00
1.787E+01  1.368E+01   3.9994E-06  1.0000E+00
1.917E+01  1.468E+01   1.0720E-06  1.0000E+00
2.047E+01  1.567E+01   3.9211E-06  1.0000E+00
2.177E+01  1.666E+01   2.0396E-06  1.0000E+00
2.307E+01  1.766E+01   6.6238E-06  9.9999E-01
2.436E+01  1.865E+01   1.1592E-05  9.9999E-01
2.566E+01  1.964E+01   1.8620E-05  9.9998E-01
2.696E+01  2.064E+01   2.5203E-05  9.9997E-01
2.826E+01  2.163E+01   3.3912E-05  9.9997E-01
2.956E+01  2.262E+01   4.4776E-05  9.9996E-01
3.085E+01  2.362E+01   5.8128E-05  9.9994E-01
3.215E+01  2.461E+01   7.4354E-05  9.9993E-01
3.345E+01  2.560E+01   9.3923E-05  9.9991E-01
3.475E+01  2.660E+01   1.1731E-04  9.9988E-01
3.605E+01  2.759E+01   1.4501E-04  9.9985E-01
3.734E+01  2.858E+01   1.7755E-04  9.9982E-01
3.864E+01  2.958E+01   2.1548E-04  9.9978E-01
3.994E+01  3.057E+01   2.5940E-04  9.9974E-01
4.124E+01  3.157E+01   3.0991E-04  9.9969E-01
4.254E+01  3.256E+01   3.6765E-04  9.9963E-01
4.383E+01  3.355E+01   4.3329E-04  9.9957E-01
4.513E+01  3.455E+01   5.0751E-04  9.9949E-01
4.643E+01  3.554E+01   5.9101E-04  9.9941E-01
4.773E+01  3.653E+01   6.8453E-04  9.9932E-01
4.903E+01  3.753E+01   7.8881E-04  9.9921E-01
5.032E+01  3.852E+01   9.0460E-04  9.9910E-01
5.162E+01  3.951E+01   1.0327E-03  9.9897E-01
5.292E+01  4.051E+01   1.1739E-03  9.9883E-01
5.422E+01  4.150E+01   1.3289E-03  9.9867E-01
5.552E+01  4.249E+01   1.4987E-03  9.9850E-01
5.681E+01  4.349E+01   1.6841E-03  9.9832E-01
5.811E+01  4.448E+01   1.8858E-03  9.9811E-01
5.941E+01  4.547E+01   2.1047E-03  9.9790E-01
6.071E+01  4.647E+01   2.3417E-03  9.9766E-01
6.201E+01  4.746E+01   2.5976E-03  9.9740E-01
6.330E+01  4.846E+01   2.8733E-03  9.9713E-01
6.460E+01  4.945E+01   3.1695E-03  9.9683E-01
6.590E+01  5.044E+01   3.4872E-03  9.9651E-01
6.720E+01  5.144E+01   3.8273E-03  9.9617E-01
6.850E+01  5.243E+01   4.1905E-03  9.9581E-01
6.979E+01  5.342E+01   4.5777E-03  9.9542E-01
7.109E+01  5.442E+01   4.9898E-03  9.9501E-01
7.239E+01  5.541E+01   5.4277E-03  9.9457E-01
7.369E+01  5.640E+01   5.8920E-03  9.9411E-01
7.499E+01  5.740E+01   6.3838E-03  9.9362E-01
7.628E+01  5.839E+01   6.9039E-03  9.9310E-01
7.758E+01  5.938E+01   7.4530E-03  9.9255E-01
7.888E+01  6.038E+01   8.0319E-03  9.9197E-01
8.018E+01  6.137E+01   8.6416E-03  9.9136E-01
8.148E+01  6.237E+01   9.2828E-03  9.9072E-01
8.277E+01  6.336E+01   9.9562E-03  9.9004E-01
8.407E+01  6.435E+01   1.0663E-02  9.8934E-01
8.537E+01  6.535E+01   1.1403E-02  9.8860E-01
8.667E+01  6.634E+01   1.2178E-02  9.8782E-01
8.797E+01  6.733E+01   1.2989E-02  9.8701E-01
8.926E+01  6.833E+01   1.3835E-02  9.8616E-01
9.056E+01  6.932E+01   1.4718E-02  9.8528E-01
9.186E+01  7.031E+01   1.5639E-02  9.8436E-01
9.316E+01  7.131E+01   1.6599E-02  9.8340E-01
9.446E+01  7.230E+01   1.7597E-02  9.8240E-01
9.575E+01  7.329E+01   1.8635E-02  9.8137E-01
9.705E+01  7.429E+01   1.9713E-02  9.8029E-01
9.835E+01  7.528E+01   2.0833E-02  9.7917E-01
9.965E+01  7.627E+01   2.1994E-02  9.7801E-01
1.009E+02  7.727E+01   2.3198E-02  9.7680E-01
1.022E+02  7.826E+01   2.4444E-02  9.7556E-01
1.035E+02  7.926E+01   2.5734E-02  9.7427E-01
1.048E+02  8.025E+01   2.7069E-02  9.7293E-01
1.061E+02  8.124E+01   2.8448E-02  9.7155E-01
1.074E+02  8.224E+01   2.9872E-02  9.7013E-01
1.087E+02  8.323E+01   3.1343E-02  9.6866E-01
1.100E+02  8.422E+01   3.2860E-02  9.6714E-01
1.113E+02  8.522E+01   3.4424E-02  9.6558E-01
1.126E+02  8.621E+01   3.6036E-02  9.6396E-01
1.139E+02  8.720E+01   3.7696E-02  9.6230E-01
1.152E+02  8.820E+01   3.9405E-02  9.6060E-01
1.165E+02  8.919E+01   4.1163E-02  9.5884E-01
1.178E+02  9.018E+01   4.2970E-02  9.5703E-01
1.191E+02  9.118E+01   4.4827E-02  9.5517E-01
1.204E+02  9.217E+01   4.6735E-02  9.5326E-01
1.217E+02  9.316E+01   4.8694E-02  9.5131E-01
1.230E+02  9.416E+01   5.0704E-02  9.4930E-01
1.243E+02  9.515E+01   5.2766E-02  9.4723E-01
1.256E+02  9.615E+01   5.4880E-02  9.4512E-01
1.269E+02  9.714E+01   5.7047E-02  9.4295E-01
1.282E+02  9.813E+01   5.9267E-02  9.4073E-01
1.295E+02  9.913E+01   6.1539E-02  9.3846E-01
1.308E+02  1.001E+02   6.3866E-02  9.3613E-01
1.321E+02  1.011E+02   6.6246E-02  9.3375E-01
1.334E+02  1.021E+02   6.8680E-02  9.3132E-01
1.347E+02  1.031E+02   7.1169E-02  9.2883E-01
1.360E+02  1.041E+02   7.3713E-02  9.2629E-01
1.373E+02  1.051E+02   7.6311E-02  9.2369E-01
1.386E+02  1.061E+02   7.8965E-02  9.2104E-01
1.399E+02  1.071E+02   8.1674E-02  9.1833E-01
1.412E+02  1.081E+02   8.4438E-02  9.1556E-01
1.425E+02  1.091E+02   8.7259E-02  9.1274E-01
1.438E+02  1.101E+02   9.0135E-02  9.0987E-01
1.451E+02  1.110E+02   9.3067E-02  9.0693E-01
1.464E+02  1.120E+02   9.6055E-02  9.0394E-01
1.477E+02  1.130E+02   9.9100E-02  9.0090E-01
1.490E+02  1.140E+02   1.0220E-01  8.9780E-01
1.503E+02  1.150E+02   1.0536E-01  8.9464E-01
1.516E+02  1.160E+02   1.0857E-01  8.9143E-01
1.529E+02  1.170E+02   1.1184E-01  8.8816E-01
1.542E+02  1.180E+02   1.1517E-01  8.8483E-01
1.555E+02  1.190E+02   1.1855E-01  8.8145E-01
1.568E+02  1.200E+02   1.2199E-01  8.7801E-01
1.581E+02  1.210E+02   1.2549E-01  8.7451E-01
1.594E+02  1.220E+02   1.2904E-01  8.7096E-01
1.607E+02  1.230E+02   1.3265E-01  8.6735E-01
1.620E+02  1.240E+02   1.3631E-01  8.6369E-01
1.633E+02  1.250E+02   1.4003E-01  8.5997E-01
1.645E+02  1.260E+02   1.4381E-01  8.5619E-01
1.658E+02  1.269E+02   1.4764E-01  8.5236E-01
1.671E+02  1.279E+02   1.5153E-01  8.4847E-01
1.684E+02  1.289E+02   1.5547E-01  8.4453E-01
1.697E+02  1.299E+02   1.5946E-01  8.4054E-01
1.710E+02  1.309E+02   1.6351E-01  8.3649E-01
1.723E+02  1.319E+02   1.6762E-01  8.3238E-01
1.736E+02  1.329E+02   1.7178E-01  8.2822E-01
1.749E+02  1.339E+02   1.7599E-01  8.2401E-01
1.762E+02  1.349E+02   1.8025E-01  8.1975E-01
1.775E+02  1.359E+02   1.8457E-01  8.1543E-01
1.788E+02  1.369E+02   1.8894E-01  8.1106E-01
1.801E+02  1.379E+02   1.9336E-01  8.0664E-01
1.814E+02  1.389E+02   1.9783E-01  8.0217E-01
1.827E+02  1.399E+02   2.0236E-01  7.9764E-01
1.840E+02  1.409E+02   2.0693E-01  7.9307E-01
1.853E+02  1.418E+02   2.1155E-01  7.8845E-01
1.866E+02  1.428E+02   2.1622E-01  7.8378E-01
1.879E+02  1.438E+02   2.2094E-01  7.7906E-01
1.892E+02  1.448E+02   2.2571E-01  7.7429E-01
1.905E+02  1.458E+02   2.3053E-01  7.6947E-01
1.918E+02  1.468E+02   2.3539E-01  7.6461E-01
1.931E+02  1.478E+02   2.4030E-01  7.5970E-01
1.944E+02  1.488E+02   2.4525E-01  7.5475E-01
1.957E+02  1.498E+02   2.5024E-01  7.4976E-01
1.970E+02  1.508E+02   2.5528E-01  7.4472E-01
1.983E+02  1.518E+02   2.6037E-01  7.3963E-01
1.996E+02  1.528E+02   2.6549E-01  7.3451E-01
2.009E+02  1.538E+02   2.7066E-01  7.2934E-01
2.022E+02  1.548E+02   2.7586E-01  7.2414E-01
2.035E+02  1.558E+02   2.8111E-01  7.1889E-01
2.048E+02  1.568E+02   2.8639E-01  7.1361E-01
2.061E+02  1.577E+02   2.9171E-01  7.0829E-01
2.074E+02  1.587E+02   2.9706E-01  7.0294E-01
2.087E+02  1.597E+02   3.0246E-01  6.9754E-01
2.100E+02  1.607E+02   3.0788E-01  6.9212E-01
2.113E+02  1.617E+02   3.1334E-01  6.8666E-01
2.126E+02  1.627E+02   3.1884E-01  6.8116E-01
2.139E+02  1.637E+02   3.2436E-01  6.7564E-01
2.152E+02  1.647E+02   3.2991E-01  6.7009E-01
2.165E+02  1.657E+02   3.3550E-01  6.6450E-01
2.178E+02  1.667E+02   3.4111E-01  6.5889E-01
2.191E+02  1.677E+02   3.4675E-01  6.5325E-01
2.204E+02  1.687E+02   3.5241E-01  6.4759E-01
2.217E+02  1.697E+02   3.5810E-01  6.4190E-01
2.230E+02  1.707E+02   3.6382E-01  6.3618E-01
2.243E+02  1.717E+02   3.6955E-01  6.3045E-01
2.256E+02  1.726E+02   3.7531E-01  6.2469E-01
2.269E+02  1.736E+02   3.8108E-01  6.1892E-01
2.282E+02  1.746E+02   3.8688E-01  6.1312E-01
2.294E+02  1.756E+02   3.9269E-01  6.0731E-01
2.307E+02  1.766E+02   3.9852E-01  6.0148E-01
2.320E+02  1.776E+02   4.0437E-01  5.9563E-01
2.333E+02  1.786E+02   4.1023E-01  5.8977E-01
2.346E+02  1.796E+02   4.1610E-01  5.8390E-01
2.359E+02  1.806E+02   4.2199E-01  5.7801E-01
2.372E+02  1.816E+02   4.2788E-01  5.7212E-01
2.385E+02  1.826E+02   4.3378E-01  5.6622E-01
2.398E+02  1.836E+02   4.3969E-01  5.6031E-01
2.411E+02  1.846E+02   4.4561E-01  5.5439E-01
2.424E+02  1.856E+02   4.5154E-01  5.4846E-01
2.437E+02  1.866E+02   4.5746E-01  5.4254E-01
2.450E+02  1.876E+02   4.6339E-01  5.3661E-01
2.463E+02  1.885E+02   4.6933E-01  5.3067E-01
2.476E+02  1.895E+02   4.7526E-01  5.2474E-01
2.489E+02  1.905E+02   4.8119E-01  5.1881E-01
2.502E+02  1.915E+02   4.8712E-01  5.1288E-01
2.515E+02  1.925E+02   4.9305E-01  5.0695E-01
2.528E+02  1.935E+02   4.9897E-01  5.0103E-01
2.541E+02  1.945E+02   5.0488E-01  4.9512E-01
2.554E+02  1.955E+02   5.1079E-01  4.8921E-01
2.567E+02  1.965E+02   5.1669E-01  4.8331E-01
2.580E+02  1.975E+02   5.2258E-01  4.7742E-01
2.593E+02  1.985E+02   5.2846E-01  4.7154E-01
2.606E+02  1.995E+02   5.3433E-01  4.6567E-01
2.619E+02  2.005E+02   5.4018E-01  4.5982E-01
2.632E+02  2.015E+02   5.4602E-01  4.5398E-01
2.645E+02  2.025E+02   5.5185E-01  4.4815E-01
2.658E+02  2.034E+02   5.5765E-01  4.4235E-01
2.671E+02  2.044E+02   5.6344E-01  4.3656E-01
2.684E+02  2.054E+02   5.6921E-01  4.3079E-01
2.697E+02  2.064E+02   5.7496E-01  4.2504E-01
2.710E+02  2.074E+02   5.8069E-01  4.1931E-01
2.723E+02  2.084E+02   5.8640E-01  4.1360E-01
2.736E+02  2.094E+02   5.9208E-01  4.0792E-01
2.749E+02  2.104E+02   5.9774E-01  4.0226E-01
2.762E+02  2.114E+02   6.0337E-01  3.9663E-01
2.775E+02  2.124E+02   6.0898E-01  3.9102E-01
2.788E+02  2.134E+02   6.1455E-01  3.8545E-01
2.801E+02  2.144E+02   6.2010E-01  3.7990E-01
2.814E+02  2.154E+02   6.2562E-01  3.7438E-01
2.827E+02  2.164E+02   6.3111E-01  3.6889E-01
2.840E+02  2.174E+02   6.3657E-01  3.6343E-01
2.853E+02  2.184E+02   6.4199E-01  3.5801E-01
2.866E+02  2.193E+02   6.4738E-01  3.5262E-01
2.879E+02  2.203E+02   6.5274E-01  3.4726E-01
2.892E+02  2.213E+02   6.5806E-01  3.4194E-01
2.905E+02  2.223E+02   6.6334E-01  3.3666E-01
2.918E+02  2.233E+02   6.6859E-01  3.3141E-01
2.930E+02  2.243E+02   6.7379E-01  3.2621E-01
2.943E+02  2.253E+02   6.7896E-01  3.2104E-01
2.956E+02  2.263E+02   6.8409E-01  3.1591E-01
2.969E+02  2.273E+02   6.8918E-01  3.1082E-01
2.982E+02  2.283E+02   6.9423E-01  3.0577E-01
2.995E+02  2.293E+02   6.9924E-01  3.0076E-01
3.008E+02  2.303E+02   7.0421E-01  2.9579E-01
3.021E+02  2.313E+02   7.0913E-01  2.9087E-01
3.034E+02  2.323E+02   7.1401E-01  2.8599E-01
3.047E+02  2.333E+02   7.1885E-01  2.8115E-01
3.060E+02  2.342E+02   7.2364E-01  2.7636E-01
3.073E+02  2.352E+02   7.2839E-01  2.7161E-01
3.086E+02  2.362E+02   7.3309E-01  2.6691E-01
3.099E+02  2.372E+02   7.3774E-01  2.6226E-01
3.112E+02  2.382E+02   7.4235E-01  2.5765E-01
3.125E+02  2.392E+02   7.4691E-01  2.5309E-01
3.138E+02  2.402E+02   7.5142E-01  2.4858E-01
3.151E+02  2.412E+02   7.5588E-01  2.4412E-01
3.164E+02  2.422E+02   7.6030E-01  2.3970E-01
3.177E+02  2.432E+02   7.6466E-01  2.3534E-01
3.190E+02  2.442E+02   7.6898E-01  2.3102E-01
3.203E+02  2.452E+02   7.7325E-01  2.2675E-01
3.216E+02  2.462E+02   7.7746E-01  2.2254E-01
3.229E+02  2.472E+02   7.8163E-01  2.1837E-01
3.242E+02  2.482E+02   7.8575E-01  2.1425E-01
3.255E+02  2.492E+02   7.8982E-01  2.1018E-01
3.268E+02  2.501E+02   7.9383E-01  2.0617E-01
3.281E+02  2.511E+02   7.9780E-01  2.0220E-01
3.294E+02  2.521E+02   8.0171E-01  1.9829E-01
3.307E+02  2.531E+02   8.0557E-01  1.9443E-01
3.320E+02  2.541E+02   8.0939E-01  1.9061E-01
3.333E+02  2.551E+02   8.1315E-01  1.8685E-01
3.346E+02  2.561E+02   8.1686E-01  1.8314E-01
3.359E+02  2.571E+02   8.2051E-01  1.7949E-01
3.372E+02  2.581E+02   8.2412E-01  1.7588E-01
3.385E+02  2.591E+02   8.2768E-01  1.7232E-01
3.398E+02  2.601E+02   8.3118E-01  1.6882E-01
3.411E+02  2.611E+02   8.3463E-01  1.6537E-01
3.424E+02  2.621E+02   8.3803E-01  1.6197E-01
3.437E+02  2.631E+02   8.4138E-01  1.5862E-01
3.450E+02  2.641E+02   8.4468E-01  1.5532E-01
3.463E+02  2.650E+02   8.4793E-01  1.5207E-01
3.476E+02  2.660E+02   8.5113E-01  1.4887E-01
3.489E+02  2.670E+02   8.5428E-01  1.4572E-01
3.502E+02  2.680E+02   8.5738E-01  1.4262E-01
3.515E+02  2.690E+02   8.6043E-01  1.3957E-01
3.528E+02  2.700E+02   8.6343E-01  1.3657E-01
3.541E+02  2.710E+02   8.6638E-01  1.3362E-01
3.554E+02  2.720E+02   8.6928E-01  1.3072E-01
3.567E+02  2.730E+02   8.7213E-01  1.2787E-01
3.579E+02  2.740E+02   8.7493E-01  1.2507E-01
3.592E+02  2.750E+02   8.7768E-01  1.2232E-01
3.605E+02  2.760E+02   8.8039E-01  1.1961E-01
3.618E+02  2.770E+02   8.8305E-01  1.1695E-01
3.631E+02  2.780E+02   8.8566E-01  1.1434E-01
3.644E+02  2.790E+02   8.8823E-01  1.1177E-01
3.657E+02  2.800E+02   8.9075E-01  1.0925E-01
3.670E+02  2.809E+02   8.9322E-01  1.0678E-01
3.683E+02  2.819E+02   8.9565E-01  1.0435E-01
3.696E+02  2.829E+02   8.9804E-01  1.0196E-01
3.709E+02  2.839E+02   9.0037E-01  9.9626E-02
3.722E+02  2.849E+02   9.0267E-01  9.7331E-02
3.735E+02  2.859E+02   9.0492E-01  9.5080E-02
3.748E+02  2.869E+02   9.0713E-01  9.2872E-02
3.761E+02  2.879E+02   9.0929E-01  9.0707E-02
3.774E+02  2.889E+02   9.1142E-01  8.8584E-02
3.787E+02  2.899E+02   9.1350E-01  8.6503E-02
3.800E+02  2.909E+02   9.1554E-01  8.4463E-02
3.813E+02  2.919E+02   9.1754E-01  8.2464E-02
3.826E+02  2.929E+02   9.1950E-01  8.0504E-02
3.839E+02  2.939E+02   9.2142E-01  7.8585E-02
3.852E+02  2.949E+02   9.2330E-01  7.6704E-02
3.865E+02  2.958E+02   9.2514E-01  7.4863E-02
3.878E+02  2.968E+02   9.2694E-01  7.3059E-02
3.891E+02  2.978E+02   9.2871E-01  7.1293E-02
3.904E+02  2.988E+02   9.3044E-01  6.9563E-02
3.917E+02  2.998E+02   9.3213E-01  6.7871E-02
3.930E+02  3.008E+02   9.3379E-01  6.6214E-02
3.943E+02  3.018E+02   9.3541E-01  6.4592E-02
3.956E+02  3.028E+02   9.3699E-01  6.3006E-02
3.969E+02  3.038E+02   9.3855E-01  6.1454E-02
3.982E+02  3.048E+02   9.4007E-01  5.9935E-02
3.995E+02  3.058E+02   9.4155E-01  5.8450E-02
4.008E+02  3.068E+02   9.4300E-01  5.6997E-02
4.021E+02  3.078E+02   9.4442E-01  5.5576E-02
4.034E+02  3.088E+02   9.4581E-01  5.4187E-02
4.047E+02  3.098E+02   9.4717E-01  5.2829E-02
4.060E+02  3.108E+02   9.4850E-01  5.1502E-02
4.073E+02  3.117E+02   9.4980E-01  5.0204E-02
4.086E+02  3.127E+02   9.5106E-01  4.8936E-02
4.099E+02  3.137E+02   9.5230E-01  4.7697E-02
4.112E+02  3.147E+02   9.5351E-01  4.6486E-02
4.125E+02  3.157E+02   9.5470E-01  4.5304E-02
4.138E+02  3.167E+02   9.5585E-01  4.4148E-02
4.151E+02  3.177E+02   9.5698E-01  4.3019E-02
4.164E+02  3.187E+02   9.5808E-01  4.1917E-02
4.177E+02  3.197E+02   9.5916E-01  4.0841E-02
4.190E+02  3.207E+02   9.6021E-01  3.9790E-02
4.203E+02  3.217E+02   9.6124E-01  3.8764E-02
4.216E+02  3.227E+02   9.6224E-01  3.7762E-02
4.228E+02  3.237E+02   9.6322E-01  3.6784E-02
4.241E+02  3.247E+02   9.6417E-01  3.5830E-02
4.254E+02  3.257E+02   9.6510E-01  3.4898E-02
4.267E+02  3.266E+02   9.6601E-01  3.3989E-02
4.280E+02  3.276E+02   9.6690E-01  3.3102E-02
4.293E+02  3.286E+02   9.6776E-01  3.2237E-02
4.306E+02  3.296E+02   9.6861E-01  3.1393E-02
4.319E+02  3.306E+02   9.6943E-01  3.0569E-02
4.332E+02  3.316E+02   9.7023E-01  2.9766E-02
4.345E+02  3.326E+02   9.7102E-01  2.8983E-02
4.358E+02  3.336E+02   9.7178E-01  2.8218E-02
4.371E+02  3.346E+02   9.7253E-01  2.7473E-02
4.384E+02  3.356E+02   9.7325E-01  2.6747E-02
4.397E+02  3.366E+02   9.7396E-01  2.6038E-02
4.410E+02  3.376E+02   9.7465E-01  2.5347E-02
4.423E+02  3.386E+02   9.7533E-01  2.4674E-02
4.436E+02  3.396E+02   9.7598E-01  2.4017E-02
4.449E+02  3.406E+02   9.7662E-01  2.3377E-02
4.462E+02  3.416E+02   9.7725E-01  2.2754E-02
4.475E+02  3.425E+02   9.7785E-01  2.2146E-02
4.488E+02  3.435E+02   9.7845E-01  2.1553E-02
4.501E+02  3.445E+02   9.7902E-01  2.0976E-02
4.514E+02  3.455E+02   9.7959E-01  2.0413E-02
4.527E+02  3.465E+02   9.8013E-01  1.9865E-02
4.540E+02  3.475E+02   9.8067E-01  1.9331E-02
4.553E+02  3.485E+02   9.8119E-01  1.8811E-02
4.566E+02  3.495E+02   9.8170E-01  1.8304E-02
4.579E+02  3.505E+02   9.8219E-01  1.7811E-02
4.592E+02  3.515E+02   9.8267E-01  1.7330E-02
4.605E+02  3.525E+02   9.8314E-01  1.6861E-02
4.618E+02  3.535E+02   9.8359E-01  1.6405E-02
4.631E+02  3.545E+02   9.8404E-01  1.5961E-02
4.644E+02  3.555E+02   9.8447E-01  1.5529E-02
4.657E+02  3.565E+02   9.8489E-01  1.5107E-02
4.670E+02  3.574E+02   9.8530E-01  1.4697E-02
4.683E+02  3.584E+02   9.8570E-01  1.4298E-02
4.696E+02  3.594E+02   9.8609E-01  1.3910E-02
4.709E+02  3.604E+02   9.8647E-01  1.3531E-02
4.722E+02  3.614E+02   9.8684E-01  1.3163E-02
4.735E+02  3.624E+02   9.8720E-01  1.2804E-02
4.748E+02  3.634E+02   9.8754E-01  1.2455E-02
4.761E+02  3.644E+02   9.8788E-01  1.2115E-02
4.774E+02  3.654E+02   9.8822E-01  1.1785E-02
4.787E+02  3.664E+02   9.8854E-01  1.1463E-02
4.800E+02  3.674E+02   9.8885E-01  1.1150E-02
4.813E+02  3.684E+02   9.8916E-01  1.0845E-02
4.826E+02  3.694E+02   9.8945E-01  1.0548E-02
4.839E+02  3.704E+02   9.8974E-01  1.0260E-02
4.852E+02  3.714E+02   9.9002E-01  9.9788E-03
4.865E+02  3.724E+02   9.9029E-01  9.7055E-03
4.877E+02  3.733E+02   9.9056E-01  9.4396E-03
4.890E+02  3.743E+02   9.9082E-01  9.1809E-03
4.903E+02  3.753E+02   9.9107E-01  8.9292E-03
4.916E+02  3.763E+02   9.9132E-01  8.6843E-03
4.929E+02  3.773E+02   9.9155E-01  8.4460E-03
4.942E+02  3.783E+02   9.9179E-01  8.2142E-03
4.955E+02  3.793E+02   9.9201E-01  7.9887E-03
4.968E+02  3.803E+02   9.9223E-01  7.7695E-03
4.981E+02  3.813E+02   9.9244E-01  7.5562E-03
4.994E+02  3.823E+02   9.9265E-01  7.3488E-03
5.007E+02  3.833E+02   9.9285E-01  7.1471E-03
5.020E+02  3.843E+02   9.9305E-01  6.9510E-03
5.033E+02  3.853E+02   9.9324E-01  6.7603E-03
5.046E+02  3.863E+02   9.9343E-01  6.5750E-03
5.059E+02  3.873E+02   9.9361E-01  6.3948E-03
5.072E+02  3.882E+02   9.9378E-01  6.2195E-03
5.085E+02  3.892E+02   9.9395E-01  6.0490E-03
5.098E+02  3.902E+02   9.9412E-01  5.8832E-03
5.111E+02  3.912E+02   9.9428E-01  5.7220E-03
5.124E+02  3.922E+02   9.9443E-01  5.5652E-03
5.137E+02  3.932E+02   9.9459E-01  5.4128E-03
5.150E+02  3.942E+02   9.9474E-01  5.2645E-03
5.163E+02  3.952E+02   9.9488E-01  5.1203E-03
5.176E+02  3.962E+02   9.9502E-01  4.9800E-03
5.180E+02  3.965E+02   9.9506E-01  4.9380E-03
