 H2O2        
 gmol/L
#TANK TIME(SEC) TIME(MIN) CONC
  1      0.      .0     .100E-02
  1    300.     5.0     .883E-03
  1    600.    10.0     .812E-03
  1    900.    15.0     .770E-03
  1   1200.    20.0     .744E-03
  1   1500.    25.0     .729E-03
  1   1800.    30.0     .720E-03
  1   2100.    35.0     .715E-03
  1   2400.    40.0     .712E-03
  1   2700.    45.0     .710E-03
  1   3000.    50.0     .709E-03
  1   3300.    55.0     .708E-03
  1   3600.    60.0     .708E-03
  1   3900.    65.0     .707E-03
  1   4200.    70.0     .707E-03
  1   4500.    75.0     .707E-03
  2      0.      .0     .000E+00
  2    300.     5.0     .862E-03
  2    600.    10.0     .750E-03
  2    900.    15.0     .666E-03
  2   1200.    20.0     .607E-03
  2   1500.    25.0     .566E-03
  2   1800.    30.0     .538E-03
  2   2100.    35.0     .520E-03
  2   2400.    40.0     .508E-03
  2   2700.    45.0     .501E-03
  2   3000.    50.0     .496E-03
  2   3300.    55.0     .493E-03
  2   3600.    60.0     .491E-03
  2   3900.    65.0     .490E-03
  2   4200.    70.0     .489E-03
  2   4500.    75.0     .488E-03
 END_OF_FILE
