 HO2*        
 gmol/L
#TANK TIME(SEC) TIME(MIN) CONC
  1      0.      .0     .000E+00
  1    300.     5.0     .114E-05
  1    600.    10.0     .103E-05
  1    900.    15.0     .959E-06
  1   1200.    20.0     .919E-06
  1   1500.    25.0     .896E-06
  1   1800.    30.0     .882E-06
  1   2100.    35.0     .874E-06
  1   2400.    40.0     .869E-06
  1   2700.    45.0     .866E-06
  1   3000.    50.0     .864E-06
  1   3300.    55.0     .863E-06
  1   3600.    60.0     .862E-06
  1   3900.    65.0     .862E-06
  1   4200.    70.0     .862E-06
  1   4500.    75.0     .862E-06
  2      0.      .0     .000E+00
  2    300.     5.0     .110E-05
  2    600.    10.0     .927E-06
  2    900.    15.0     .798E-06
  2   1200.    20.0     .708E-06
  2   1500.    25.0     .647E-06
  2   1800.    30.0     .607E-06
  2   2100.    35.0     .581E-06
  2   2400.    40.0     .564E-06
  2   2700.    45.0     .553E-06
  2   3000.    50.0     .546E-06
  2   3300.    55.0     .542E-06
  2   3600.    60.0     .539E-06
  2   3900.    65.0     .538E-06
  2   4200.    70.0     .537E-06
  2   4500.    75.0     .536E-06
 END_OF_FILE
