Time (min) BVF         C/CT(1)     C/CT(2)

1.000E+00  7.654E-01   3.6253E-06  1.0000E+00
2.000E+00  1.531E+00   4.8563E-06  1.0000E+00
3.000E+00  2.296E+00   4.1434E-06  1.0000E+00
4.000E+00  3.062E+00   3.6943E-06  1.0000E+00
5.000E+00  3.827E+00   5.4256E-06  9.9999E-01
6.000E+00  4.593E+00   7.6034E-06  9.9999E-01
7.000E+00  5.358E+00   2.8652E-05  9.9997E-01
8.000E+00  6.124E+00   1.8875E-06  1.0000E+00
9.000E+00  6.889E+00   3.0291E-06  1.0000E+00
1.000E+01  7.654E+00   4.5069E-07  1.0000E+00
1.100E+01  8.420E+00   5.8511E-07  1.0000E+00
1.200E+01  9.185E+00   5.0260E-06  9.9999E-01
1.300E+01  9.951E+00   1.9777E-06  1.0000E+00
1.400E+01  1.072E+01   8.6129E-07  1.0000E+00
1.500E+01  1.148E+01   -3.8583E-07 1.0000E+00
1.600E+01  1.225E+01   2.3247E-06  1.0000E+00
1.700E+01  1.301E+01   5.2744E-06  9.9999E-01
1.800E+01  1.378E+01   5.8045E-06  9.9999E-01
1.900E+01  1.454E+01   6.7363E-06  9.9999E-01
2.000E+01  1.531E+01   1.0590E-05  9.9999E-01
2.100E+01  1.607E+01   1.5600E-05  9.9998E-01
2.200E+01  1.684E+01   1.1817E-05  9.9999E-01
2.300E+01  1.761E+01   -7.1697E-07 1.0000E+00
2.400E+01  1.837E+01   -4.3529E-06 1.0000E+00
2.500E+01  1.914E+01   -1.0850E-07 1.0000E+00
2.600E+01  1.990E+01   6.4824E-05  9.9994E-01
2.700E+01  2.067E+01   8.0831E-05  9.9992E-01
2.800E+01  2.143E+01   2.0209E-04  9.9980E-01
2.900E+01  2.220E+01   3.7513E-04  9.9962E-01
3.000E+01  2.296E+01   2.6887E-04  9.9973E-01
3.100E+01  2.373E+01   -7.2204E-06 1.0000E+00
3.200E+01  2.449E+01   2.4256E-05  9.9998E-01
3.300E+01  2.526E+01   5.0407E-05  9.9995E-01
3.400E+01  2.603E+01   2.8827E-06  1.0000E+00
3.500E+01  2.679E+01   2.8716E-06  1.0000E+00
3.600E+01  2.756E+01   5.3383E-05  9.9995E-01
3.700E+01  2.832E+01   7.9129E-05  9.9992E-01
3.800E+01  2.909E+01   2.2720E-04  9.9977E-01
3.900E+01  2.985E+01   1.1592E-04  9.9988E-01
4.000E+01  3.062E+01   2.4623E-04  9.9975E-01
4.100E+01  3.138E+01   2.8955E-04  9.9971E-01
4.200E+01  3.215E+01   3.4349E-04  9.9966E-01
4.300E+01  3.291E+01   3.9743E-04  9.9960E-01
4.400E+01  3.368E+01   4.6084E-04  9.9954E-01
4.500E+01  3.444E+01   5.2616E-04  9.9947E-01
4.600E+01  3.521E+01   6.0750E-04  9.9939E-01
4.700E+01  3.598E+01   6.7967E-04  9.9932E-01
4.800E+01  3.674E+01   7.5849E-04  9.9924E-01
4.900E+01  3.751E+01   8.4457E-04  9.9916E-01
5.000E+01  3.827E+01   9.3731E-04  9.9906E-01
5.100E+01  3.904E+01   1.0367E-03  9.9896E-01
5.200E+01  3.980E+01   1.1433E-03  9.9886E-01
5.300E+01  4.057E+01   1.2596E-03  9.9874E-01
5.400E+01  4.133E+01   1.3837E-03  9.9862E-01
5.500E+01  4.210E+01   1.5158E-03  9.9848E-01
5.600E+01  4.286E+01   1.6558E-03  9.9834E-01
5.700E+01  4.363E+01   1.8075E-03  9.9819E-01
5.800E+01  4.440E+01   1.9687E-03  9.9803E-01
5.900E+01  4.516E+01   2.1394E-03  9.9786E-01
6.000E+01  4.593E+01   2.3195E-03  9.9768E-01
6.100E+01  4.669E+01   2.5091E-03  9.9749E-01
6.200E+01  4.746E+01   2.7150E-03  9.9729E-01
6.300E+01  4.822E+01   2.9309E-03  9.9707E-01
6.400E+01  4.899E+01   3.1573E-03  9.9684E-01
6.500E+01  4.975E+01   3.3956E-03  9.9660E-01
6.600E+01  5.052E+01   3.6469E-03  9.9635E-01
6.700E+01  5.128E+01   3.9109E-03  9.9609E-01
6.800E+01  5.205E+01   4.1881E-03  9.9581E-01
6.900E+01  5.282E+01   4.4789E-03  9.9552E-01
7.000E+01  5.358E+01   4.7839E-03  9.9522E-01
7.100E+01  5.435E+01   5.1035E-03  9.9490E-01
7.200E+01  5.511E+01   5.4378E-03  9.9456E-01
7.300E+01  5.588E+01   5.7873E-03  9.9421E-01
7.400E+01  5.664E+01   6.1527E-03  9.9385E-01
7.500E+01  5.741E+01   6.5344E-03  9.9347E-01
7.600E+01  5.817E+01   6.9328E-03  9.9307E-01
7.700E+01  5.894E+01   7.3485E-03  9.9265E-01
7.800E+01  5.970E+01   7.7818E-03  9.9222E-01
7.900E+01  6.047E+01   8.2322E-03  9.9177E-01
8.000E+01  6.124E+01   8.7009E-03  9.9130E-01
8.100E+01  6.200E+01   9.1882E-03  9.9081E-01
8.200E+01  6.277E+01   9.6945E-03  9.9031E-01
8.300E+01  6.353E+01   1.0220E-02  9.8978E-01
8.400E+01  6.430E+01   1.0766E-02  9.8923E-01
8.500E+01  6.506E+01   1.1331E-02  9.8867E-01
8.600E+01  6.583E+01   1.1917E-02  9.8808E-01
8.700E+01  6.659E+01   1.2523E-02  9.8748E-01
8.800E+01  6.736E+01   1.3151E-02  9.8685E-01
8.900E+01  6.812E+01   1.3799E-02  9.8620E-01
9.000E+01  6.889E+01   1.4470E-02  9.8553E-01
9.100E+01  6.966E+01   1.5163E-02  9.8484E-01
9.200E+01  7.042E+01   1.5878E-02  9.8412E-01
9.300E+01  7.119E+01   1.6616E-02  9.8338E-01
9.400E+01  7.195E+01   1.7377E-02  9.8262E-01
9.500E+01  7.272E+01   1.8162E-02  9.8184E-01
9.600E+01  7.348E+01   1.8970E-02  9.8103E-01
9.700E+01  7.425E+01   1.9803E-02  9.8020E-01
9.800E+01  7.501E+01   2.0659E-02  9.7934E-01
9.900E+01  7.578E+01   2.1540E-02  9.7846E-01
1.000E+02  7.654E+01   2.2445E-02  9.7755E-01
1.010E+02  7.731E+01   2.3376E-02  9.7662E-01
1.020E+02  7.808E+01   2.4332E-02  9.7567E-01
1.030E+02  7.884E+01   2.5313E-02  9.7469E-01
1.040E+02  7.961E+01   2.6321E-02  9.7368E-01
1.050E+02  8.037E+01   2.7355E-02  9.7264E-01
1.060E+02  8.114E+01   2.8416E-02  9.7158E-01
1.070E+02  8.190E+01   2.9504E-02  9.7050E-01
1.080E+02  8.267E+01   3.0619E-02  9.6938E-01
1.090E+02  8.343E+01   3.1761E-02  9.6824E-01
1.100E+02  8.420E+01   3.2930E-02  9.6707E-01
1.110E+02  8.496E+01   3.4128E-02  9.6587E-01
1.120E+02  8.573E+01   3.5353E-02  9.6465E-01
1.130E+02  8.649E+01   3.6607E-02  9.6339E-01
1.140E+02  8.726E+01   3.7890E-02  9.6211E-01
1.150E+02  8.803E+01   3.9202E-02  9.6080E-01
1.160E+02  8.879E+01   4.0543E-02  9.5946E-01
1.170E+02  8.956E+01   4.1913E-02  9.5809E-01
1.180E+02  9.032E+01   4.3314E-02  9.5669E-01
1.190E+02  9.109E+01   4.4742E-02  9.5526E-01
1.200E+02  9.185E+01   4.6201E-02  9.5380E-01
1.210E+02  9.262E+01   4.7690E-02  9.5231E-01
1.220E+02  9.338E+01   4.9210E-02  9.5079E-01
1.230E+02  9.415E+01   5.0760E-02  9.4924E-01
1.240E+02  9.491E+01   5.2341E-02  9.4766E-01
1.250E+02  9.568E+01   5.3953E-02  9.4605E-01
1.260E+02  9.645E+01   5.5596E-02  9.4440E-01
1.270E+02  9.721E+01   5.7271E-02  9.4273E-01
1.280E+02  9.798E+01   5.8977E-02  9.4102E-01
1.290E+02  9.874E+01   6.0714E-02  9.3929E-01
1.300E+02  9.951E+01   6.2483E-02  9.3752E-01
1.310E+02  1.003E+02   6.4283E-02  9.3572E-01
1.320E+02  1.010E+02   6.6116E-02  9.3388E-01
1.330E+02  1.018E+02   6.7980E-02  9.3202E-01
1.340E+02  1.026E+02   6.9878E-02  9.3012E-01
1.350E+02  1.033E+02   7.1808E-02  9.2819E-01
1.360E+02  1.041E+02   7.3770E-02  9.2623E-01
1.370E+02  1.049E+02   7.5766E-02  9.2423E-01
1.380E+02  1.056E+02   7.7794E-02  9.2221E-01
1.390E+02  1.064E+02   7.9854E-02  9.2015E-01
1.400E+02  1.072E+02   8.1947E-02  9.1805E-01
1.410E+02  1.079E+02   8.4073E-02  9.1593E-01
1.420E+02  1.087E+02   8.6232E-02  9.1377E-01
1.430E+02  1.095E+02   8.8425E-02  9.1158E-01
1.440E+02  1.102E+02   9.0651E-02  9.0935E-01
1.450E+02  1.110E+02   9.2910E-02  9.0709E-01
1.460E+02  1.118E+02   9.5203E-02  9.0480E-01
1.470E+02  1.125E+02   9.7530E-02  9.0247E-01
1.480E+02  1.133E+02   9.9890E-02  9.0011E-01
1.490E+02  1.141E+02   1.0228E-01  8.9772E-01
1.500E+02  1.148E+02   1.0471E-01  8.9529E-01
1.510E+02  1.156E+02   1.0717E-01  8.9283E-01
1.520E+02  1.163E+02   1.0966E-01  8.9034E-01
1.530E+02  1.171E+02   1.1219E-01  8.8781E-01
1.540E+02  1.179E+02   1.1475E-01  8.8525E-01
1.550E+02  1.186E+02   1.1734E-01  8.8266E-01
1.560E+02  1.194E+02   1.1997E-01  8.8003E-01
1.570E+02  1.202E+02   1.2263E-01  8.7737E-01
1.580E+02  1.209E+02   1.2533E-01  8.7467E-01
1.590E+02  1.217E+02   1.2805E-01  8.7195E-01
1.600E+02  1.225E+02   1.3082E-01  8.6918E-01
1.610E+02  1.232E+02   1.3361E-01  8.6639E-01
1.620E+02  1.240E+02   1.3644E-01  8.6356E-01
1.630E+02  1.248E+02   1.3930E-01  8.6070E-01
1.640E+02  1.255E+02   1.4219E-01  8.5781E-01
1.650E+02  1.263E+02   1.4512E-01  8.5488E-01
1.660E+02  1.271E+02   1.4809E-01  8.5191E-01
1.670E+02  1.278E+02   1.5108E-01  8.4892E-01
1.680E+02  1.286E+02   1.5411E-01  8.4589E-01
1.690E+02  1.294E+02   1.5717E-01  8.4283E-01
1.700E+02  1.301E+02   1.6026E-01  8.3974E-01
1.710E+02  1.309E+02   1.6338E-01  8.3662E-01
1.720E+02  1.317E+02   1.6653E-01  8.3347E-01
1.730E+02  1.324E+02   1.6972E-01  8.3028E-01
1.740E+02  1.332E+02   1.7293E-01  8.2707E-01
1.750E+02  1.340E+02   1.7618E-01  8.2382E-01
1.760E+02  1.347E+02   1.7946E-01  8.2054E-01
1.770E+02  1.355E+02   1.8278E-01  8.1722E-01
1.780E+02  1.362E+02   1.8612E-01  8.1388E-01
1.790E+02  1.370E+02   1.8949E-01  8.1051E-01
1.800E+02  1.378E+02   1.9290E-01  8.0710E-01
1.810E+02  1.385E+02   1.9633E-01  8.0367E-01
1.820E+02  1.393E+02   1.9980E-01  8.0020E-01
1.830E+02  1.401E+02   2.0329E-01  7.9671E-01
1.840E+02  1.408E+02   2.0682E-01  7.9318E-01
1.850E+02  1.416E+02   2.1037E-01  7.8963E-01
1.860E+02  1.424E+02   2.1396E-01  7.8604E-01
1.870E+02  1.431E+02   2.1758E-01  7.8242E-01
1.880E+02  1.439E+02   2.2122E-01  7.7878E-01
1.890E+02  1.447E+02   2.2489E-01  7.7511E-01
1.900E+02  1.454E+02   2.2859E-01  7.7141E-01
1.910E+02  1.462E+02   2.3231E-01  7.6769E-01
1.920E+02  1.470E+02   2.3606E-01  7.6394E-01
1.930E+02  1.477E+02   2.3984E-01  7.6016E-01
1.940E+02  1.485E+02   2.4365E-01  7.5635E-01
1.950E+02  1.493E+02   2.4748E-01  7.5252E-01
1.960E+02  1.500E+02   2.5134E-01  7.4866E-01
1.970E+02  1.508E+02   2.5523E-01  7.4477E-01
1.980E+02  1.516E+02   2.5914E-01  7.4086E-01
1.990E+02  1.523E+02   2.6308E-01  7.3692E-01
2.000E+02  1.531E+02   2.6704E-01  7.3296E-01
2.010E+02  1.539E+02   2.7102E-01  7.2898E-01
2.020E+02  1.546E+02   2.7503E-01  7.2497E-01
2.030E+02  1.554E+02   2.7906E-01  7.2094E-01
2.040E+02  1.562E+02   2.8311E-01  7.1689E-01
2.050E+02  1.569E+02   2.8719E-01  7.1281E-01
2.060E+02  1.577E+02   2.9129E-01  7.0871E-01
2.070E+02  1.584E+02   2.9542E-01  7.0458E-01
2.080E+02  1.592E+02   2.9956E-01  7.0044E-01
2.090E+02  1.600E+02   3.0372E-01  6.9628E-01
2.100E+02  1.607E+02   3.0790E-01  6.9210E-01
2.110E+02  1.615E+02   3.1211E-01  6.8789E-01
2.120E+02  1.623E+02   3.1633E-01  6.8367E-01
2.130E+02  1.630E+02   3.2057E-01  6.7943E-01
2.140E+02  1.638E+02   3.2483E-01  6.7517E-01
2.150E+02  1.646E+02   3.2911E-01  6.7089E-01
2.160E+02  1.653E+02   3.3341E-01  6.6659E-01
2.170E+02  1.661E+02   3.3772E-01  6.6228E-01
2.180E+02  1.669E+02   3.4205E-01  6.5795E-01
2.190E+02  1.676E+02   3.4640E-01  6.5360E-01
2.200E+02  1.684E+02   3.5076E-01  6.4924E-01
2.210E+02  1.692E+02   3.5514E-01  6.4486E-01
2.220E+02  1.699E+02   3.5953E-01  6.4047E-01
2.230E+02  1.707E+02   3.6393E-01  6.3607E-01
2.240E+02  1.715E+02   3.6835E-01  6.3165E-01
2.250E+02  1.722E+02   3.7279E-01  6.2721E-01
2.260E+02  1.730E+02   3.7723E-01  6.2277E-01
2.270E+02  1.738E+02   3.8169E-01  6.1831E-01
2.280E+02  1.745E+02   3.8616E-01  6.1384E-01
2.290E+02  1.753E+02   3.9064E-01  6.0936E-01
2.300E+02  1.761E+02   3.9512E-01  6.0488E-01
2.310E+02  1.768E+02   3.9962E-01  6.0038E-01
2.320E+02  1.776E+02   4.0413E-01  5.9587E-01
2.330E+02  1.783E+02   4.0864E-01  5.9136E-01
2.340E+02  1.791E+02   4.1317E-01  5.8683E-01
2.350E+02  1.799E+02   4.1770E-01  5.8230E-01
2.360E+02  1.806E+02   4.2223E-01  5.7777E-01
2.370E+02  1.814E+02   4.2678E-01  5.7322E-01
2.380E+02  1.822E+02   4.3133E-01  5.6867E-01
2.390E+02  1.829E+02   4.3588E-01  5.6412E-01
2.400E+02  1.837E+02   4.4044E-01  5.5956E-01
2.410E+02  1.845E+02   4.4500E-01  5.5500E-01
2.420E+02  1.852E+02   4.4956E-01  5.5044E-01
2.430E+02  1.860E+02   4.5413E-01  5.4587E-01
2.440E+02  1.868E+02   4.5870E-01  5.4130E-01
2.450E+02  1.875E+02   4.6327E-01  5.3673E-01
2.460E+02  1.883E+02   4.6785E-01  5.3215E-01
2.470E+02  1.891E+02   4.7242E-01  5.2758E-01
2.480E+02  1.898E+02   4.7699E-01  5.2301E-01
2.490E+02  1.906E+02   4.8156E-01  5.1844E-01
2.500E+02  1.914E+02   4.8613E-01  5.1387E-01
2.510E+02  1.921E+02   4.9070E-01  5.0930E-01
2.520E+02  1.929E+02   4.9527E-01  5.0473E-01
2.530E+02  1.937E+02   4.9983E-01  5.0017E-01
2.540E+02  1.944E+02   5.0439E-01  4.9561E-01
2.550E+02  1.952E+02   5.0894E-01  4.9106E-01
2.560E+02  1.960E+02   5.1349E-01  4.8651E-01
2.570E+02  1.967E+02   5.1804E-01  4.8196E-01
2.580E+02  1.975E+02   5.2258E-01  4.7742E-01
2.590E+02  1.982E+02   5.2711E-01  4.7289E-01
2.600E+02  1.990E+02   5.3164E-01  4.6836E-01
2.610E+02  1.998E+02   5.3615E-01  4.6385E-01
2.620E+02  2.005E+02   5.4066E-01  4.5934E-01
2.630E+02  2.013E+02   5.4516E-01  4.5484E-01
2.640E+02  2.021E+02   5.4965E-01  4.5035E-01
2.650E+02  2.028E+02   5.5413E-01  4.4587E-01
2.660E+02  2.036E+02   5.5860E-01  4.4140E-01
2.670E+02  2.044E+02   5.6306E-01  4.3694E-01
2.680E+02  2.051E+02   5.6751E-01  4.3249E-01
2.690E+02  2.059E+02   5.7195E-01  4.2805E-01
2.700E+02  2.067E+02   5.7637E-01  4.2363E-01
2.710E+02  2.074E+02   5.8079E-01  4.1921E-01
2.720E+02  2.082E+02   5.8519E-01  4.1481E-01
2.730E+02  2.090E+02   5.8957E-01  4.1043E-01
2.740E+02  2.097E+02   5.9394E-01  4.0606E-01
2.750E+02  2.105E+02   5.9830E-01  4.0170E-01
2.760E+02  2.113E+02   6.0264E-01  3.9736E-01
2.770E+02  2.120E+02   6.0697E-01  3.9303E-01
2.780E+02  2.128E+02   6.1128E-01  3.8872E-01
2.790E+02  2.136E+02   6.1557E-01  3.8443E-01
2.800E+02  2.143E+02   6.1985E-01  3.8015E-01
2.810E+02  2.151E+02   6.2410E-01  3.7590E-01
2.820E+02  2.159E+02   6.2834E-01  3.7166E-01
2.830E+02  2.166E+02   6.3256E-01  3.6744E-01
2.840E+02  2.174E+02   6.3676E-01  3.6324E-01
2.850E+02  2.182E+02   6.4095E-01  3.5905E-01
2.860E+02  2.189E+02   6.4511E-01  3.5489E-01
2.870E+02  2.197E+02   6.4925E-01  3.5075E-01
2.880E+02  2.204E+02   6.5337E-01  3.4663E-01
2.890E+02  2.212E+02   6.5747E-01  3.4253E-01
2.900E+02  2.220E+02   6.6155E-01  3.3845E-01
2.910E+02  2.227E+02   6.6561E-01  3.3439E-01
2.920E+02  2.235E+02   6.6964E-01  3.3036E-01
2.930E+02  2.243E+02   6.7366E-01  3.2634E-01
2.940E+02  2.250E+02   6.7764E-01  3.2236E-01
2.950E+02  2.258E+02   6.8161E-01  3.1839E-01
2.960E+02  2.266E+02   6.8555E-01  3.1445E-01
2.970E+02  2.273E+02   6.8947E-01  3.1053E-01
2.980E+02  2.281E+02   6.9336E-01  3.0664E-01
2.990E+02  2.289E+02   6.9723E-01  3.0277E-01
3.000E+02  2.296E+02   7.0108E-01  2.9892E-01
3.010E+02  2.304E+02   7.0490E-01  2.9510E-01
3.020E+02  2.312E+02   7.0869E-01  2.9131E-01
3.030E+02  2.319E+02   7.1246E-01  2.8754E-01
3.040E+02  2.327E+02   7.1620E-01  2.8380E-01
3.050E+02  2.335E+02   7.1992E-01  2.8008E-01
3.060E+02  2.342E+02   7.2361E-01  2.7639E-01
3.070E+02  2.350E+02   7.2727E-01  2.7273E-01
3.080E+02  2.358E+02   7.3090E-01  2.6910E-01
3.090E+02  2.365E+02   7.3451E-01  2.6549E-01
3.100E+02  2.373E+02   7.3809E-01  2.6191E-01
3.110E+02  2.381E+02   7.4164E-01  2.5836E-01
3.120E+02  2.388E+02   7.4516E-01  2.5484E-01
3.130E+02  2.396E+02   7.4866E-01  2.5134E-01
3.140E+02  2.403E+02   7.5213E-01  2.4787E-01
3.150E+02  2.411E+02   7.5556E-01  2.4444E-01
3.160E+02  2.419E+02   7.5897E-01  2.4103E-01
3.170E+02  2.426E+02   7.6235E-01  2.3765E-01
3.180E+02  2.434E+02   7.6570E-01  2.3430E-01
3.190E+02  2.442E+02   7.6903E-01  2.3097E-01
3.200E+02  2.449E+02   7.7232E-01  2.2768E-01
3.210E+02  2.457E+02   7.7558E-01  2.2442E-01
3.220E+02  2.465E+02   7.7882E-01  2.2118E-01
3.230E+02  2.472E+02   7.8202E-01  2.1798E-01
3.240E+02  2.480E+02   7.8520E-01  2.1480E-01
3.250E+02  2.488E+02   7.8834E-01  2.1166E-01
3.260E+02  2.495E+02   7.9145E-01  2.0855E-01
3.270E+02  2.503E+02   7.9453E-01  2.0547E-01
3.280E+02  2.511E+02   7.9759E-01  2.0241E-01
3.290E+02  2.518E+02   8.0061E-01  1.9939E-01
3.300E+02  2.526E+02   8.0360E-01  1.9640E-01
3.310E+02  2.534E+02   8.0657E-01  1.9343E-01
3.320E+02  2.541E+02   8.0950E-01  1.9050E-01
3.330E+02  2.549E+02   8.1241E-01  1.8759E-01
3.340E+02  2.557E+02   8.1528E-01  1.8472E-01
3.350E+02  2.564E+02   8.1812E-01  1.8188E-01
3.360E+02  2.572E+02   8.2094E-01  1.7906E-01
3.370E+02  2.580E+02   8.2372E-01  1.7628E-01
3.380E+02  2.587E+02   8.2647E-01  1.7353E-01
3.390E+02  2.595E+02   8.2919E-01  1.7081E-01
3.400E+02  2.603E+02   8.3188E-01  1.6812E-01
3.410E+02  2.610E+02   8.3454E-01  1.6546E-01
3.420E+02  2.618E+02   8.3717E-01  1.6283E-01
3.430E+02  2.625E+02   8.3976E-01  1.6024E-01
3.440E+02  2.633E+02   8.4233E-01  1.5767E-01
3.450E+02  2.641E+02   8.4486E-01  1.5514E-01
3.460E+02  2.648E+02   8.4737E-01  1.5263E-01
3.470E+02  2.656E+02   8.4984E-01  1.5016E-01
3.480E+02  2.664E+02   8.5228E-01  1.4772E-01
3.490E+02  2.671E+02   8.5470E-01  1.4530E-01
3.500E+02  2.679E+02   8.5708E-01  1.4292E-01
3.510E+02  2.687E+02   8.5944E-01  1.4056E-01
3.520E+02  2.694E+02   8.6177E-01  1.3823E-01
3.530E+02  2.702E+02   8.6406E-01  1.3594E-01
3.540E+02  2.710E+02   8.6633E-01  1.3367E-01
3.550E+02  2.717E+02   8.6856E-01  1.3144E-01
3.560E+02  2.725E+02   8.7077E-01  1.2923E-01
3.570E+02  2.733E+02   8.7295E-01  1.2705E-01
3.580E+02  2.740E+02   8.7510E-01  1.2490E-01
3.590E+02  2.748E+02   8.7722E-01  1.2278E-01
3.600E+02  2.756E+02   8.7932E-01  1.2068E-01
3.610E+02  2.763E+02   8.8139E-01  1.1861E-01
3.620E+02  2.771E+02   8.8343E-01  1.1657E-01
3.630E+02  2.779E+02   8.8544E-01  1.1456E-01
3.640E+02  2.786E+02   8.8742E-01  1.1258E-01
3.650E+02  2.794E+02   8.8938E-01  1.1062E-01
3.660E+02  2.802E+02   8.9131E-01  1.0869E-01
3.670E+02  2.809E+02   8.9322E-01  1.0678E-01
3.680E+02  2.817E+02   8.9509E-01  1.0491E-01
3.690E+02  2.824E+02   8.9694E-01  1.0306E-01
3.700E+02  2.832E+02   8.9876E-01  1.0124E-01
3.710E+02  2.840E+02   9.0056E-01  9.9441E-02
3.720E+02  2.847E+02   9.0233E-01  9.7673E-02
3.730E+02  2.855E+02   9.0407E-01  9.5932E-02
3.740E+02  2.863E+02   9.0578E-01  9.4218E-02
3.750E+02  2.870E+02   9.0747E-01  9.2530E-02
3.760E+02  2.878E+02   9.0913E-01  9.0868E-02
3.770E+02  2.886E+02   9.1077E-01  8.9233E-02
3.780E+02  2.893E+02   9.1238E-01  8.7621E-02
3.790E+02  2.901E+02   9.1397E-01  8.6030E-02
3.800E+02  2.909E+02   9.1554E-01  8.4464E-02
3.810E+02  2.916E+02   9.1708E-01  8.2921E-02
3.820E+02  2.924E+02   9.1860E-01  8.1402E-02
3.830E+02  2.932E+02   9.2009E-01  7.9906E-02
3.840E+02  2.939E+02   9.2157E-01  7.8433E-02
3.850E+02  2.947E+02   9.2302E-01  7.6983E-02
3.860E+02  2.955E+02   9.2445E-01  7.5555E-02
3.870E+02  2.962E+02   9.2585E-01  7.4149E-02
3.880E+02  2.970E+02   9.2726E-01  7.2742E-02
3.890E+02  2.978E+02   9.2861E-01  7.1391E-02
3.900E+02  2.985E+02   9.2994E-01  7.0060E-02
3.910E+02  2.993E+02   9.3125E-01  6.8751E-02
3.920E+02  3.001E+02   9.3254E-01  6.7463E-02
3.930E+02  3.008E+02   9.3380E-01  6.6195E-02
3.940E+02  3.016E+02   9.3505E-01  6.4949E-02
3.950E+02  3.023E+02   9.3628E-01  6.3723E-02
3.960E+02  3.031E+02   9.3748E-01  6.2518E-02
3.970E+02  3.039E+02   9.3867E-01  6.1334E-02
3.980E+02  3.046E+02   9.3983E-01  6.0165E-02
3.990E+02  3.054E+02   9.4099E-01  5.9012E-02
3.990E+02  3.054E+02   9.4099E-01  5.9012E-02
