 HCO3-       
 gmol/L
#TANK TIME(SEC) TIME(MIN) CONC
  1      0.      .0     .400E-02
  1    300.     5.0     .400E-02
  1    600.    10.0     .400E-02
  1    900.    15.0     .400E-02
  1   1200.    20.0     .400E-02
  1   1500.    25.0     .400E-02
  1   1800.    30.0     .400E-02
  1   2100.    35.0     .400E-02
  1   2400.    40.0     .400E-02
  1   2700.    45.0     .400E-02
  1   3000.    50.0     .400E-02
  1   3300.    55.0     .400E-02
  1   3600.    60.0     .400E-02
  1   3900.    65.0     .400E-02
  1   4200.    70.0     .400E-02
  1   4500.    75.0     .400E-02
  2      0.      .0     .000E+00
  2    300.     5.0     .400E-02
  2    600.    10.0     .400E-02
  2    900.    15.0     .400E-02
  2   1200.    20.0     .400E-02
  2   1500.    25.0     .400E-02
  2   1800.    30.0     .400E-02
  2   2100.    35.0     .400E-02
  2   2400.    40.0     .400E-02
  2   2700.    45.0     .400E-02
  2   3000.    50.0     .400E-02
  2   3300.    55.0     .400E-02
  2   3600.    60.0     .400E-02
  2   3900.    65.0     .400E-02
  2   4200.    70.0     .400E-02
  2   4500.    75.0     .400E-02
 END_OF_FILE
